#          k/h    CDM            baryon         photon         nu             mass_nu        total          no_nu          total_de       Weyl           v_CDM          v_b            v_b-v_c     
   0.104501E-04   0.198309E+08   0.198309E+08   0.264274E+08   0.264270E+08   0.000000E+00   0.198309E+08   0.198309E+08   0.198387E+08  -0.471824E+00   0.103990E+08   0.103990E+08   0.586132E+01
   0.127095E-04   0.198309E+08   0.198309E+08   0.264208E+08   0.264202E+08   0.000000E+00   0.198309E+08   0.198309E+08   0.198386E+08  -0.471824E+00   0.103990E+08   0.103990E+08   0.712807E+01
   0.154573E-04   0.198309E+08   0.198309E+08   0.264110E+08   0.264102E+08   0.000000E+00   0.198309E+08   0.198309E+08   0.198386E+08  -0.471823E+00   0.103990E+08   0.103990E+08   0.866832E+01
   0.187992E-04   0.198308E+08   0.198308E+08   0.263966E+08   0.263953E+08   0.000000E+00   0.198308E+08   0.198308E+08   0.198386E+08  -0.471823E+00   0.103990E+08   0.103990E+08   0.105409E+02
   0.228637E-04   0.198308E+08   0.198308E+08   0.263752E+08   0.263734E+08   0.000000E+00   0.198308E+08   0.198308E+08   0.198385E+08  -0.471821E+00   0.103989E+08   0.103989E+08   0.128171E+02
   0.278068E-04   0.198307E+08   0.198307E+08   0.263436E+08   0.263409E+08   0.000000E+00   0.198307E+08   0.198307E+08   0.198385E+08  -0.471819E+00   0.103989E+08   0.103989E+08   0.155832E+02
   0.338188E-04   0.198306E+08   0.198306E+08   0.262969E+08   0.262929E+08   0.000000E+00   0.198306E+08   0.198306E+08   0.198384E+08  -0.471817E+00   0.103989E+08   0.103988E+08   0.189433E+02
   0.411305E-04   0.198305E+08   0.198305E+08   0.262280E+08   0.262221E+08   0.000000E+00   0.198305E+08   0.198305E+08   0.198382E+08  -0.471812E+00   0.103988E+08   0.103988E+08   0.230228E+02
   0.500230E-04   0.198303E+08   0.198303E+08   0.261263E+08   0.261177E+08   0.000000E+00   0.198303E+08   0.198303E+08   0.198380E+08  -0.471806E+00   0.103987E+08   0.103987E+08   0.279714E+02
   0.608381E-04   0.198300E+08   0.198300E+08   0.259767E+08   0.259640E+08   0.000000E+00   0.198300E+08   0.198300E+08   0.198376E+08  -0.471797E+00   0.103985E+08   0.103985E+08   0.339668E+02
   0.739915E-04   0.198296E+08   0.198295E+08   0.257568E+08   0.257381E+08   0.000000E+00   0.198296E+08   0.198296E+08   0.198371E+08  -0.471784E+00   0.103983E+08   0.103983E+08   0.412171E+02
   0.899887E-04   0.198289E+08   0.198289E+08   0.254346E+08   0.254073E+08   0.000000E+00   0.198289E+08   0.198289E+08   0.198364E+08  -0.471765E+00   0.103979E+08   0.103979E+08   0.499609E+02
   0.109444E-03   0.198280E+08   0.198279E+08   0.249649E+08   0.249252E+08   0.000000E+00   0.198280E+08   0.198280E+08   0.198353E+08  -0.471736E+00   0.103974E+08   0.103974E+08   0.604633E+02
   0.133107E-03   0.198266E+08   0.198265E+08   0.242848E+08   0.242273E+08   0.000000E+00   0.198266E+08   0.198266E+08   0.198337E+08  -0.471694E+00   0.103967E+08   0.103967E+08   0.730017E+02
   0.161885E-03   0.198245E+08   0.198244E+08   0.233100E+08   0.232278E+08   0.000000E+00   0.198245E+08   0.198245E+08   0.198313E+08  -0.471631E+00   0.103956E+08   0.103955E+08   0.878370E+02
   0.196885E-03   0.198215E+08   0.198213E+08   0.219344E+08   0.218187E+08   0.000000E+00   0.198214E+08   0.198214E+08   0.198279E+08  -0.471541E+00   0.103940E+08   0.103939E+08   0.105155E+03
   0.239452E-03   0.198170E+08   0.198167E+08   0.200370E+08   0.198781E+08   0.000000E+00   0.198170E+08   0.198170E+08   0.198228E+08  -0.471409E+00   0.103916E+08   0.103915E+08   0.124964E+03
   0.291222E-03   0.198105E+08   0.198101E+08   0.175089E+08   0.172986E+08   0.000000E+00   0.198104E+08   0.198104E+08   0.198155E+08  -0.471219E+00   0.103881E+08   0.103880E+08   0.146932E+03
   0.354185E-03   0.198010E+08   0.198004E+08   0.143125E+08   0.140497E+08   0.000000E+00   0.198010E+08   0.198010E+08   0.198051E+08  -0.470948E+00   0.103831E+08   0.103829E+08   0.170153E+03
   0.430761E-03   0.197874E+08   0.197865E+08   0.105847E+08   0.102842E+08   0.000000E+00   0.197873E+08   0.197873E+08   0.197904E+08  -0.470567E+00   0.103758E+08   0.103755E+08   0.192878E+03
   0.523892E-03   0.197680E+08   0.197668E+08   0.675524E+07   0.645835E+07   0.000000E+00   0.197678E+08   0.197678E+08   0.197698E+08  -0.470041E+00   0.103654E+08   0.103651E+08   0.212344E+03
   0.637159E-03   0.197408E+08   0.197391E+08   0.355552E+07   0.332986E+07   0.000000E+00   0.197405E+08   0.197405E+08   0.197415E+08  -0.469328E+00   0.103508E+08   0.103504E+08   0.225011E+03
   0.774915E-03   0.197030E+08   0.197008E+08   0.167721E+07   0.158427E+07   0.000000E+00   0.197027E+08   0.197027E+08   0.197032E+08  -0.468378E+00   0.103307E+08   0.103302E+08   0.227532E+03
   0.942454E-03   0.196517E+08   0.196489E+08   0.105472E+07   0.108379E+07   0.000000E+00   0.196512E+08   0.196512E+08   0.196516E+08  -0.467124E+00   0.103034E+08   0.103028E+08   0.218340E+03
   0.114621E-02   0.195828E+08   0.195796E+08   0.714772E+06   0.768131E+06   0.000000E+00   0.195823E+08   0.195823E+08   0.195825E+08  -0.465470E+00   0.102670E+08   0.102664E+08   0.198553E+03
   0.139403E-02   0.194917E+08   0.194882E+08   0.255380E+06   0.283404E+06   0.000000E+00   0.194912E+08   0.194912E+08   0.194913E+08  -0.463292E+00   0.102191E+08   0.102184E+08   0.171076E+03
   0.169542E-02   0.193726E+08   0.193689E+08   0.148031E+06  -0.168798E+06   0.000000E+00   0.193720E+08   0.193720E+08   0.193720E+08  -0.460450E+00   0.101565E+08   0.101558E+08   0.140084E+03
   0.206198E-02   0.192184E+08   0.192147E+08   0.260609E+04  -0.113191E+06   0.000000E+00   0.192178E+08   0.192178E+08   0.192178E+08  -0.456781E+00   0.100755E+08   0.100749E+08   0.111309E+03
   0.250778E-02   0.190212E+08   0.190174E+08   0.876017E+04  -0.757300E+05   0.000000E+00   0.190206E+08   0.190206E+08   0.190206E+08  -0.452091E+00   0.997206E+07   0.997139E+07   0.889083E+02
   0.304997E-02   0.187718E+08   0.187677E+08   0.240027E+04  -0.505230E+05   0.000000E+00   0.187712E+08   0.187712E+08   0.187712E+08  -0.446160E+00   0.984124E+07   0.984057E+07   0.729040E+02
   0.370939E-02   0.184603E+08   0.184557E+08  -0.169036E+05  -0.335881E+05   0.000000E+00   0.184596E+08   0.184596E+08   0.184596E+08  -0.438754E+00   0.967786E+07   0.967719E+07   0.598453E+02
   0.451137E-02   0.180761E+08   0.180710E+08  -0.135723E+05  -0.222342E+05   0.000000E+00   0.180753E+08   0.180753E+08   0.180753E+08  -0.429620E+00   0.947638E+07   0.947572E+07   0.484823E+02
   0.548674E-02   0.176083E+08   0.176021E+08  -0.121024E+05  -0.146422E+05   0.000000E+00   0.176073E+08   0.176073E+08   0.176073E+08  -0.418495E+00   0.923099E+07   0.923034E+07   0.396509E+02
   0.667298E-02   0.170455E+08   0.170380E+08  -0.102647E+05  -0.958241E+04   0.000000E+00   0.170443E+08   0.170443E+08   0.170443E+08  -0.405114E+00   0.893582E+07   0.893518E+07   0.322262E+02
   0.811570E-02   0.163765E+08   0.163671E+08  -0.635285E+04  -0.622391E+04   0.000000E+00   0.163751E+08   0.163751E+08   0.163751E+08  -0.389207E+00   0.858496E+07   0.858432E+07   0.262311E+02
   0.987034E-02   0.155921E+08   0.155800E+08   0.173798E+04  -0.400608E+04   0.000000E+00   0.155902E+08   0.155902E+08   0.155902E+08  -0.370552E+00   0.817347E+07   0.817284E+07   0.214663E+02
   0.120043E-01   0.146781E+08   0.146622E+08  -0.212043E+04  -0.254948E+04   0.000000E+00   0.146756E+08   0.146756E+08   0.146756E+08  -0.348813E+00   0.769398E+07   0.769335E+07   0.176494E+02
   0.145997E-01   0.136323E+08   0.136115E+08   0.361989E+03  -0.160071E+04   0.000000E+00   0.136291E+08   0.136291E+08   0.136291E+08  -0.323939E+00   0.714531E+07   0.714467E+07   0.146296E+02
   0.177562E-01   0.124412E+08   0.124143E+08  -0.115609E+04  -0.987544E+03   0.000000E+00   0.124371E+08   0.124371E+08   0.124371E+08  -0.295607E+00   0.652038E+07   0.651974E+07   0.121951E+02
   0.215952E-01   0.111182E+08   0.110841E+08  -0.737693E+02  -0.596574E+03   0.000000E+00   0.111129E+08   0.111129E+08   0.111129E+08  -0.264135E+00   0.582620E+07   0.582554E+07   0.101882E+02
   0.259142E-01   0.978733E+07   0.974655E+07   0.223267E+02  -0.364642E+03   0.000000E+00   0.978102E+07   0.978102E+07   0.978102E+07  -0.232477E+00   0.512792E+07   0.512726E+07   0.852654E+01
   0.302332E-01   0.862869E+07   0.858358E+07  -0.705587E+02  -0.236152E+03   0.000000E+00   0.862171E+07   0.862171E+07   0.862171E+07  -0.204923E+00   0.452014E+07   0.451949E+07   0.717083E+01
   0.345522E-01   0.764399E+07   0.759727E+07  -0.252275E+02  -0.160151E+03   0.000000E+00   0.763676E+07   0.763676E+07   0.763676E+07  -0.181512E+00   0.400377E+07   0.400315E+07   0.598130E+01
   0.388713E-01   0.682810E+07   0.678251E+07  -0.193402E+02  -0.113024E+03   0.000000E+00   0.682105E+07   0.682105E+07   0.682105E+07  -0.162124E+00   0.357611E+07   0.357554E+07   0.491082E+01
   0.431903E-01   0.616743E+07   0.612528E+07  -0.181961E+02  -0.826888E+02   0.000000E+00   0.616091E+07   0.616091E+07   0.616091E+07  -0.146434E+00   0.323001E+07   0.322950E+07   0.395427E+01
   0.475093E-01   0.563897E+07   0.560189E+07   0.124663E+03  -0.624841E+02   0.000000E+00   0.563324E+07   0.563324E+07   0.563324E+07  -0.133892E+00   0.295336E+07   0.295292E+07   0.312223E+01
   0.518284E-01   0.522256E+07   0.519134E+07   0.970272E+02  -0.486304E+02   0.000000E+00   0.521773E+07   0.521773E+07   0.521773E+07  -0.124016E+00   0.273552E+07   0.273514E+07   0.242790E+01
   0.561474E-01   0.488319E+07   0.485778E+07   0.773132E+02  -0.387478E+02   0.000000E+00   0.487926E+07   0.487926E+07   0.487926E+07  -0.115971E+00   0.255806E+07   0.255774E+07   0.187606E+01
   0.604664E-01   0.459661E+07   0.457626E+07   0.627600E+02  -0.314526E+02   0.000000E+00   0.459346E+07   0.459346E+07   0.459346E+07  -0.109178E+00   0.240822E+07   0.240796E+07   0.146337E+01
   0.647855E-01   0.433952E+07   0.432300E+07   0.516191E+02  -0.258684E+02   0.000000E+00   0.433697E+07   0.433697E+07   0.433697E+07  -0.103082E+00   0.227374E+07   0.227352E+07   0.117613E+01
   0.691045E-01   0.409604E+07   0.408191E+07   0.428256E+02  -0.214613E+02   0.000000E+00   0.409385E+07   0.409385E+07   0.409385E+07  -0.973036E-01   0.214629E+07   0.214608E+07   0.993351E+00
   0.734235E-01   0.385669E+07   0.384355E+07   0.357189E+02  -0.178999E+02   0.000000E+00   0.385466E+07   0.385466E+07   0.385466E+07  -0.916183E-01   0.202088E+07   0.202069E+07   0.889542E+00
   0.777425E-01   0.361891E+07   0.360564E+07   0.298945E+02  -0.149814E+02   0.000000E+00   0.361686E+07   0.361686E+07   0.361686E+07  -0.859662E-01   0.189621E+07   0.189602E+07   0.838195E+00
   0.820616E-01   0.338484E+07   0.337070E+07   0.250926E+02  -0.125754E+02   0.000000E+00   0.338265E+07   0.338265E+07   0.338265E+07  -0.803995E-01   0.177343E+07   0.177323E+07   0.814808E+00
   0.863806E-01   0.316005E+07   0.314477E+07   0.211395E+02  -0.105947E+02   0.000000E+00   0.315769E+07   0.315769E+07   0.315769E+07  -0.750526E-01   0.165549E+07   0.165528E+07   0.799376E+00
   0.906996E-01   0.295047E+07   0.293417E+07   0.179002E+02  -0.897160E+01   0.000000E+00   0.294795E+07   0.294795E+07   0.294795E+07  -0.700675E-01   0.154553E+07   0.154532E+07   0.777767E+00
   0.960627E-01   0.271924E+07   0.270231E+07   0.147047E+02  -0.737033E+01   0.000000E+00   0.271662E+07   0.271662E+07   0.271662E+07  -0.645692E-01   0.142425E+07   0.142404E+07   0.731169E+00
   0.101426E+00   0.252655E+07   0.250999E+07   0.122553E+02  -0.614272E+01   0.000000E+00   0.252399E+07   0.252399E+07   0.252399E+07  -0.599907E-01   0.132326E+07   0.132306E+07   0.660693E+00
   0.106789E+00   0.237337E+07   0.235812E+07   0.103853E+02  -0.520534E+01   0.000000E+00   0.237101E+07   0.237101E+07   0.237101E+07  -0.563547E-01   0.124306E+07   0.124288E+07   0.573367E+00
   0.112152E+00   0.225324E+07   0.223994E+07   0.894015E+01  -0.448083E+01   0.000000E+00   0.225118E+07   0.225118E+07   0.225118E+07  -0.535066E-01   0.118024E+07   0.118007E+07   0.481061E+00
   0.117515E+00   0.215509E+07   0.214396E+07   0.778916E+01  -0.390377E+01   0.000000E+00   0.215337E+07   0.215337E+07   0.215337E+07  -0.511817E-01   0.112895E+07   0.112881E+07   0.395976E+00
   0.122878E+00   0.206767E+07   0.205847E+07   0.683602E+01  -0.342593E+01   0.000000E+00   0.206625E+07   0.206625E+07   0.206625E+07  -0.491110E-01   0.108328E+07   0.108315E+07   0.327294E+00
   0.128241E+00   0.198210E+07   0.197427E+07   0.601703E+01  -0.301540E+01   0.000000E+00   0.198089E+07   0.198089E+07   0.198089E+07  -0.470822E-01   0.103852E+07   0.103842E+07   0.279334E+00
   0.133604E+00   0.189288E+07   0.188574E+07   0.529429E+01  -0.265319E+01   0.000000E+00   0.189178E+07   0.189178E+07   0.189178E+07  -0.449642E-01   0.991804E+06   0.991703E+06   0.251365E+00
   0.138967E+00   0.179861E+07   0.179153E+07   0.464966E+01  -0.233017E+01   0.000000E+00   0.179751E+07   0.179751E+07   0.179751E+07  -0.427236E-01   0.942383E+06   0.942284E+06   0.238810E+00
   0.144330E+00   0.170159E+07   0.169415E+07   0.407768E+01  -0.204358E+01   0.000000E+00   0.170044E+07   0.170044E+07   0.170044E+07  -0.404165E-01   0.891494E+06   0.891392E+06   0.235140E+00
   0.149694E+00   0.160615E+07   0.159819E+07   0.357772E+01  -0.179308E+01   0.000000E+00   0.160492E+07   0.160492E+07   0.160492E+07  -0.381461E-01   0.841416E+06   0.841311E+06   0.233789E+00
   0.155057E+00   0.151690E+07   0.150851E+07   0.314887E+01  -0.157820E+01   0.000000E+00   0.151560E+07   0.151560E+07   0.151560E+07  -0.360231E-01   0.794589E+06   0.794482E+06   0.229680E+00
   0.160420E+00   0.143780E+07   0.142928E+07   0.278823E+01  -0.139749E+01   0.000000E+00   0.143648E+07   0.143648E+07   0.143648E+07  -0.341426E-01   0.753109E+06   0.753003E+06   0.220087E+00
   0.165783E+00   0.137117E+07   0.136288E+07   0.248971E+01  -0.124787E+01   0.000000E+00   0.136988E+07   0.136988E+07   0.136988E+07  -0.325597E-01   0.718195E+06   0.718093E+06   0.204723E+00
   0.171146E+00   0.131668E+07   0.130894E+07   0.224336E+01  -0.112438E+01   0.000000E+00   0.131548E+07   0.131548E+07   0.131548E+07  -0.312667E-01   0.689673E+06   0.689578E+06   0.185194E+00
   0.176509E+00   0.127163E+07   0.126465E+07   0.203710E+01  -0.102098E+01   0.000000E+00   0.127055E+07   0.127055E+07   0.127055E+07  -0.301987E-01   0.666116E+06   0.666029E+06   0.164125E+00
   0.181872E+00   0.123235E+07   0.122617E+07   0.185963E+01  -0.932004E+00   0.000000E+00   0.123140E+07   0.123140E+07   0.123140E+07  -0.292681E-01   0.645588E+06   0.645509E+06   0.144269E+00
   0.187235E+00   0.119542E+07   0.118994E+07   0.170217E+01  -0.853067E+00   0.000000E+00   0.119457E+07   0.119457E+07   0.119457E+07  -0.283927E-01   0.626278E+06   0.626207E+06   0.127768E+00
   0.192598E+00   0.115808E+07   0.115310E+07   0.155853E+01  -0.781068E+00   0.000000E+00   0.115731E+07   0.115731E+07   0.115731E+07  -0.275072E-01   0.606744E+06   0.606677E+06   0.115719E+00
   0.197961E+00   0.111865E+07   0.111393E+07   0.142503E+01  -0.714160E+00   0.000000E+00   0.111792E+07   0.111792E+07   0.111792E+07  -0.265711E-01   0.586096E+06   0.586031E+06   0.108082E+00
   0.203324E+00   0.107692E+07   0.107224E+07   0.130042E+01  -0.651716E+00   0.000000E+00   0.107620E+07   0.107620E+07   0.107620E+07  -0.255793E-01   0.564219E+06   0.564156E+06   0.103920E+00
   0.208687E+00   0.103403E+07   0.102925E+07   0.118521E+01  -0.593990E+00   0.000000E+00   0.103329E+07   0.103329E+07   0.103329E+07  -0.245595E-01   0.541726E+06   0.541662E+06   0.101794E+00
   0.214050E+00   0.991810E+06   0.986880E+06   0.108049E+01  -0.541520E+00   0.000000E+00   0.991047E+06   0.991047E+06   0.991047E+06  -0.235554E-01   0.519579E+06   0.519514E+06   0.100208E+00
   0.219414E+00   0.952029E+06   0.946990E+06   0.987011E+00  -0.494679E+00   0.000000E+00   0.951250E+06   0.951250E+06   0.951250E+06  -0.226095E-01   0.498714E+06   0.498650E+06   0.979659E-01
   0.224777E+00   0.916018E+06   0.910972E+06   0.904863E+00  -0.453513E+00   0.000000E+00   0.915238E+06   0.915238E+06   0.915238E+06  -0.217536E-01   0.479835E+06   0.479771E+06   0.943931E-01
   0.230140E+00   0.884429E+06   0.879502E+06   0.833405E+00  -0.417699E+00   0.000000E+00   0.883666E+06   0.883666E+06   0.883666E+06  -0.210032E-01   0.463283E+06   0.463221E+06   0.893834E-01
   0.235503E+00   0.857125E+06   0.852431E+06   0.771324E+00  -0.386581E+00   0.000000E+00   0.856399E+06   0.856399E+06   0.856399E+06  -0.203551E-01   0.448987E+06   0.448928E+06   0.833013E-01
   0.240866E+00   0.833306E+06   0.828916E+06   0.716896E+00  -0.359297E+00   0.000000E+00   0.832627E+06   0.832627E+06   0.832627E+06  -0.197900E-01   0.436523E+06   0.436468E+06   0.767878E-01
   0.246229E+00   0.811786E+06   0.807720E+06   0.668324E+00  -0.334949E+00   0.000000E+00   0.811157E+06   0.811157E+06   0.811157E+06  -0.192798E-01   0.425267E+06   0.425215E+06   0.705395E-01
   0.251592E+00   0.791291E+06   0.787513E+06   0.624001E+00  -0.312731E+00   0.000000E+00   0.790706E+06   0.790706E+06   0.790706E+06  -0.187937E-01   0.414545E+06   0.414496E+06   0.651173E-01
   0.256955E+00   0.770737E+06   0.767178E+06   0.582703E+00  -0.292031E+00   0.000000E+00   0.770187E+06   0.770187E+06   0.770187E+06  -0.183060E-01   0.403787E+06   0.403740E+06   0.608308E-01
   0.262318E+00   0.749528E+06   0.746103E+06   0.543739E+00  -0.272503E+00   0.000000E+00   0.748998E+06   0.748998E+06   0.748998E+06  -0.178023E-01   0.392679E+06   0.392633E+06   0.577107E-01
   0.267681E+00   0.727657E+06   0.724288E+06   0.506926E+00  -0.254055E+00   0.000000E+00   0.727136E+06   0.727136E+06   0.727136E+06  -0.172827E-01   0.381217E+06   0.381172E+06   0.555530E-01
   0.273044E+00   0.705540E+06   0.702176E+06   0.472387E+00  -0.236747E+00   0.000000E+00   0.705020E+06   0.705020E+06   0.705020E+06  -0.167571E-01   0.369622E+06   0.369578E+06   0.540079E-01
   0.278407E+00   0.683755E+06   0.680373E+06   0.440318E+00  -0.220678E+00   0.000000E+00   0.683232E+06   0.683232E+06   0.683232E+06  -0.162392E-01   0.358200E+06   0.358156E+06   0.526876E-01
   0.283771E+00   0.662885E+06   0.659497E+06   0.410883E+00  -0.205927E+00   0.000000E+00   0.662361E+06   0.662361E+06   0.662361E+06  -0.157431E-01   0.347258E+06   0.347214E+06   0.512659E-01
   0.289134E+00   0.643442E+06   0.640078E+06   0.384164E+00  -0.192538E+00   0.000000E+00   0.642922E+06   0.642922E+06   0.642922E+06  -0.152811E-01   0.337066E+06   0.337023E+06   0.495444E-01
   0.294497E+00   0.625727E+06   0.622431E+06   0.360102E+00  -0.180478E+00   0.000000E+00   0.625217E+06   0.625217E+06   0.625217E+06  -0.148603E-01   0.327784E+06   0.327743E+06   0.474715E-01
   0.299860E+00   0.609726E+06   0.606537E+06   0.338457E+00  -0.169630E+00   0.000000E+00   0.609233E+06   0.609233E+06   0.609233E+06  -0.144804E-01   0.319404E+06   0.319364E+06   0.451213E-01
   0.305223E+00   0.595145E+06   0.592089E+06   0.318861E+00  -0.159807E+00   0.000000E+00   0.594672E+06   0.594672E+06   0.594672E+06  -0.141343E-01   0.311770E+06   0.311731E+06   0.426495E-01
   0.310586E+00   0.581564E+06   0.578649E+06   0.300924E+00  -0.150816E+00   0.000000E+00   0.581113E+06   0.581113E+06   0.581113E+06  -0.138120E-01   0.304661E+06   0.304624E+06   0.402389E-01
   0.315949E+00   0.568561E+06   0.565778E+06   0.284299E+00  -0.142483E+00   0.000000E+00   0.568130E+06   0.568130E+06   0.568130E+06  -0.135034E-01   0.297855E+06   0.297819E+06   0.380483E-01
   0.321312E+00   0.555773E+06   0.553098E+06   0.268709E+00  -0.134670E+00   0.000000E+00   0.555359E+06   0.555359E+06   0.555359E+06  -0.131999E-01   0.291159E+06   0.291124E+06   0.361755E-01
   0.326675E+00   0.542953E+06   0.540359E+06   0.253964E+00  -0.127279E+00   0.000000E+00   0.542552E+06   0.542552E+06   0.542552E+06  -0.128955E-01   0.284445E+06   0.284411E+06   0.346437E-01
   0.332038E+00   0.530034E+06   0.527491E+06   0.239976E+00  -0.120269E+00   0.000000E+00   0.529640E+06   0.529640E+06   0.529640E+06  -0.125886E-01   0.277676E+06   0.277642E+06   0.334104E-01
   0.337401E+00   0.517121E+06   0.514609E+06   0.226743E+00  -0.113638E+00   0.000000E+00   0.516732E+06   0.516732E+06   0.516732E+06  -0.122818E-01   0.270908E+06   0.270876E+06   0.323886E-01
   0.342764E+00   0.504416E+06   0.501925E+06   0.214302E+00  -0.107403E+00   0.000000E+00   0.504030E+06   0.504030E+06   0.504030E+06  -0.119799E-01   0.264249E+06   0.264217E+06   0.314746E-01
   0.348127E+00   0.492131E+06   0.489662E+06   0.202687E+00  -0.101582E+00   0.000000E+00   0.491749E+06   0.491749E+06   0.491749E+06  -0.116880E-01   0.257810E+06   0.257778E+06   0.305742E-01
   0.353491E+00   0.480439E+06   0.478000E+06   0.191911E+00  -0.961821E-01   0.000000E+00   0.480062E+06   0.480062E+06   0.480062E+06  -0.114102E-01   0.251683E+06   0.251652E+06   0.296233E-01
   0.358854E+00   0.469447E+06   0.467052E+06   0.181956E+00  -0.911931E-01   0.000000E+00   0.469077E+06   0.469077E+06   0.469077E+06  -0.111491E-01   0.245924E+06   0.245893E+06   0.285965E-01
   0.364217E+00   0.459170E+06   0.456830E+06   0.172770E+00  -0.865893E-01   0.000000E+00   0.458808E+06   0.458808E+06   0.458808E+06  -0.109050E-01   0.240540E+06   0.240510E+06   0.275045E-01
   0.369580E+00   0.449527E+06   0.447253E+06   0.164270E+00  -0.823288E-01   0.000000E+00   0.449175E+06   0.449175E+06   0.449175E+06  -0.106761E-01   0.235490E+06   0.235461E+06   0.263838E-01
   0.374943E+00   0.440383E+06   0.438179E+06   0.156359E+00  -0.783638E-01   0.000000E+00   0.440042E+06   0.440042E+06   0.440042E+06  -0.104590E-01   0.230702E+06   0.230673E+06   0.252821E-01
   0.380306E+00   0.431591E+06   0.429455E+06   0.148948E+00  -0.746492E-01   0.000000E+00   0.431261E+06   0.431261E+06   0.431261E+06  -0.102503E-01   0.226098E+06   0.226071E+06   0.242449E-01
   0.385669E+00   0.423025E+06   0.420949E+06   0.141961E+00  -0.711472E-01   0.000000E+00   0.422704E+06   0.422704E+06   0.422704E+06  -0.100469E-01   0.221612E+06   0.221585E+06   0.233038E-01
   0.391032E+00   0.414586E+06   0.412560E+06   0.135339E+00  -0.678284E-01   0.000000E+00   0.414272E+06   0.414272E+06   0.414272E+06  -0.984651E-02   0.217191E+06   0.217165E+06   0.224711E-01
   0.396395E+00   0.406220E+06   0.404235E+06   0.129044E+00  -0.646736E-01   0.000000E+00   0.405913E+06   0.405913E+06   0.405913E+06  -0.964783E-02   0.212809E+06   0.212783E+06   0.217395E-01
   0.401758E+00   0.397942E+06   0.395989E+06   0.123061E+00  -0.616753E-01   0.000000E+00   0.397640E+06   0.397640E+06   0.397640E+06  -0.945119E-02   0.208472E+06   0.208446E+06   0.210878E-01
   0.407121E+00   0.389815E+06   0.387888E+06   0.117392E+00  -0.588342E-01   0.000000E+00   0.389517E+06   0.389517E+06   0.389517E+06  -0.925811E-02   0.204213E+06   0.204188E+06   0.204883E-01
   0.412484E+00   0.381911E+06   0.380010E+06   0.112040E+00  -0.561518E-01   0.000000E+00   0.381616E+06   0.381616E+06   0.381616E+06  -0.907034E-02   0.200071E+06   0.200046E+06   0.199135E-01
   0.417848E+00   0.374281E+06   0.372408E+06   0.107000E+00  -0.536263E-01   0.000000E+00   0.373992E+06   0.373992E+06   0.373992E+06  -0.888911E-02   0.196073E+06   0.196049E+06   0.193419E-01
   0.423211E+00   0.366958E+06   0.365115E+06   0.102265E+00  -0.512528E-01   0.000000E+00   0.366673E+06   0.366673E+06   0.366673E+06  -0.871516E-02   0.192237E+06   0.192213E+06   0.187619E-01
   0.428574E+00   0.359958E+06   0.358150E+06   0.978189E-01  -0.490248E-01   0.000000E+00   0.359679E+06   0.359679E+06   0.359679E+06  -0.854892E-02   0.188570E+06   0.188546E+06   0.181729E-01
   0.433937E+00   0.353275E+06   0.351505E+06   0.936447E-01  -0.469327E-01   0.000000E+00   0.353002E+06   0.353002E+06   0.353002E+06  -0.839021E-02   0.185069E+06   0.185046E+06   0.175823E-01
   0.439300E+00   0.346866E+06   0.345134E+06   0.897147E-01  -0.449631E-01   0.000000E+00   0.346598E+06   0.346598E+06   0.346598E+06  -0.823801E-02   0.181712E+06   0.181689E+06   0.170020E-01
   0.444663E+00   0.340668E+06   0.338975E+06   0.859993E-01  -0.431009E-01   0.000000E+00   0.340406E+06   0.340406E+06   0.340406E+06  -0.809083E-02   0.178465E+06   0.178443E+06   0.164443E-01
   0.450026E+00   0.334632E+06   0.332976E+06   0.824746E-01  -0.413344E-01   0.000000E+00   0.334376E+06   0.334376E+06   0.334376E+06  -0.794752E-02   0.175304E+06   0.175283E+06   0.159191E-01
   0.455389E+00   0.328732E+06   0.327110E+06   0.791235E-01  -0.396549E-01   0.000000E+00   0.328481E+06   0.328481E+06   0.328481E+06  -0.780740E-02   0.172214E+06   0.172192E+06   0.154319E-01
   0.460752E+00   0.322946E+06   0.321354E+06   0.759320E-01  -0.380553E-01   0.000000E+00   0.322700E+06   0.322700E+06   0.322700E+06  -0.767000E-02   0.169183E+06   0.169162E+06   0.149824E-01
   0.466115E+00   0.317259E+06   0.315693E+06   0.728881E-01  -0.365298E-01   0.000000E+00   0.317017E+06   0.317017E+06   0.317017E+06  -0.753493E-02   0.166203E+06   0.166183E+06   0.145657E-01
   0.471478E+00   0.311676E+06   0.310134E+06   0.699854E-01  -0.350751E-01   0.000000E+00   0.311437E+06   0.311437E+06   0.311437E+06  -0.740231E-02   0.163278E+06   0.163258E+06   0.141742E-01
   0.476841E+00   0.306222E+06   0.304702E+06   0.672226E-01  -0.336905E-01   0.000000E+00   0.305987E+06   0.305987E+06   0.305987E+06  -0.727277E-02   0.160421E+06   0.160401E+06   0.138001E-01
   0.482204E+00   0.300924E+06   0.299426E+06   0.645981E-01  -0.323751E-01   0.000000E+00   0.300692E+06   0.300692E+06   0.300692E+06  -0.714691E-02   0.157645E+06   0.157625E+06   0.134364E-01
   0.487568E+00   0.295789E+06   0.294314E+06   0.621065E-01  -0.311264E-01   0.000000E+00   0.295561E+06   0.295561E+06   0.295561E+06  -0.702495E-02   0.154954E+06   0.154935E+06   0.130785E-01
   0.492931E+00   0.290817E+06   0.289366E+06   0.597409E-01  -0.299409E-01   0.000000E+00   0.290592E+06   0.290592E+06   0.290592E+06  -0.690686E-02   0.152350E+06   0.152331E+06   0.127244E-01
   0.498294E+00   0.286006E+06   0.284580E+06   0.574948E-01  -0.288151E-01   0.000000E+00   0.285785E+06   0.285785E+06   0.285785E+06  -0.679260E-02   0.149829E+06   0.149811E+06   0.123749E-01
   0.503657E+00   0.281351E+06   0.279950E+06   0.553611E-01  -0.277458E-01   0.000000E+00   0.281135E+06   0.281135E+06   0.281135E+06  -0.668207E-02   0.147391E+06   0.147373E+06   0.120329E-01
   0.509020E+00   0.276836E+06   0.275459E+06   0.533308E-01  -0.267282E-01   0.000000E+00   0.276623E+06   0.276623E+06   0.276623E+06  -0.657482E-02   0.145026E+06   0.145008E+06   0.117013E-01
   0.514383E+00   0.272435E+06   0.271083E+06   0.513944E-01  -0.257577E-01   0.000000E+00   0.272226E+06   0.272226E+06   0.272226E+06  -0.647032E-02   0.142720E+06   0.142703E+06   0.113831E-01
   0.519746E+00   0.268133E+06   0.266804E+06   0.495445E-01  -0.248306E-01   0.000000E+00   0.267928E+06   0.267928E+06   0.267928E+06  -0.636816E-02   0.140467E+06   0.140450E+06   0.110800E-01
   0.525109E+00   0.263924E+06   0.262617E+06   0.477757E-01  -0.239441E-01   0.000000E+00   0.263722E+06   0.263722E+06   0.263722E+06  -0.626820E-02   0.138262E+06   0.138245E+06   0.107926E-01
   0.530472E+00   0.259804E+06   0.258517E+06   0.460837E-01  -0.230961E-01   0.000000E+00   0.259605E+06   0.259605E+06   0.259605E+06  -0.617034E-02   0.136104E+06   0.136087E+06   0.105200E-01
   0.535835E+00   0.255766E+06   0.254499E+06   0.444639E-01  -0.222843E-01   0.000000E+00   0.255570E+06   0.255570E+06   0.255570E+06  -0.607445E-02   0.133988E+06   0.133972E+06   0.102601E-01
   0.541198E+00   0.251813E+06   0.250564E+06   0.429133E-01  -0.215072E-01   0.000000E+00   0.251620E+06   0.251620E+06   0.251620E+06  -0.598055E-02   0.131917E+06   0.131901E+06   0.100107E-01
   0.546561E+00   0.247952E+06   0.246720E+06   0.414300E-01  -0.207638E-01   0.000000E+00   0.247761E+06   0.247761E+06   0.247761E+06  -0.588884E-02   0.129894E+06   0.129878E+06   0.976940E-02
   0.551925E+00   0.244189E+06   0.242975E+06   0.400122E-01  -0.200532E-01   0.000000E+00   0.244001E+06   0.244001E+06   0.244001E+06  -0.579947E-02   0.127923E+06   0.127907E+06   0.953463E-02
   0.557288E+00   0.240525E+06   0.239329E+06   0.386568E-01  -0.193740E-01   0.000000E+00   0.240340E+06   0.240340E+06   0.240340E+06  -0.571244E-02   0.126003E+06   0.125988E+06   0.930527E-02
   0.562651E+00   0.236954E+06   0.235776E+06   0.373604E-01  -0.187242E-01   0.000000E+00   0.236772E+06   0.236772E+06   0.236772E+06  -0.562764E-02   0.124133E+06   0.124118E+06   0.908093E-02
   0.568014E+00   0.233475E+06   0.232314E+06   0.361200E-01  -0.181026E-01   0.000000E+00   0.233295E+06   0.233295E+06   0.233295E+06  -0.554501E-02   0.122310E+06   0.122295E+06   0.886197E-02
   0.573377E+00   0.230084E+06   0.228941E+06   0.349327E-01  -0.175075E-01   0.000000E+00   0.229908E+06   0.229908E+06   0.229908E+06  -0.546449E-02   0.120534E+06   0.120519E+06   0.864912E-02
   0.578740E+00   0.226777E+06   0.225651E+06   0.337954E-01  -0.169375E-01   0.000000E+00   0.226602E+06   0.226602E+06   0.226602E+06  -0.538593E-02   0.118801E+06   0.118787E+06   0.844308E-02
   0.584103E+00   0.223541E+06   0.222432E+06   0.327043E-01  -0.163907E-01   0.000000E+00   0.223370E+06   0.223370E+06   0.223370E+06  -0.530909E-02   0.117106E+06   0.117092E+06   0.824431E-02
   0.589466E+00   0.220372E+06   0.219279E+06   0.316567E-01  -0.158656E-01   0.000000E+00   0.220203E+06   0.220203E+06   0.220203E+06  -0.523383E-02   0.115446E+06   0.115432E+06   0.805300E-02
   0.594829E+00   0.217269E+06   0.216192E+06   0.306507E-01  -0.153614E-01   0.000000E+00   0.217103E+06   0.217103E+06   0.217103E+06  -0.516014E-02   0.113821E+06   0.113807E+06   0.786905E-02
   0.600192E+00   0.214232E+06   0.213169E+06   0.296845E-01  -0.148772E-01   0.000000E+00   0.214067E+06   0.214067E+06   0.214067E+06  -0.508800E-02   0.112230E+06   0.112216E+06   0.769199E-02
   0.605555E+00   0.211256E+06   0.210208E+06   0.287560E-01  -0.144119E-01   0.000000E+00   0.211094E+06   0.211094E+06   0.211094E+06  -0.501733E-02   0.110671E+06   0.110657E+06   0.752110E-02
   0.610918E+00   0.208340E+06   0.207306E+06   0.278633E-01  -0.139645E-01   0.000000E+00   0.208180E+06   0.208180E+06   0.208180E+06  -0.494808E-02   0.109143E+06   0.109130E+06   0.735559E-02
   0.616281E+00   0.205487E+06   0.204467E+06   0.270055E-01  -0.135346E-01   0.000000E+00   0.205329E+06   0.205329E+06   0.205329E+06  -0.488031E-02   0.107648E+06   0.107635E+06   0.719485E-02
   0.621645E+00   0.202699E+06   0.201692E+06   0.261814E-01  -0.131215E-01   0.000000E+00   0.202543E+06   0.202543E+06   0.202543E+06  -0.481409E-02   0.106188E+06   0.106175E+06   0.703843E-02
   0.627008E+00   0.199974E+06   0.198980E+06   0.253894E-01  -0.127246E-01   0.000000E+00   0.199820E+06   0.199820E+06   0.199820E+06  -0.474936E-02   0.104760E+06   0.104747E+06   0.688603E-02
   0.680214E+00   0.175826E+06   0.174953E+06   0.189678E-01  -0.950627E-02   0.000000E+00   0.175691E+06   0.175691E+06   0.175691E+06  -0.417585E-02   0.921098E+05   0.920984E+05   0.558918E-02
   0.737935E+00   0.154451E+06   0.153685E+06   0.141573E-01  -0.709536E-02   0.000000E+00   0.154333E+06   0.154333E+06   0.154333E+06  -0.366821E-02   0.809124E+05   0.809024E+05   0.453578E-02
   0.800554E+00   0.135564E+06   0.134891E+06   0.105582E-01  -0.529153E-02   0.000000E+00   0.135460E+06   0.135460E+06   0.135460E+06  -0.321963E-02   0.710177E+05   0.710089E+05   0.367986E-02
   0.868486E+00   0.118890E+06   0.118300E+06   0.786762E-02  -0.394309E-02   0.000000E+00   0.118798E+06   0.118798E+06   0.118798E+06  -0.282363E-02   0.622828E+05   0.622750E+05   0.298454E-02
   0.942183E+00   0.104186E+06   0.103669E+06   0.585818E-02  -0.293601E-02   0.000000E+00   0.104106E+06   0.104106E+06   0.104106E+06  -0.247441E-02   0.545799E+05   0.545731E+05   0.242016E-02
   0.101542E+01   0.922222E+05   0.917645E+05   0.446444E-02  -0.223749E-02   0.000000E+00   0.921514E+05   0.921514E+05   0.921514E+05  -0.219027E-02   0.483124E+05   0.483064E+05   0.199596E-02
   0.126811E+01   0.639812E+05   0.636637E+05   0.198592E-02  -0.995312E-03   0.000000E+00   0.639321E+05   0.639321E+05   0.639321E+05  -0.151955E-02   0.335179E+05   0.335136E+05   0.112748E-02
   0.158368E+01   0.441757E+05   0.439563E+05   0.879166E-03  -0.440627E-03   0.000000E+00   0.441418E+05   0.441418E+05   0.441418E+05  -0.104917E-02   0.231423E+05   0.231393E+05   0.639567E-03
   0.197777E+01   0.303688E+05   0.302179E+05   0.387517E-03  -0.194221E-03   0.000000E+00   0.303455E+05   0.303455E+05   0.303455E+05  -0.721257E-03   0.159093E+05   0.159071E+05   0.366049E-03
   0.246994E+01   0.207952E+05   0.206917E+05   0.170138E-03  -0.852736E-04   0.000000E+00   0.207792E+05   0.207792E+05   0.207792E+05  -0.493884E-03   0.108940E+05   0.108924E+05   0.212694E-03
   0.308458E+01   0.141889E+05   0.141181E+05   0.744313E-04  -0.373063E-04   0.000000E+00   0.141779E+05   0.141779E+05   0.141779E+05  -0.336984E-03   0.743312E+04   0.743195E+04   0.126432E-03
   0.385217E+01   0.964984E+04   0.960148E+04   0.324557E-04  -0.162682E-04   0.000000E+00   0.964236E+04   0.964236E+04   0.964236E+04  -0.229182E-03   0.505524E+04   0.505435E+04   0.775427E-04
   0.481078E+01   0.654336E+04   0.651035E+04   0.141100E-04  -0.707304E-05   0.000000E+00   0.653826E+04   0.653826E+04   0.653826E+04  -0.155403E-03   0.342785E+04   0.342713E+04   0.494644E-04
   0.600794E+01   0.442488E+04   0.440233E+04   0.611741E-05  -0.306688E-05   0.000000E+00   0.442139E+04   0.442139E+04   0.442139E+04  -0.105088E-03   0.231803E+04   0.231744E+04   0.330022E-04
   0.750301E+01   0.298481E+04   0.296936E+04   0.264546E-05  -0.132650E-05   0.000000E+00   0.298242E+04   0.298242E+04   0.298242E+04  -0.708867E-04   0.156362E+04   0.156310E+04   0.230637E-04
   0.937012E+01   0.200878E+04   0.199813E+04   0.114131E-05  -0.572440E-06   0.000000E+00   0.200714E+04   0.200714E+04   0.200714E+04  -0.477060E-04   0.105231E+04   0.105184E+04   0.168309E-04
   0.117019E+02   0.134905E+04   0.134163E+04   0.491277E-06  -0.246516E-06   0.000000E+00   0.134790E+04   0.134790E+04   0.134790E+04  -0.320372E-04   0.706694E+03   0.706247E+03   0.127420E-04
   0.146139E+02   0.904203E+03   0.898956E+03   0.211013E-06  -0.105955E-06   0.000000E+00   0.903391E+03   0.903391E+03   0.903391E+03  -0.214720E-04   0.473650E+03   0.473215E+03   0.992705E-05
   0.182505E+02   0.604928E+03   0.601130E+03   0.904404E-07  -0.454606E-07   0.000000E+00   0.604341E+03   0.604341E+03   0.604341E+03  -0.143641E-04   0.316867E+03   0.316435E+03   0.789686E-05
   0.227921E+02   0.404009E+03   0.401172E+03   0.386775E-07  -0.194737E-07   0.000000E+00   0.403570E+03   0.403570E+03   0.403570E+03  -0.959213E-05   0.211609E+03   0.211174E+03   0.637197E-05
   0.284639E+02   0.269378E+03   0.267175E+03   0.165014E-07  -0.832969E-08   0.000000E+00   0.269037E+03   0.269037E+03   0.269037E+03  -0.639453E-05   0.141079E+03   0.140636E+03   0.518868E-05
   0.355471E+02   0.179326E+03   0.177536E+03   0.702089E-08  -0.355833E-08   0.000000E+00   0.179049E+03   0.179049E+03   0.179049E+03  -0.425568E-05   0.939016E+02   0.934489E+02   0.424776E-05
   0.443930E+02   0.119191E+03   0.117667E+03   0.297716E-08  -0.151837E-08   0.000000E+00   0.118955E+03   0.118955E+03   0.118955E+03  -0.282735E-05   0.623969E+02   0.619329E+02   0.348634E-05
   0.554402E+02   0.790943E+02   0.777388E+02   0.125690E-08  -0.647311E-09   0.000000E+00   0.788846E+02   0.788846E+02   0.788846E+02  -0.187494E-05   0.413900E+02   0.409143E+02   0.286245E-05
   0.692364E+02   0.523966E+02   0.511452E+02   0.527412E-09  -0.275784E-09   0.000000E+00   0.522030E+02   0.522030E+02   0.522030E+02  -0.124077E-05   0.274025E+02   0.269155E+02   0.234655E-05
   0.864658E+02   0.346436E+02   0.334554E+02   0.219374E-09  -0.117461E-09   0.000000E+00   0.344598E+02   0.344598E+02   0.344598E+02  -0.819048E-06   0.181011E+02   0.176042E+02   0.191674E-05
   0.107983E+03   0.228531E+02   0.217039E+02   0.900636E-10  -0.500347E-10   0.000000E+00   0.226753E+02   0.226753E+02   0.226753E+02  -0.538951E-06   0.119234E+02   0.114196E+02   0.155613E-05
   0.134854E+03   0.150318E+02   0.139102E+02   0.362495E-10  -0.213270E-10   0.000000E+00   0.148582E+02   0.148582E+02   0.148582E+02  -0.353154E-06   0.782541E+01   0.731956E+01   0.125131E-05
   0.168412E+03   0.984987E+01   0.875531E+01   0.141502E-10  -0.910126E-11   0.000000E+00   0.968053E+01   0.968053E+01   0.968053E+01  -0.230089E-06   0.511069E+01   0.461010E+01   0.991548E-06
   0.210322E+03   0.642174E+01   0.536384E+01   0.526524E-11  -0.388973E-11   0.000000E+00   0.625808E+01   0.625808E+01   0.625808E+01  -0.148743E-06   0.331551E+01   0.283097E+01   0.768500E-06
   0.262660E+03   0.415866E+01   0.315707E+01   0.181528E-11  -0.166411E-11   0.000000E+00   0.400371E+01   0.400371E+01   0.400371E+01  -0.951610E-07   0.213178E+01   0.167804E+01   0.576248E-06
   0.328022E+03   0.267006E+01   0.175346E+01   0.552436E-12  -0.711140E-12   0.000000E+00   0.252826E+01   0.252826E+01   0.252826E+01  -0.600921E-07   0.135520E+01   0.950429E+00   0.411629E-06
   0.409650E+03   0.169713E+01   0.899231E+00   0.135600E-12  -0.302050E-12   0.000000E+00   0.157369E+01   0.157369E+01   0.157369E+01  -0.374038E-07   0.850407E+00   0.513411E+00   0.274417E-06
   0.511591E+03   0.106806E+01   0.419048E+00   0.220341E-13  -0.126485E-12   0.000000E+00   0.967653E+00   0.967653E+00   0.967653E+00  -0.229994E-07   0.527262E+00   0.271732E+00   0.166616E-06
