#           k/h    P           
   0.104501E-04   0.495834E+02
   0.127095E-04   0.599377E+02
   0.154573E-04   0.724543E+02
   0.187992E-04   0.875845E+02
   0.228637E-04   0.105874E+03
   0.278068E-04   0.127983E+03
   0.338188E-04   0.154708E+03
   0.411305E-04   0.187013E+03
   0.500230E-04   0.226061E+03
   0.608381E-04   0.273261E+03
   0.739915E-04   0.330311E+03
   0.899887E-04   0.399263E+03
   0.109444E-03   0.482594E+03
   0.133107E-03   0.583290E+03
   0.161885E-03   0.704950E+03
   0.196885E-03   0.851901E+03
   0.239452E-03   0.102934E+04
   0.291222E-03   0.124347E+04
   0.354185E-03   0.150170E+04
   0.430761E-03   0.181280E+04
   0.523892E-03   0.218706E+04
   0.637159E-03   0.263647E+04
   0.774915E-03   0.317484E+04
   0.942454E-03   0.381781E+04
   0.114621E-02   0.458276E+04
   0.139403E-02   0.548833E+04
   0.169542E-02   0.655356E+04
   0.206198E-02   0.779654E+04
   0.250778E-02   0.923222E+04
   0.304997E-02   0.108694E+05
   0.370939E-02   0.127067E+05
   0.451137E-02   0.147273E+05
   0.548674E-02   0.168928E+05
   0.667298E-02   0.191355E+05
   0.811570E-02   0.213507E+05
   0.987034E-02   0.233944E+05
   0.120043E-01   0.250591E+05
   0.145997E-01   0.261258E+05
   0.177562E-01   0.262989E+05
   0.215952E-01   0.253819E+05
   0.259142E-01   0.234615E+05
   0.302332E-01   0.211661E+05
   0.345522E-01   0.189000E+05
   0.388713E-01   0.169009E+05
   0.431903E-01   0.152697E+05
   0.475093E-01   0.140012E+05
   0.518284E-01   0.130685E+05
   0.561474E-01   0.123496E+05
   0.604664E-01   0.117601E+05
   0.647855E-01   0.112081E+05
   0.691045E-01   0.106312E+05
   0.734235E-01   0.999543E+04
   0.777425E-01   0.930133E+04
   0.820616E-01   0.857329E+04
   0.863806E-01   0.785156E+04
   0.906996E-01   0.717446E+04
   0.960627E-01   0.644140E+04
   0.101426E+00   0.586081E+04
   0.106789E+00   0.543667E+04
   0.112152E+00   0.513933E+04
   0.117515E+00   0.492015E+04
   0.122878E+00   0.473026E+04
   0.128241E+00   0.453124E+04
   0.133604E+00   0.430008E+04
   0.138967E+00   0.403312E+04
   0.144330E+00   0.374417E+04
   0.149694E+00   0.345534E+04
   0.155057E+00   0.318835E+04
   0.160420E+00   0.296009E+04
   0.165783E+00   0.277914E+04
   0.171146E+00   0.264308E+04
   0.176509E+00   0.254044E+04
   0.181872E+00   0.245650E+04
   0.187235E+00   0.237777E+04
   0.192598E+00   0.229367E+04
   0.197961E+00   0.219793E+04
   0.203324E+00   0.209036E+04
   0.208687E+00   0.197624E+04
   0.214050E+00   0.186320E+04
   0.219414E+00   0.175822E+04
   0.224777E+00   0.166615E+04
   0.230140E+00   0.158908E+04
   0.235503E+00   0.152621E+04
   0.240866E+00   0.147448E+04
   0.246229E+00   0.142960E+04
   0.251592E+00   0.138708E+04
   0.256955E+00   0.134319E+04
   0.262318E+00   0.129599E+04
   0.267681E+00   0.124562E+04
   0.273044E+00   0.119373E+04
   0.278407E+00   0.114242E+04
   0.283771E+00   0.109372E+04
   0.289134E+00   0.104933E+04
   0.294497E+00   0.101016E+04
   0.299860E+00   0.976092E+03
   0.305223E+00   0.946105E+03
   0.310586E+00   0.918828E+03
   0.315949E+00   0.892921E+03
   0.321312E+00   0.867257E+03
   0.326675E+00   0.841101E+03
   0.332038E+00   0.814292E+03
   0.337401E+00   0.787211E+03
   0.342764E+00   0.760519E+03
   0.348127E+00   0.734880E+03
   0.353491E+00   0.710815E+03
   0.358854E+00   0.688631E+03
   0.364217E+00   0.668349E+03
   0.369580E+00   0.649717E+03
   0.374943E+00   0.632328E+03
   0.380306E+00   0.615760E+03
   0.385669E+00   0.599649E+03
   0.391032E+00   0.583723E+03
   0.396395E+00   0.567850E+03
   0.401758E+00   0.552081E+03
   0.407121E+00   0.536605E+03
   0.412484E+00   0.521632E+03
   0.417848E+00   0.507305E+03
   0.423211E+00   0.493708E+03
   0.428574E+00   0.480884E+03
   0.433937E+00   0.468811E+03
   0.439300E+00   0.457367E+03
   0.444663E+00   0.446389E+03
   0.450026E+00   0.435747E+03
   0.455389E+00   0.425373E+03
   0.460752E+00   0.415216E+03
   0.466115E+00   0.405239E+03
   0.471478E+00   0.395459E+03
   0.476841E+00   0.385946E+03
   0.482204E+00   0.376765E+03
   0.487568E+00   0.367938E+03
   0.492931E+00   0.359461E+03
   0.498294E+00   0.351331E+03
   0.503657E+00   0.343535E+03
   0.509020E+00   0.336027E+03
   0.514383E+00   0.328751E+03
   0.519746E+00   0.321669E+03
   0.525109E+00   0.314765E+03
   0.530472E+00   0.308031E+03
   0.535835E+00   0.301456E+03
   0.541198E+00   0.295041E+03
   0.546561E+00   0.288808E+03
   0.551925E+00   0.282772E+03
   0.557288E+00   0.276931E+03
   0.562651E+00   0.271276E+03
   0.568014E+00   0.265800E+03
   0.573377E+00   0.260498E+03
   0.578740E+00   0.255355E+03
   0.584103E+00   0.250348E+03
   0.589466E+00   0.245465E+03
   0.594829E+00   0.240704E+03
   0.600192E+00   0.236065E+03
   0.605555E+00   0.231540E+03
   0.610918E+00   0.227125E+03
   0.616281E+00   0.222825E+03
   0.621645E+00   0.218647E+03
   0.627008E+00   0.214586E+03
   0.674474E+00   0.182899E+03
   0.725535E+00   0.155648E+03
   0.780460E+00   0.132280E+03
   0.839544E+00   0.112278E+03
   0.903101E+00   0.951779E+02
   0.971469E+00   0.805864E+02
   0.104501E+01   0.681522E+02
   0.126811E+01   0.434650E+02
   0.158368E+01   0.256988E+02
   0.197777E+01   0.150630E+02
   0.246994E+01   0.875977E+01
   0.308458E+01   0.505792E+01
   0.385217E+01   0.290150E+01
   0.481078E+01   0.165459E+01
   0.600794E+01   0.938416E+00
   0.750301E+01   0.529573E+00
   0.937012E+01   0.297477E+00
   0.117019E+02   0.166390E+00
   0.146139E+02   0.926987E-01
   0.182505E+02   0.514513E-01
   0.227921E+02   0.284564E-01
   0.284639E+02   0.156848E-01
   0.355471E+02   0.861610E-02
   0.443930E+02   0.471675E-02
   0.554402E+02   0.257259E-02
   0.692364E+02   0.139730E-02
   0.864658E+02   0.755151E-03
   0.107983E+03   0.405532E-03
   0.134854E+03   0.215956E-03
   0.168412E+03   0.113695E-03
   0.210322E+03   0.589296E-04
   0.262660E+03   0.299150E-04
   0.328022E+03   0.147950E-04
   0.409650E+03   0.710923E-05
   0.511591E+03   0.333377E-05
