#           k/h    P           
   0.104501E-04   0.495834E+02
   0.127095E-04   0.599377E+02
   0.154573E-04   0.724543E+02
   0.187992E-04   0.875845E+02
   0.228637E-04   0.105874E+03
   0.278068E-04   0.127983E+03
   0.338188E-04   0.154708E+03
   0.411305E-04   0.187013E+03
   0.500230E-04   0.226061E+03
   0.608381E-04   0.273261E+03
   0.739915E-04   0.330311E+03
   0.899887E-04   0.399263E+03
   0.109444E-03   0.482594E+03
   0.133107E-03   0.583290E+03
   0.161885E-03   0.704950E+03
   0.196885E-03   0.851901E+03
   0.239452E-03   0.102934E+04
   0.291222E-03   0.124347E+04
   0.354185E-03   0.150170E+04
   0.430761E-03   0.181280E+04
   0.523892E-03   0.218706E+04
   0.637159E-03   0.263647E+04
   0.774915E-03   0.317484E+04
   0.942454E-03   0.381781E+04
   0.114621E-02   0.458276E+04
   0.139403E-02   0.548833E+04
   0.169542E-02   0.655356E+04
   0.206198E-02   0.779654E+04
   0.250778E-02   0.923222E+04
   0.304997E-02   0.108694E+05
   0.370939E-02   0.127067E+05
   0.451137E-02   0.147273E+05
   0.548674E-02   0.168928E+05
   0.667298E-02   0.191355E+05
   0.811570E-02   0.213507E+05
   0.987034E-02   0.233944E+05
   0.120043E-01   0.250591E+05
   0.145997E-01   0.261258E+05
   0.177562E-01   0.262989E+05
   0.215952E-01   0.253819E+05
   0.259142E-01   0.234615E+05
   0.302332E-01   0.211661E+05
   0.345522E-01   0.189000E+05
   0.388713E-01   0.169008E+05
   0.431903E-01   0.152697E+05
   0.475093E-01   0.140011E+05
   0.518284E-01   0.130684E+05
   0.561474E-01   0.123495E+05
   0.604664E-01   0.117600E+05
   0.647855E-01   0.112081E+05
   0.691045E-01   0.106311E+05
   0.734235E-01   0.999533E+04
   0.777425E-01   0.930122E+04
   0.820616E-01   0.857317E+04
   0.863806E-01   0.785144E+04
   0.906996E-01   0.717433E+04
   0.960627E-01   0.644127E+04
   0.101426E+00   0.586067E+04
   0.106789E+00   0.543652E+04
   0.112152E+00   0.513918E+04
   0.117515E+00   0.491998E+04
   0.122878E+00   0.473009E+04
   0.128241E+00   0.453106E+04
   0.133604E+00   0.429989E+04
   0.138967E+00   0.403293E+04
   0.144330E+00   0.374397E+04
   0.149694E+00   0.345514E+04
   0.155057E+00   0.318815E+04
   0.160420E+00   0.295988E+04
   0.165783E+00   0.277893E+04
   0.171146E+00   0.264287E+04
   0.176509E+00   0.254022E+04
   0.181872E+00   0.245627E+04
   0.187235E+00   0.237754E+04
   0.192598E+00   0.229343E+04
   0.197961E+00   0.219769E+04
   0.203324E+00   0.209011E+04
   0.208687E+00   0.197599E+04
   0.214050E+00   0.186295E+04
   0.219414E+00   0.175796E+04
   0.224777E+00   0.166589E+04
   0.230140E+00   0.158882E+04
   0.235503E+00   0.152594E+04
   0.240866E+00   0.147421E+04
   0.246229E+00   0.142932E+04
   0.251592E+00   0.138680E+04
   0.256955E+00   0.134291E+04
   0.262318E+00   0.129570E+04
   0.267681E+00   0.124533E+04
   0.273044E+00   0.119344E+04
   0.278407E+00   0.114212E+04
   0.283771E+00   0.109343E+04
   0.289134E+00   0.104903E+04
   0.294497E+00   0.100986E+04
   0.299860E+00   0.975789E+03
   0.305223E+00   0.945799E+03
   0.310586E+00   0.918519E+03
   0.315949E+00   0.892609E+03
   0.321312E+00   0.866942E+03
   0.326675E+00   0.840783E+03
   0.332038E+00   0.813972E+03
   0.337401E+00   0.786889E+03
   0.342764E+00   0.760195E+03
   0.348127E+00   0.734554E+03
   0.353491E+00   0.710489E+03
   0.358854E+00   0.688303E+03
   0.364217E+00   0.668018E+03
   0.369580E+00   0.649384E+03
   0.374943E+00   0.631993E+03
   0.380306E+00   0.615423E+03
   0.385669E+00   0.599310E+03
   0.391032E+00   0.583382E+03
   0.396395E+00   0.567507E+03
   0.401758E+00   0.551736E+03
   0.407121E+00   0.536259E+03
   0.412484E+00   0.521284E+03
   0.417848E+00   0.506956E+03
   0.423211E+00   0.493357E+03
   0.428574E+00   0.480532E+03
   0.433937E+00   0.468457E+03
   0.439300E+00   0.457012E+03
   0.444663E+00   0.446032E+03
   0.450026E+00   0.435389E+03
   0.455389E+00   0.425013E+03
   0.460752E+00   0.414855E+03
   0.466115E+00   0.404876E+03
   0.471478E+00   0.395095E+03
   0.476841E+00   0.385581E+03
   0.482204E+00   0.376399E+03
   0.487568E+00   0.367570E+03
   0.492931E+00   0.359092E+03
   0.498294E+00   0.350961E+03
   0.503657E+00   0.343164E+03
   0.509020E+00   0.335655E+03
   0.514383E+00   0.328378E+03
   0.519746E+00   0.321294E+03
   0.525109E+00   0.314390E+03
   0.530472E+00   0.307655E+03
   0.535835E+00   0.301078E+03
   0.541198E+00   0.294663E+03
   0.546561E+00   0.288428E+03
   0.551925E+00   0.282391E+03
   0.557288E+00   0.276550E+03
   0.562651E+00   0.270894E+03
   0.568014E+00   0.265416E+03
   0.573377E+00   0.260114E+03
   0.578740E+00   0.254970E+03
   0.584103E+00   0.249962E+03
   0.589466E+00   0.245078E+03
   0.594829E+00   0.240316E+03
   0.600192E+00   0.235677E+03
   0.605555E+00   0.231151E+03
   0.610918E+00   0.226735E+03
   0.616281E+00   0.222434E+03
   0.621645E+00   0.218255E+03
   0.627008E+00   0.214194E+03
   0.680214E+00   0.179113E+03
   0.737935E+00   0.149489E+03
   0.800554E+00   0.124547E+03
   0.868486E+00   0.103585E+03
   0.942183E+00   0.860056E+02
   0.101542E+01   0.723877E+02
   0.126811E+01   0.430366E+02
   0.158368E+01   0.252703E+02
   0.197777E+01   0.146399E+02
   0.246994E+01   0.834763E+01
   0.308458E+01   0.466236E+01
   0.385217E+01   0.252866E+01
   0.481078E+01   0.131136E+01
   0.600794E+01   0.632714E+00
   0.750301E+01   0.270099E+00
   0.937012E+01   0.923902E-01
   0.117019E+02   0.200762E-01
   0.146139E+02   0.111784E-02
   0.182505E+02   0.314241E-03
   0.227921E+02   0.342311E-03
   0.284639E+02   0.453680E-06
   0.355471E+02   0.107215E-04
   0.443930E+02   0.288460E-05
   0.554402E+02   0.538584E-06
   0.692364E+02   0.634216E-08
   0.864658E+02   0.196616E-07
   0.107983E+03   0.221395E-08
   0.134854E+03   0.675716E-09
   0.168412E+03   0.352554E-10
   0.210322E+03   0.110359E-11
   0.262660E+03   0.289316E-11
   0.328022E+03   0.390033E-13
   0.409650E+03   0.836146E-13
   0.511591E+03   0.331295E-14
