#          k/h    CDM            baryon         photon         nu             mass_nu        total          no_nu          total_de       Weyl           v_CDM          v_b            v_b-v_c     
   0.104501E-04   0.198309E+08   0.198309E+08   0.264274E+08   0.264270E+08   0.000000E+00   0.198309E+08   0.198309E+08   0.198387E+08  -0.471824E+00   0.103990E+08   0.103990E+08   0.586112E+01
   0.127095E-04   0.198309E+08   0.198309E+08   0.264208E+08   0.264202E+08   0.000000E+00   0.198309E+08   0.198309E+08   0.198386E+08  -0.471824E+00   0.103990E+08   0.103990E+08   0.712783E+01
   0.154573E-04   0.198309E+08   0.198309E+08   0.264110E+08   0.264102E+08   0.000000E+00   0.198309E+08   0.198309E+08   0.198386E+08  -0.471823E+00   0.103990E+08   0.103990E+08   0.866803E+01
   0.187992E-04   0.198308E+08   0.198308E+08   0.263966E+08   0.263953E+08   0.000000E+00   0.198308E+08   0.198308E+08   0.198386E+08  -0.471823E+00   0.103990E+08   0.103990E+08   0.105405E+02
   0.228637E-04   0.198308E+08   0.198308E+08   0.263752E+08   0.263734E+08   0.000000E+00   0.198308E+08   0.198308E+08   0.198385E+08  -0.471821E+00   0.103989E+08   0.103989E+08   0.128167E+02
   0.278068E-04   0.198307E+08   0.198307E+08   0.263436E+08   0.263409E+08   0.000000E+00   0.198307E+08   0.198307E+08   0.198385E+08  -0.471819E+00   0.103989E+08   0.103989E+08   0.155827E+02
   0.338188E-04   0.198306E+08   0.198306E+08   0.262969E+08   0.262929E+08   0.000000E+00   0.198306E+08   0.198306E+08   0.198384E+08  -0.471817E+00   0.103989E+08   0.103988E+08   0.189427E+02
   0.411305E-04   0.198305E+08   0.198305E+08   0.262280E+08   0.262221E+08   0.000000E+00   0.198305E+08   0.198305E+08   0.198382E+08  -0.471812E+00   0.103988E+08   0.103988E+08   0.230220E+02
   0.500230E-04   0.198303E+08   0.198303E+08   0.261263E+08   0.261177E+08   0.000000E+00   0.198303E+08   0.198303E+08   0.198380E+08  -0.471806E+00   0.103987E+08   0.103987E+08   0.279704E+02
   0.608381E-04   0.198300E+08   0.198300E+08   0.259767E+08   0.259640E+08   0.000000E+00   0.198300E+08   0.198300E+08   0.198376E+08  -0.471797E+00   0.103985E+08   0.103985E+08   0.339656E+02
   0.739915E-04   0.198296E+08   0.198295E+08   0.257568E+08   0.257381E+08   0.000000E+00   0.198296E+08   0.198296E+08   0.198371E+08  -0.471784E+00   0.103983E+08   0.103983E+08   0.412157E+02
   0.899887E-04   0.198289E+08   0.198289E+08   0.254346E+08   0.254073E+08   0.000000E+00   0.198289E+08   0.198289E+08   0.198364E+08  -0.471765E+00   0.103979E+08   0.103979E+08   0.499592E+02
   0.109444E-03   0.198280E+08   0.198279E+08   0.249649E+08   0.249252E+08   0.000000E+00   0.198280E+08   0.198280E+08   0.198353E+08  -0.471736E+00   0.103974E+08   0.103974E+08   0.604612E+02
   0.133107E-03   0.198266E+08   0.198265E+08   0.242848E+08   0.242273E+08   0.000000E+00   0.198266E+08   0.198266E+08   0.198337E+08  -0.471694E+00   0.103967E+08   0.103967E+08   0.729992E+02
   0.161885E-03   0.198245E+08   0.198244E+08   0.233100E+08   0.232278E+08   0.000000E+00   0.198245E+08   0.198245E+08   0.198313E+08  -0.471631E+00   0.103956E+08   0.103955E+08   0.878340E+02
   0.196885E-03   0.198215E+08   0.198213E+08   0.219344E+08   0.218187E+08   0.000000E+00   0.198214E+08   0.198214E+08   0.198279E+08  -0.471541E+00   0.103940E+08   0.103939E+08   0.105151E+03
   0.239452E-03   0.198170E+08   0.198167E+08   0.200370E+08   0.198781E+08   0.000000E+00   0.198170E+08   0.198170E+08   0.198228E+08  -0.471409E+00   0.103916E+08   0.103915E+08   0.124959E+03
   0.291222E-03   0.198105E+08   0.198101E+08   0.175089E+08   0.172986E+08   0.000000E+00   0.198104E+08   0.198104E+08   0.198155E+08  -0.471219E+00   0.103881E+08   0.103880E+08   0.146927E+03
   0.354185E-03   0.198010E+08   0.198004E+08   0.143125E+08   0.140497E+08   0.000000E+00   0.198010E+08   0.198010E+08   0.198051E+08  -0.470948E+00   0.103831E+08   0.103829E+08   0.170147E+03
   0.430761E-03   0.197874E+08   0.197865E+08   0.105847E+08   0.102842E+08   0.000000E+00   0.197873E+08   0.197873E+08   0.197904E+08  -0.470567E+00   0.103758E+08   0.103755E+08   0.192871E+03
   0.523892E-03   0.197680E+08   0.197668E+08   0.675524E+07   0.645835E+07   0.000000E+00   0.197678E+08   0.197678E+08   0.197698E+08  -0.470041E+00   0.103654E+08   0.103651E+08   0.212336E+03
   0.637159E-03   0.197408E+08   0.197391E+08   0.355552E+07   0.332986E+07   0.000000E+00   0.197405E+08   0.197405E+08   0.197415E+08  -0.469328E+00   0.103508E+08   0.103504E+08   0.225002E+03
   0.774915E-03   0.197030E+08   0.197008E+08   0.167721E+07   0.158427E+07   0.000000E+00   0.197027E+08   0.197027E+08   0.197032E+08  -0.468378E+00   0.103307E+08   0.103302E+08   0.227523E+03
   0.942454E-03   0.196517E+08   0.196489E+08   0.105472E+07   0.108379E+07   0.000000E+00   0.196512E+08   0.196512E+08   0.196516E+08  -0.467124E+00   0.103034E+08   0.103028E+08   0.218331E+03
   0.114621E-02   0.195828E+08   0.195796E+08   0.714772E+06   0.768131E+06   0.000000E+00   0.195823E+08   0.195823E+08   0.195825E+08  -0.465470E+00   0.102670E+08   0.102664E+08   0.198545E+03
   0.139403E-02   0.194917E+08   0.194882E+08   0.255380E+06   0.283404E+06   0.000000E+00   0.194912E+08   0.194912E+08   0.194913E+08  -0.463292E+00   0.102191E+08   0.102184E+08   0.171069E+03
   0.169542E-02   0.193726E+08   0.193689E+08   0.148031E+06  -0.168798E+06   0.000000E+00   0.193720E+08   0.193720E+08   0.193720E+08  -0.460450E+00   0.101565E+08   0.101558E+08   0.140078E+03
   0.206198E-02   0.192184E+08   0.192147E+08   0.260609E+04  -0.113191E+06   0.000000E+00   0.192178E+08   0.192178E+08   0.192178E+08  -0.456781E+00   0.100755E+08   0.100749E+08   0.111304E+03
   0.250778E-02   0.190212E+08   0.190174E+08   0.876017E+04  -0.757300E+05   0.000000E+00   0.190206E+08   0.190206E+08   0.190206E+08  -0.452091E+00   0.997206E+07   0.997139E+07   0.889047E+02
   0.304997E-02   0.187718E+08   0.187677E+08   0.240027E+04  -0.505230E+05   0.000000E+00   0.187712E+08   0.187712E+08   0.187712E+08  -0.446160E+00   0.984124E+07   0.984057E+07   0.729010E+02
   0.370939E-02   0.184603E+08   0.184557E+08  -0.169036E+05  -0.335881E+05   0.000000E+00   0.184596E+08   0.184596E+08   0.184596E+08  -0.438754E+00   0.967786E+07   0.967719E+07   0.598428E+02
   0.451137E-02   0.180761E+08   0.180710E+08  -0.135723E+05  -0.222342E+05   0.000000E+00   0.180753E+08   0.180753E+08   0.180753E+08  -0.429620E+00   0.947638E+07   0.947572E+07   0.484804E+02
   0.548674E-02   0.176083E+08   0.176021E+08  -0.121024E+05  -0.146422E+05   0.000000E+00   0.176073E+08   0.176073E+08   0.176073E+08  -0.418495E+00   0.923099E+07   0.923034E+07   0.396493E+02
   0.667298E-02   0.170455E+08   0.170380E+08  -0.102647E+05  -0.958241E+04   0.000000E+00   0.170443E+08   0.170443E+08   0.170443E+08  -0.405114E+00   0.893582E+07   0.893518E+07   0.322249E+02
   0.811570E-02   0.163765E+08   0.163671E+08  -0.635285E+04  -0.622391E+04   0.000000E+00   0.163751E+08   0.163751E+08   0.163751E+08  -0.389207E+00   0.858496E+07   0.858432E+07   0.262300E+02
   0.987034E-02   0.155921E+08   0.155800E+08   0.173798E+04  -0.400608E+04   0.000000E+00   0.155902E+08   0.155902E+08   0.155902E+08  -0.370552E+00   0.817347E+07   0.817284E+07   0.214654E+02
   0.120043E-01   0.146781E+08   0.146622E+08  -0.212043E+04  -0.254948E+04   0.000000E+00   0.146756E+08   0.146756E+08   0.146756E+08  -0.348813E+00   0.769398E+07   0.769334E+07   0.176487E+02
   0.145997E-01   0.136323E+08   0.136115E+08   0.361989E+03  -0.160071E+04   0.000000E+00   0.136291E+08   0.136291E+08   0.136291E+08  -0.323938E+00   0.714531E+07   0.714467E+07   0.146290E+02
   0.177562E-01   0.124412E+08   0.124143E+08  -0.115609E+04  -0.987544E+03   0.000000E+00   0.124370E+08   0.124370E+08   0.124370E+08  -0.295606E+00   0.652038E+07   0.651973E+07   0.121945E+02
   0.215952E-01   0.111182E+08   0.110841E+08  -0.737691E+02  -0.596573E+03   0.000000E+00   0.111129E+08   0.111129E+08   0.111129E+08  -0.264134E+00   0.582620E+07   0.582554E+07   0.101878E+02
   0.259142E-01   0.978731E+07   0.974654E+07   0.223268E+02  -0.364641E+03   0.000000E+00   0.978100E+07   0.978100E+07   0.978100E+07  -0.232477E+00   0.512792E+07   0.512726E+07   0.852616E+01
   0.302332E-01   0.862868E+07   0.858356E+07  -0.705585E+02  -0.236151E+03   0.000000E+00   0.862170E+07   0.862170E+07   0.862170E+07  -0.204922E+00   0.452013E+07   0.451948E+07   0.717050E+01
   0.345522E-01   0.764397E+07   0.759725E+07  -0.252274E+02  -0.160150E+03   0.000000E+00   0.763674E+07   0.763674E+07   0.763674E+07  -0.181512E+00   0.400375E+07   0.400313E+07   0.598103E+01
   0.388713E-01   0.682808E+07   0.678249E+07  -0.193402E+02  -0.113023E+03   0.000000E+00   0.682103E+07   0.682103E+07   0.682103E+07  -0.162124E+00   0.357610E+07   0.357553E+07   0.491060E+01
   0.431903E-01   0.616740E+07   0.612525E+07  -0.181960E+02  -0.826884E+02   0.000000E+00   0.616088E+07   0.616088E+07   0.616088E+07  -0.146433E+00   0.323000E+07   0.322949E+07   0.395408E+01
   0.475093E-01   0.563894E+07   0.560186E+07   0.124662E+03  -0.624838E+02   0.000000E+00   0.563321E+07   0.563321E+07   0.563321E+07  -0.133891E+00   0.295335E+07   0.295290E+07   0.312208E+01
   0.518284E-01   0.522252E+07   0.519130E+07   0.970265E+02  -0.486301E+02   0.000000E+00   0.521769E+07   0.521769E+07   0.521769E+07  -0.124015E+00   0.273550E+07   0.273512E+07   0.242778E+01
   0.561474E-01   0.488315E+07   0.485774E+07   0.773127E+02  -0.387475E+02   0.000000E+00   0.487922E+07   0.487922E+07   0.487922E+07  -0.115970E+00   0.255804E+07   0.255773E+07   0.187597E+01
   0.604664E-01   0.459657E+07   0.457622E+07   0.627594E+02  -0.314523E+02   0.000000E+00   0.459342E+07   0.459342E+07   0.459342E+07  -0.109177E+00   0.240820E+07   0.240794E+07   0.146329E+01
   0.647855E-01   0.433948E+07   0.432295E+07   0.516186E+02  -0.258681E+02   0.000000E+00   0.433692E+07   0.433692E+07   0.433692E+07  -0.103081E+00   0.227372E+07   0.227349E+07   0.117607E+01
   0.691045E-01   0.409599E+07   0.408186E+07   0.428251E+02  -0.214610E+02   0.000000E+00   0.409381E+07   0.409381E+07   0.409381E+07  -0.973024E-01   0.214626E+07   0.214605E+07   0.993296E+00
   0.734235E-01   0.385664E+07   0.384350E+07   0.357184E+02  -0.178997E+02   0.000000E+00   0.385460E+07   0.385460E+07   0.385460E+07  -0.916170E-01   0.202086E+07   0.202066E+07   0.889491E+00
   0.777425E-01   0.361885E+07   0.360558E+07   0.298940E+02  -0.149812E+02   0.000000E+00   0.361680E+07   0.361680E+07   0.361680E+07  -0.859649E-01   0.189618E+07   0.189599E+07   0.838147E+00
   0.820616E-01   0.338478E+07   0.337064E+07   0.250922E+02  -0.125752E+02   0.000000E+00   0.338259E+07   0.338259E+07   0.338259E+07  -0.803981E-01   0.177340E+07   0.177320E+07   0.814761E+00
   0.863806E-01   0.315999E+07   0.314470E+07   0.211391E+02  -0.105945E+02   0.000000E+00   0.315762E+07   0.315762E+07   0.315762E+07  -0.750510E-01   0.165546E+07   0.165525E+07   0.799329E+00
   0.906996E-01   0.295040E+07   0.293410E+07   0.178997E+02  -0.897139E+01   0.000000E+00   0.294788E+07   0.294788E+07   0.294788E+07  -0.700659E-01   0.154550E+07   0.154529E+07   0.777720E+00
   0.960627E-01   0.271917E+07   0.270224E+07   0.147043E+02  -0.737013E+01   0.000000E+00   0.271655E+07   0.271655E+07   0.271655E+07  -0.645675E-01   0.142422E+07   0.142401E+07   0.731123E+00
   0.101426E+00   0.252647E+07   0.250991E+07   0.122550E+02  -0.614253E+01   0.000000E+00   0.252391E+07   0.252391E+07   0.252391E+07  -0.599888E-01   0.132322E+07   0.132302E+07   0.660650E+00
   0.106789E+00   0.237329E+07   0.235804E+07   0.103850E+02  -0.520516E+01   0.000000E+00   0.237093E+07   0.237093E+07   0.237093E+07  -0.563528E-01   0.124302E+07   0.124283E+07   0.573328E+00
   0.112152E+00   0.225315E+07   0.223986E+07   0.893981E+01  -0.448065E+01   0.000000E+00   0.225110E+07   0.225110E+07   0.225110E+07  -0.535045E-01   0.118019E+07   0.118003E+07   0.481026E+00
   0.117515E+00   0.215500E+07   0.214387E+07   0.778883E+01  -0.390360E+01   0.000000E+00   0.215328E+07   0.215328E+07   0.215328E+07  -0.511795E-01   0.112890E+07   0.112876E+07   0.395944E+00
   0.122878E+00   0.206758E+07   0.205837E+07   0.683570E+01  -0.342577E+01   0.000000E+00   0.206615E+07   0.206615E+07   0.206615E+07  -0.491087E-01   0.108322E+07   0.108310E+07   0.327266E+00
   0.128241E+00   0.198200E+07   0.197417E+07   0.601672E+01  -0.301525E+01   0.000000E+00   0.198079E+07   0.198079E+07   0.198079E+07  -0.470798E-01   0.103847E+07   0.103836E+07   0.279308E+00
   0.133604E+00   0.189278E+07   0.188564E+07   0.529399E+01  -0.265304E+01   0.000000E+00   0.189167E+07   0.189167E+07   0.189167E+07  -0.449616E-01   0.991748E+06   0.991648E+06   0.251340E+00
   0.138967E+00   0.179850E+07   0.179142E+07   0.464937E+01  -0.233002E+01   0.000000E+00   0.179740E+07   0.179740E+07   0.179740E+07  -0.427210E-01   0.942325E+06   0.942226E+06   0.238786E+00
   0.144330E+00   0.170148E+07   0.169404E+07   0.407741E+01  -0.204345E+01   0.000000E+00   0.170033E+07   0.170033E+07   0.170033E+07  -0.404137E-01   0.891434E+06   0.891332E+06   0.235115E+00
   0.149694E+00   0.160603E+07   0.159807E+07   0.357745E+01  -0.179295E+01   0.000000E+00   0.160480E+07   0.160480E+07   0.160480E+07  -0.381432E-01   0.841353E+06   0.841248E+06   0.233764E+00
   0.155057E+00   0.151677E+07   0.150839E+07   0.314861E+01  -0.157807E+01   0.000000E+00   0.151548E+07   0.151548E+07   0.151548E+07  -0.360201E-01   0.794523E+06   0.794417E+06   0.229656E+00
   0.160420E+00   0.143767E+07   0.142915E+07   0.278798E+01  -0.139736E+01   0.000000E+00   0.143635E+07   0.143635E+07   0.143635E+07  -0.341395E-01   0.753041E+06   0.752935E+06   0.220063E+00
   0.165783E+00   0.137103E+07   0.136274E+07   0.248947E+01  -0.124775E+01   0.000000E+00   0.136975E+07   0.136975E+07   0.136975E+07  -0.325565E-01   0.718124E+06   0.718023E+06   0.204700E+00
   0.171146E+00   0.131654E+07   0.130880E+07   0.224313E+01  -0.112426E+01   0.000000E+00   0.131534E+07   0.131534E+07   0.131534E+07  -0.312634E-01   0.689601E+06   0.689506E+06   0.185171E+00
   0.176509E+00   0.127149E+07   0.126451E+07   0.203687E+01  -0.102086E+01   0.000000E+00   0.127041E+07   0.127041E+07   0.127041E+07  -0.301953E-01   0.666041E+06   0.665954E+06   0.164104E+00
   0.181872E+00   0.123221E+07   0.122603E+07   0.185941E+01  -0.931893E+00   0.000000E+00   0.123125E+07   0.123125E+07   0.123125E+07  -0.292646E-01   0.645510E+06   0.645432E+06   0.144247E+00
   0.187235E+00   0.119526E+07   0.118979E+07   0.170196E+01  -0.852958E+00   0.000000E+00   0.119442E+07   0.119442E+07   0.119442E+07  -0.283891E-01   0.626198E+06   0.626127E+06   0.127748E+00
   0.192598E+00   0.115792E+07   0.115295E+07   0.155832E+01  -0.780962E+00   0.000000E+00   0.115715E+07   0.115715E+07   0.115715E+07  -0.275034E-01   0.606662E+06   0.606595E+06   0.115699E+00
   0.197961E+00   0.111849E+07   0.111377E+07   0.142482E+01  -0.714057E+00   0.000000E+00   0.111776E+07   0.111776E+07   0.111776E+07  -0.265672E-01   0.586011E+06   0.585947E+06   0.108063E+00
   0.203324E+00   0.107675E+07   0.107208E+07   0.130021E+01  -0.651615E+00   0.000000E+00   0.107603E+07   0.107603E+07   0.107603E+07  -0.255753E-01   0.564132E+06   0.564069E+06   0.103900E+00
   0.208687E+00   0.103386E+07   0.102908E+07   0.118501E+01  -0.593892E+00   0.000000E+00   0.103312E+07   0.103312E+07   0.103312E+07  -0.245554E-01   0.541636E+06   0.541573E+06   0.101774E+00
   0.214050E+00   0.991634E+06   0.986705E+06   0.108030E+01  -0.541424E+00   0.000000E+00   0.990871E+06   0.990871E+06   0.990871E+06  -0.235512E-01   0.519487E+06   0.519422E+06   0.100188E+00
   0.219414E+00   0.951849E+06   0.946811E+06   0.986824E+00  -0.494585E+00   0.000000E+00   0.951069E+06   0.951069E+06   0.951069E+06  -0.226052E-01   0.498620E+06   0.498556E+06   0.979468E-01
   0.224777E+00   0.915833E+06   0.910788E+06   0.904681E+00  -0.453421E+00   0.000000E+00   0.915053E+06   0.915053E+06   0.915053E+06  -0.217492E-01   0.479738E+06   0.479674E+06   0.943741E-01
   0.230140E+00   0.884239E+06   0.879314E+06   0.833227E+00  -0.417610E+00   0.000000E+00   0.883477E+06   0.883477E+06   0.883477E+06  -0.209987E-01   0.463184E+06   0.463122E+06   0.893646E-01
   0.235503E+00   0.856931E+06   0.852239E+06   0.771150E+00  -0.386494E+00   0.000000E+00   0.856205E+06   0.856205E+06   0.856205E+06  -0.203505E-01   0.448885E+06   0.448827E+06   0.832827E-01
   0.240866E+00   0.833107E+06   0.828720E+06   0.716725E+00  -0.359212E+00   0.000000E+00   0.832429E+06   0.832429E+06   0.832429E+06  -0.197853E-01   0.436420E+06   0.436364E+06   0.767695E-01
   0.246229E+00   0.811584E+06   0.807519E+06   0.668157E+00  -0.334865E+00   0.000000E+00   0.810955E+06   0.810955E+06   0.810955E+06  -0.192749E-01   0.425161E+06   0.425109E+06   0.705214E-01
   0.251592E+00   0.791084E+06   0.787307E+06   0.623838E+00  -0.312649E+00   0.000000E+00   0.790500E+06   0.790500E+06   0.790500E+06  -0.187888E-01   0.414437E+06   0.414388E+06   0.650994E-01
   0.256955E+00   0.770526E+06   0.766968E+06   0.582543E+00  -0.291951E+00   0.000000E+00   0.769976E+06   0.769976E+06   0.769976E+06  -0.183009E-01   0.403677E+06   0.403630E+06   0.608131E-01
   0.262318E+00   0.749312E+06   0.745889E+06   0.543582E+00  -0.272425E+00   0.000000E+00   0.748783E+06   0.748783E+06   0.748783E+06  -0.177972E-01   0.392566E+06   0.392520E+06   0.576932E-01
   0.267681E+00   0.727437E+06   0.724070E+06   0.506773E+00  -0.253978E+00   0.000000E+00   0.726916E+06   0.726916E+06   0.726916E+06  -0.172775E-01   0.381102E+06   0.381057E+06   0.555356E-01
   0.273044E+00   0.705316E+06   0.701953E+06   0.472236E+00  -0.236672E+00   0.000000E+00   0.704796E+06   0.704796E+06   0.704796E+06  -0.167517E-01   0.369505E+06   0.369461E+06   0.539905E-01
   0.278407E+00   0.683526E+06   0.680146E+06   0.440170E+00  -0.220604E+00   0.000000E+00   0.683003E+06   0.683003E+06   0.683003E+06  -0.162338E-01   0.358080E+06   0.358036E+06   0.526702E-01
   0.283771E+00   0.662652E+06   0.659265E+06   0.410738E+00  -0.205855E+00   0.000000E+00   0.662128E+06   0.662128E+06   0.662128E+06  -0.157376E-01   0.347136E+06   0.347092E+06   0.512486E-01
   0.289134E+00   0.643204E+06   0.639843E+06   0.384022E+00  -0.192467E+00   0.000000E+00   0.642684E+06   0.642684E+06   0.642684E+06  -0.152755E-01   0.336942E+06   0.336899E+06   0.495272E-01
   0.294497E+00   0.625486E+06   0.622191E+06   0.359963E+00  -0.180409E+00   0.000000E+00   0.624976E+06   0.624976E+06   0.624976E+06  -0.148546E-01   0.327658E+06   0.327616E+06   0.474544E-01
   0.299860E+00   0.609480E+06   0.606293E+06   0.338320E+00  -0.169561E+00   0.000000E+00   0.608987E+06   0.608987E+06   0.608987E+06  -0.144745E-01   0.319276E+06   0.319235E+06   0.451043E-01
   0.305223E+00   0.594895E+06   0.591841E+06   0.318727E+00  -0.159740E+00   0.000000E+00   0.594422E+06   0.594422E+06   0.594422E+06  -0.141284E-01   0.311639E+06   0.311600E+06   0.426325E-01
   0.310586E+00   0.581309E+06   0.578396E+06   0.300792E+00  -0.150751E+00   0.000000E+00   0.580859E+06   0.580859E+06   0.580859E+06  -0.138060E-01   0.304528E+06   0.304491E+06   0.402221E-01
   0.315949E+00   0.568302E+06   0.565521E+06   0.284170E+00  -0.142419E+00   0.000000E+00   0.567872E+06   0.567872E+06   0.567872E+06  -0.134973E-01   0.297720E+06   0.297684E+06   0.380316E-01
   0.321312E+00   0.555510E+06   0.552838E+06   0.268582E+00  -0.134606E+00   0.000000E+00   0.555096E+06   0.555096E+06   0.555096E+06  -0.131936E-01   0.291022E+06   0.290987E+06   0.361588E-01
   0.326675E+00   0.542686E+06   0.540094E+06   0.253839E+00  -0.127217E+00   0.000000E+00   0.542285E+06   0.542285E+06   0.542285E+06  -0.128891E-01   0.284305E+06   0.284271E+06   0.346272E-01
   0.332038E+00   0.529762E+06   0.527222E+06   0.239853E+00  -0.120208E+00   0.000000E+00   0.529369E+06   0.529369E+06   0.529369E+06  -0.125822E-01   0.277534E+06   0.277500E+06   0.333939E-01
   0.337401E+00   0.516845E+06   0.514336E+06   0.226622E+00  -0.113577E+00   0.000000E+00   0.516457E+06   0.516457E+06   0.516457E+06  -0.122753E-01   0.270764E+06   0.270731E+06   0.323721E-01
   0.342764E+00   0.504136E+06   0.501648E+06   0.214183E+00  -0.107344E+00   0.000000E+00   0.503751E+06   0.503751E+06   0.503751E+06  -0.119733E-01   0.264103E+06   0.264071E+06   0.314582E-01
   0.348127E+00   0.491847E+06   0.489380E+06   0.202570E+00  -0.101524E+00   0.000000E+00   0.491465E+06   0.491465E+06   0.491465E+06  -0.116813E-01   0.257662E+06   0.257630E+06   0.305579E-01
   0.353491E+00   0.480151E+06   0.477714E+06   0.191796E+00  -0.961247E-01   0.000000E+00   0.479774E+06   0.479774E+06   0.479774E+06  -0.114034E-01   0.251533E+06   0.251501E+06   0.296070E-01
   0.358854E+00   0.469156E+06   0.466762E+06   0.181843E+00  -0.911366E-01   0.000000E+00   0.468785E+06   0.468785E+06   0.468785E+06  -0.111422E-01   0.245771E+06   0.245741E+06   0.285802E-01
   0.364217E+00   0.458874E+06   0.456537E+06   0.172659E+00  -0.865336E-01   0.000000E+00   0.458512E+06   0.458512E+06   0.458512E+06  -0.108980E-01   0.240386E+06   0.240356E+06   0.274883E-01
   0.369580E+00   0.449227E+06   0.446956E+06   0.164160E+00  -0.822741E-01   0.000000E+00   0.448876E+06   0.448876E+06   0.448876E+06  -0.106690E-01   0.235333E+06   0.235304E+06   0.263676E-01
   0.374943E+00   0.440079E+06   0.437877E+06   0.156251E+00  -0.783099E-01   0.000000E+00   0.439738E+06   0.439738E+06   0.439738E+06  -0.104518E-01   0.230543E+06   0.230514E+06   0.252660E-01
   0.380306E+00   0.431284E+06   0.429149E+06   0.148842E+00  -0.745961E-01   0.000000E+00   0.430953E+06   0.430953E+06   0.430953E+06  -0.102430E-01   0.225937E+06   0.225909E+06   0.242288E-01
   0.385669E+00   0.422714E+06   0.420640E+06   0.141856E+00  -0.710949E-01   0.000000E+00   0.422393E+06   0.422393E+06   0.422393E+06  -0.100395E-01   0.221449E+06   0.221422E+06   0.232878E-01
   0.391032E+00   0.414270E+06   0.412246E+06   0.135236E+00  -0.677769E-01   0.000000E+00   0.413957E+06   0.413957E+06   0.413957E+06  -0.983901E-02   0.217026E+06   0.217000E+06   0.224551E-01
   0.396395E+00   0.405900E+06   0.403918E+06   0.128942E+00  -0.646228E-01   0.000000E+00   0.405594E+06   0.405594E+06   0.405594E+06  -0.964024E-02   0.212642E+06   0.212616E+06   0.217235E-01
   0.401758E+00   0.397618E+06   0.395667E+06   0.122961E+00  -0.616253E-01   0.000000E+00   0.397316E+06   0.397316E+06   0.397316E+06  -0.944350E-02   0.208302E+06   0.208277E+06   0.210719E-01
   0.407121E+00   0.389487E+06   0.387563E+06   0.117293E+00  -0.587848E-01   0.000000E+00   0.389189E+06   0.389189E+06   0.389189E+06  -0.925033E-02   0.204041E+06   0.204016E+06   0.204725E-01
   0.412484E+00   0.381579E+06   0.379681E+06   0.111942E+00  -0.561032E-01   0.000000E+00   0.381285E+06   0.381285E+06   0.381285E+06  -0.906247E-02   0.199897E+06   0.199873E+06   0.198977E-01
   0.417848E+00   0.373946E+06   0.372075E+06   0.106904E+00  -0.535784E-01   0.000000E+00   0.373656E+06   0.373656E+06   0.373656E+06  -0.888114E-02   0.195898E+06   0.195874E+06   0.193261E-01
   0.423211E+00   0.366619E+06   0.364778E+06   0.102170E+00  -0.512056E-01   0.000000E+00   0.366334E+06   0.366334E+06   0.366334E+06  -0.870710E-02   0.192059E+06   0.192035E+06   0.187462E-01
   0.428574E+00   0.359615E+06   0.357809E+06   0.977256E-01  -0.489782E-01   0.000000E+00   0.359336E+06   0.359336E+06   0.359336E+06  -0.854076E-02   0.188390E+06   0.188367E+06   0.181571E-01
   0.433937E+00   0.352928E+06   0.351160E+06   0.935526E-01  -0.468867E-01   0.000000E+00   0.352655E+06   0.352655E+06   0.352655E+06  -0.838197E-02   0.184887E+06   0.184864E+06   0.175666E-01
   0.439300E+00   0.346515E+06   0.344786E+06   0.896239E-01  -0.449177E-01   0.000000E+00   0.346247E+06   0.346247E+06   0.346247E+06  -0.822968E-02   0.181528E+06   0.181506E+06   0.169863E-01
   0.444663E+00   0.340313E+06   0.338623E+06   0.859097E-01  -0.430562E-01   0.000000E+00   0.340051E+06   0.340051E+06   0.340051E+06  -0.808241E-02   0.178280E+06   0.178258E+06   0.164286E-01
   0.450026E+00   0.334274E+06   0.332620E+06   0.823862E-01  -0.412902E-01   0.000000E+00   0.334018E+06   0.334018E+06   0.334018E+06  -0.793900E-02   0.175116E+06   0.175095E+06   0.159035E-01
   0.455389E+00   0.328370E+06   0.326750E+06   0.790362E-01  -0.396112E-01   0.000000E+00   0.328119E+06   0.328119E+06   0.328119E+06  -0.779880E-02   0.172024E+06   0.172003E+06   0.154163E-01
   0.460752E+00   0.322580E+06   0.320990E+06   0.758458E-01  -0.380123E-01   0.000000E+00   0.322334E+06   0.322334E+06   0.322334E+06  -0.766130E-02   0.168991E+06   0.168970E+06   0.149668E-01
   0.466115E+00   0.316889E+06   0.315326E+06   0.728030E-01  -0.364873E-01   0.000000E+00   0.316647E+06   0.316647E+06   0.316647E+06  -0.752614E-02   0.166010E+06   0.165989E+06   0.145502E-01
   0.471478E+00   0.311302E+06   0.309762E+06   0.699015E-01  -0.350331E-01   0.000000E+00   0.311064E+06   0.311064E+06   0.311064E+06  -0.739344E-02   0.163082E+06   0.163062E+06   0.141587E-01
   0.476841E+00   0.305845E+06   0.304328E+06   0.671397E-01  -0.336490E-01   0.000000E+00   0.305610E+06   0.305610E+06   0.305610E+06  -0.726381E-02   0.160223E+06   0.160203E+06   0.137846E-01
   0.482204E+00   0.300543E+06   0.299048E+06   0.645162E-01  -0.323342E-01   0.000000E+00   0.300311E+06   0.300311E+06   0.300311E+06  -0.713786E-02   0.157445E+06   0.157426E+06   0.134210E-01
   0.487568E+00   0.295404E+06   0.293932E+06   0.620256E-01  -0.310860E-01   0.000000E+00   0.295176E+06   0.295176E+06   0.295176E+06  -0.701581E-02   0.154753E+06   0.154734E+06   0.130631E-01
   0.492931E+00   0.290428E+06   0.288980E+06   0.596611E-01  -0.299009E-01   0.000000E+00   0.290204E+06   0.290204E+06   0.290204E+06  -0.689763E-02   0.152146E+06   0.152127E+06   0.127090E-01
   0.498294E+00   0.285614E+06   0.284190E+06   0.574159E-01  -0.287757E-01   0.000000E+00   0.285393E+06   0.285393E+06   0.285393E+06  -0.678329E-02   0.149624E+06   0.149605E+06   0.123596E-01
   0.503657E+00   0.280955E+06   0.279557E+06   0.552831E-01  -0.277068E-01   0.000000E+00   0.280739E+06   0.280739E+06   0.280739E+06  -0.667266E-02   0.147184E+06   0.147166E+06   0.120175E-01
   0.509020E+00   0.276436E+06   0.275062E+06   0.532538E-01  -0.266897E-01   0.000000E+00   0.276223E+06   0.276223E+06   0.276223E+06  -0.656533E-02   0.144816E+06   0.144798E+06   0.116861E-01
   0.514383E+00   0.272031E+06   0.270682E+06   0.513183E-01  -0.257197E-01   0.000000E+00   0.271823E+06   0.271823E+06   0.271823E+06  -0.646074E-02   0.142509E+06   0.142492E+06   0.113679E-01
   0.519746E+00   0.267726E+06   0.266400E+06   0.494692E-01  -0.247930E-01   0.000000E+00   0.267521E+06   0.267521E+06   0.267521E+06  -0.635849E-02   0.140254E+06   0.140237E+06   0.110648E-01
   0.525109E+00   0.263514E+06   0.262209E+06   0.477014E-01  -0.239070E-01   0.000000E+00   0.263312E+06   0.263312E+06   0.263312E+06  -0.625845E-02   0.138047E+06   0.138030E+06   0.107774E-01
   0.530472E+00   0.259389E+06   0.258106E+06   0.460102E-01  -0.230594E-01   0.000000E+00   0.259191E+06   0.259191E+06   0.259191E+06  -0.616050E-02   0.135887E+06   0.135870E+06   0.105048E-01
   0.535835E+00   0.255348E+06   0.254084E+06   0.443912E-01  -0.222480E-01   0.000000E+00   0.255153E+06   0.255153E+06   0.255153E+06  -0.606453E-02   0.133770E+06   0.133753E+06   0.102450E-01
   0.541198E+00   0.251392E+06   0.250145E+06   0.428414E-01  -0.214713E-01   0.000000E+00   0.251199E+06   0.251199E+06   0.251199E+06  -0.597054E-02   0.131697E+06   0.131680E+06   0.999554E-02
   0.546561E+00   0.247526E+06   0.246298E+06   0.413589E-01  -0.207283E-01   0.000000E+00   0.247336E+06   0.247336E+06   0.247336E+06  -0.587874E-02   0.129672E+06   0.129656E+06   0.975429E-02
   0.551925E+00   0.243760E+06   0.242549E+06   0.399419E-01  -0.200181E-01   0.000000E+00   0.243573E+06   0.243573E+06   0.243573E+06  -0.578929E-02   0.127699E+06   0.127683E+06   0.951954E-02
   0.557288E+00   0.240093E+06   0.238899E+06   0.385874E-01  -0.193392E-01   0.000000E+00   0.239908E+06   0.239908E+06   0.239908E+06  -0.570218E-02   0.125777E+06   0.125762E+06   0.929020E-02
   0.562651E+00   0.236518E+06   0.235343E+06   0.372917E-01  -0.186899E-01   0.000000E+00   0.236337E+06   0.236337E+06   0.236337E+06  -0.561730E-02   0.123905E+06   0.123890E+06   0.906589E-02
   0.568014E+00   0.233035E+06   0.231878E+06   0.360520E-01  -0.180686E-01   0.000000E+00   0.232856E+06   0.232856E+06   0.232856E+06  -0.553458E-02   0.122080E+06   0.122065E+06   0.884695E-02
   0.573377E+00   0.229642E+06   0.228502E+06   0.348655E-01  -0.174739E-01   0.000000E+00   0.229465E+06   0.229465E+06   0.229465E+06  -0.545398E-02   0.120302E+06   0.120288E+06   0.863411E-02
   0.578740E+00   0.226330E+06   0.225207E+06   0.337288E-01  -0.169042E-01   0.000000E+00   0.226157E+06   0.226157E+06   0.226157E+06  -0.537534E-02   0.118568E+06   0.118553E+06   0.842810E-02
   0.584103E+00   0.223091E+06   0.221985E+06   0.326385E-01  -0.163578E-01   0.000000E+00   0.222920E+06   0.222920E+06   0.222920E+06  -0.529841E-02   0.116871E+06   0.116857E+06   0.822936E-02
   0.589466E+00   0.219919E+06   0.218829E+06   0.315915E-01  -0.158331E-01   0.000000E+00   0.219750E+06   0.219750E+06   0.219750E+06  -0.522307E-02   0.115209E+06   0.115195E+06   0.803806E-02
   0.594829E+00   0.216813E+06   0.215738E+06   0.305862E-01  -0.153292E-01   0.000000E+00   0.216646E+06   0.216646E+06   0.216646E+06  -0.514929E-02   0.113582E+06   0.113568E+06   0.785413E-02
   0.600192E+00   0.213772E+06   0.212712E+06   0.296207E-01  -0.148453E-01   0.000000E+00   0.213608E+06   0.213608E+06   0.213608E+06  -0.507707E-02   0.111989E+06   0.111975E+06   0.767710E-02
   0.605555E+00   0.210793E+06   0.209747E+06   0.286928E-01  -0.143803E-01   0.000000E+00   0.210631E+06   0.210631E+06   0.210631E+06  -0.500632E-02   0.110428E+06   0.110414E+06   0.750623E-02
   0.610918E+00   0.207873E+06   0.206842E+06   0.278009E-01  -0.139333E-01   0.000000E+00   0.207714E+06   0.207714E+06   0.207714E+06  -0.493699E-02   0.108899E+06   0.108885E+06   0.734074E-02
   0.616281E+00   0.205017E+06   0.203999E+06   0.269436E-01  -0.135036E-01   0.000000E+00   0.204859E+06   0.204859E+06   0.204859E+06  -0.486914E-02   0.107402E+06   0.107389E+06   0.718002E-02
   0.621645E+00   0.202225E+06   0.201221E+06   0.261201E-01  -0.130909E-01   0.000000E+00   0.202070E+06   0.202070E+06   0.202070E+06  -0.480283E-02   0.105940E+06   0.105926E+06   0.702362E-02
   0.627008E+00   0.199496E+06   0.198506E+06   0.253288E-01  -0.126943E-01   0.000000E+00   0.199343E+06   0.199343E+06   0.199343E+06  -0.473803E-02   0.104510E+06   0.104497E+06   0.687124E-02
   0.680214E+00   0.175315E+06   0.174446E+06   0.189127E-01  -0.947872E-02   0.000000E+00   0.175181E+06   0.175181E+06   0.175181E+06  -0.416373E-02   0.918425E+05   0.918311E+05   0.557458E-02
   0.737935E+00   0.153906E+06   0.153143E+06   0.141073E-01  -0.707035E-02   0.000000E+00   0.153788E+06   0.153788E+06   0.153788E+06  -0.365526E-02   0.806268E+05   0.806168E+05   0.452136E-02
   0.800554E+00   0.134982E+06   0.134313E+06   0.105128E-01  -0.526885E-02   0.000000E+00   0.134878E+06   0.134878E+06   0.134878E+06  -0.320581E-02   0.707129E+05   0.707041E+05   0.366563E-02
   0.868486E+00   0.118269E+06   0.117683E+06   0.782654E-02  -0.392255E-02   0.000000E+00   0.118178E+06   0.118178E+06   0.118178E+06  -0.280889E-02   0.619578E+05   0.619500E+05   0.297049E-02
   0.942183E+00   0.103525E+06   0.103012E+06   0.582101E-02  -0.291742E-02   0.000000E+00   0.103446E+06   0.103446E+06   0.103446E+06  -0.245872E-02   0.542338E+05   0.542270E+05   0.240629E-02
   0.101542E+01   0.915226E+05   0.910695E+05   0.443056E-02  -0.222055E-02   0.000000E+00   0.914525E+05   0.914525E+05   0.914525E+05  -0.217366E-02   0.479461E+05   0.479401E+05   0.198227E-02
   0.126811E+01   0.631577E+05   0.628453E+05   0.196035E-02  -0.982522E-03   0.000000E+00   0.631093E+05   0.631093E+05   0.631093E+05  -0.150000E-02   0.330866E+05   0.330823E+05   0.111428E-02
   0.158368E+01   0.432141E+05   0.430007E+05   0.860023E-03  -0.431050E-03   0.000000E+00   0.431811E+05   0.431811E+05   0.431811E+05  -0.102634E-02   0.226387E+05   0.226357E+05   0.626818E-03
   0.197777E+01   0.292558E+05   0.291116E+05   0.373311E-03  -0.187113E-03   0.000000E+00   0.292335E+05   0.292335E+05   0.292335E+05  -0.694827E-03   0.153264E+05   0.153243E+05   0.353664E-03
   0.246994E+01   0.195196E+05   0.194238E+05   0.159699E-03  -0.800495E-04   0.000000E+00   0.195048E+05   0.195048E+05   0.195048E+05  -0.463594E-03   0.102259E+05   0.102244E+05   0.200542E-03
   0.308458E+01   0.127445E+05   0.126822E+05   0.668527E-04  -0.335130E-04   0.000000E+00   0.127349E+05   0.127349E+05   0.127349E+05  -0.302685E-03   0.667663E+04   0.667558E+04   0.114324E-03
   0.385217E+01   0.803994E+04   0.800096E+04   0.270400E-04  -0.135569E-04   0.000000E+00   0.803391E+04   0.803391E+04   0.803391E+04  -0.190952E-03   0.421205E+04   0.421130E+04   0.652403E-04
   0.481078E+01   0.478834E+04   0.476542E+04   0.103249E-04  -0.517761E-05   0.000000E+00   0.478480E+04   0.478480E+04   0.478480E+04  -0.113726E-03   0.250863E+04   0.250810E+04   0.367059E-04
   0.600794E+01   0.257329E+04   0.256122E+04   0.355724E-05  -0.178445E-05   0.000000E+00   0.257142E+04   0.257142E+04   0.257142E+04  -0.611181E-04   0.134820E+04   0.134785E+04   0.195762E-04
   0.750301E+01   0.112647E+04   0.112136E+04   0.998245E-06  -0.501031E-06   0.000000E+00   0.112568E+04   0.112568E+04   0.112568E+04  -0.267555E-04   0.590218E+03   0.590016E+03   0.896460E-05
   0.937012E+01   0.281925E+03   0.280727E+03   0.160130E-06  -0.804517E-07   0.000000E+00   0.281740E+03   0.281740E+03   0.281740E+03  -0.669645E-05   0.147731E+03   0.147661E+03   0.250594E-05
   0.117019E+02  -0.787904E+02  -0.784615E+02  -0.286900E-07   0.144159E-07   0.000000E+00  -0.787395E+02  -0.787395E+02  -0.787395E+02   0.187150E-05  -0.412871E+02  -0.412627E+02  -0.695469E-06
   0.146139E+02  -0.100395E+03  -0.100052E+03  -0.234189E-07   0.117963E-07   0.000000E+00  -0.100342E+03  -0.100342E+03  -0.100342E+03   0.238494E-05  -0.526226E+02  -0.525742E+02  -0.110525E-05
   0.182505E+02  -0.397054E+01  -0.397182E+01  -0.593155E-09   0.300162E-09   0.000000E+00  -0.397074E+01  -0.397074E+01  -0.397074E+01   0.943773E-07  -0.208303E+01  -0.208002E+01  -0.549922E-07
   0.227921E+02   0.156546E+02   0.156406E+02   0.149663E-08  -0.760134E-09   0.000000E+00   0.156525E+02   0.156525E+02   0.156525E+02  -0.372031E-06   0.821293E+01   0.819534E+01   0.257449E-06
   0.284639E+02  -0.646233E+01  -0.646776E+01  -0.395261E-09   0.201811E-09   0.000000E+00  -0.646317E+01  -0.646317E+01  -0.646317E+01   0.153618E-06  -0.339228E+01  -0.338164E+01  -0.124617E-06
   0.355471E+02   0.263876E+01   0.265018E+01   0.102983E-09  -0.532532E-10   0.000000E+00   0.264053E+01   0.264053E+01   0.264053E+01  -0.627607E-07   0.138702E+01   0.138007E+01   0.651740E-07
   0.443930E+02  -0.597204E+00  -0.607784E+00  -0.148597E-10   0.782087E-11   0.000000E+00  -0.598841E+00  -0.598841E+00  -0.598841E+00   0.142334E-07  -0.314901E+00  -0.312461E+00  -0.183373E-07
   0.554402E+02  -0.427399E+00  -0.433969E+00  -0.674689E-11   0.362673E-11   0.000000E+00  -0.428416E+00  -0.428416E+00  -0.428416E+00   0.101827E-07  -0.225554E+00  -0.222890E+00  -0.160275E-07
   0.692364E+02  -0.163416E+00  -0.168275E+00  -0.162535E-11   0.911578E-12   0.000000E+00  -0.164168E+00  -0.164168E+00  -0.164168E+00   0.390197E-08  -0.866523E-01  -0.850135E-01  -0.789598E-08
   0.864658E+02   0.350750E-01   0.342505E-01   0.215935E-12  -0.128504E-12   0.000000E+00   0.349475E-01   0.349475E-01   0.349475E-01  -0.830639E-09   0.185148E-01   0.180016E-01   0.197978E-08
   0.107983E+03  -0.186038E-01  -0.193923E-01  -0.701362E-13   0.466365E-13   0.000000E+00  -0.187258E-01  -0.187258E-01  -0.187258E-01   0.445078E-09  -0.998589E-02  -0.951834E-02  -0.144434E-08
   0.134854E+03  -0.361620E-02  -0.414644E-02  -0.772902E-14   0.670333E-14   0.000000E+00  -0.369824E-02  -0.369824E-02  -0.369824E-02   0.879004E-10  -0.200475E-02  -0.183475E-02  -0.420521E-09
   0.168412E+03  -0.673719E-03  -0.348982E-03  -0.124954E-14   0.378544E-15   0.000000E+00  -0.623480E-03  -0.623480E-03  -0.623480E-03   0.148190E-10  -0.315927E-03  -0.322802E-03   0.136176E-10
   0.210322E+03  -0.108594E-02  -0.111216E-02  -0.620828E-15   0.100154E-14   0.000000E+00  -0.108999E-02  -0.108999E-02  -0.108999E-02   0.259072E-10  -0.609681E-03  -0.501683E-03  -0.171290E-09
   0.262660E+03  -0.216139E-03  -0.261408E-03   0.193242E-16   0.200966E-15   0.000000E+00  -0.223143E-03  -0.223143E-03  -0.223143E-03   0.530370E-11  -0.135586E-03  -0.876019E-04  -0.609402E-10
   0.328022E+03   0.317995E-04  -0.453252E-05   0.508217E-16   0.197483E-16   0.000000E+00   0.261787E-04   0.261787E-04   0.261787E-04  -0.622222E-12   0.747837E-05   0.233726E-04  -0.161635E-10
   0.409650E+03   0.241836E-04   0.293847E-04  -0.240221E-16  -0.276155E-16   0.000000E+00   0.249882E-04   0.249882E-04   0.249882E-04  -0.593925E-12   0.221069E-04   0.421553E-05   0.145689E-10
   0.511591E+03   0.105921E-04   0.122624E-04  -0.982441E-17  -0.104499E-16   0.000000E+00   0.108505E-04   0.108505E-04   0.108505E-04  -0.257897E-12   0.112230E-04   0.114436E-05   0.657171E-11
