#          k/h    CDM            baryon         photon         nu             mass_nu        total          no_nu          total_de       Weyl           v_CDM          v_b            v_b-v_c     
   0.104501E-04   0.198309E+08   0.198309E+08   0.264274E+08   0.264270E+08   0.000000E+00   0.198309E+08   0.198309E+08   0.198387E+08  -0.471824E+00   0.103990E+08   0.103990E+08   0.585811E+01
   0.127095E-04   0.198309E+08   0.198309E+08   0.264208E+08   0.264202E+08   0.000000E+00   0.198309E+08   0.198309E+08   0.198386E+08  -0.471824E+00   0.103990E+08   0.103990E+08   0.712418E+01
   0.154573E-04   0.198309E+08   0.198309E+08   0.264110E+08   0.264102E+08   0.000000E+00   0.198309E+08   0.198309E+08   0.198386E+08  -0.471823E+00   0.103990E+08   0.103990E+08   0.866358E+01
   0.187992E-04   0.198308E+08   0.198308E+08   0.263966E+08   0.263953E+08   0.000000E+00   0.198308E+08   0.198308E+08   0.198386E+08  -0.471823E+00   0.103990E+08   0.103990E+08   0.105351E+02
   0.228637E-04   0.198308E+08   0.198308E+08   0.263752E+08   0.263734E+08   0.000000E+00   0.198308E+08   0.198308E+08   0.198385E+08  -0.471821E+00   0.103989E+08   0.103989E+08   0.128101E+02
   0.278068E-04   0.198307E+08   0.198307E+08   0.263436E+08   0.263409E+08   0.000000E+00   0.198307E+08   0.198307E+08   0.198385E+08  -0.471819E+00   0.103989E+08   0.103989E+08   0.155747E+02
   0.338188E-04   0.198306E+08   0.198306E+08   0.262969E+08   0.262929E+08   0.000000E+00   0.198306E+08   0.198306E+08   0.198384E+08  -0.471817E+00   0.103989E+08   0.103988E+08   0.189330E+02
   0.411305E-04   0.198305E+08   0.198305E+08   0.262280E+08   0.262221E+08   0.000000E+00   0.198305E+08   0.198305E+08   0.198382E+08  -0.471812E+00   0.103988E+08   0.103988E+08   0.230102E+02
   0.500230E-04   0.198303E+08   0.198303E+08   0.261263E+08   0.261177E+08   0.000000E+00   0.198303E+08   0.198303E+08   0.198380E+08  -0.471806E+00   0.103987E+08   0.103987E+08   0.279561E+02
   0.608381E-04   0.198300E+08   0.198300E+08   0.259767E+08   0.259640E+08   0.000000E+00   0.198300E+08   0.198300E+08   0.198376E+08  -0.471797E+00   0.103985E+08   0.103985E+08   0.339482E+02
   0.739915E-04   0.198296E+08   0.198295E+08   0.257568E+08   0.257381E+08   0.000000E+00   0.198296E+08   0.198296E+08   0.198371E+08  -0.471784E+00   0.103983E+08   0.103983E+08   0.411945E+02
   0.899887E-04   0.198289E+08   0.198289E+08   0.254346E+08   0.254073E+08   0.000000E+00   0.198289E+08   0.198289E+08   0.198364E+08  -0.471765E+00   0.103979E+08   0.103979E+08   0.499336E+02
   0.109444E-03   0.198280E+08   0.198279E+08   0.249649E+08   0.249252E+08   0.000000E+00   0.198280E+08   0.198280E+08   0.198353E+08  -0.471736E+00   0.103974E+08   0.103974E+08   0.604301E+02
   0.133107E-03   0.198266E+08   0.198265E+08   0.242848E+08   0.242273E+08   0.000000E+00   0.198266E+08   0.198266E+08   0.198337E+08  -0.471694E+00   0.103967E+08   0.103967E+08   0.729616E+02
   0.161885E-03   0.198245E+08   0.198244E+08   0.233100E+08   0.232278E+08   0.000000E+00   0.198245E+08   0.198245E+08   0.198313E+08  -0.471631E+00   0.103956E+08   0.103955E+08   0.877886E+02
   0.196885E-03   0.198215E+08   0.198213E+08   0.219344E+08   0.218187E+08   0.000000E+00   0.198214E+08   0.198214E+08   0.198279E+08  -0.471541E+00   0.103940E+08   0.103939E+08   0.105097E+03
   0.239452E-03   0.198170E+08   0.198167E+08   0.200370E+08   0.198781E+08   0.000000E+00   0.198170E+08   0.198170E+08   0.198228E+08  -0.471409E+00   0.103916E+08   0.103915E+08   0.124894E+03
   0.291222E-03   0.198105E+08   0.198101E+08   0.175089E+08   0.172986E+08   0.000000E+00   0.198104E+08   0.198104E+08   0.198155E+08  -0.471219E+00   0.103881E+08   0.103880E+08   0.146850E+03
   0.354185E-03   0.198010E+08   0.198004E+08   0.143125E+08   0.140497E+08   0.000000E+00   0.198010E+08   0.198010E+08   0.198051E+08  -0.470948E+00   0.103831E+08   0.103829E+08   0.170057E+03
   0.430761E-03   0.197874E+08   0.197865E+08   0.105847E+08   0.102842E+08   0.000000E+00   0.197873E+08   0.197873E+08   0.197904E+08  -0.470567E+00   0.103758E+08   0.103755E+08   0.192767E+03
   0.523892E-03   0.197680E+08   0.197668E+08   0.675524E+07   0.645835E+07   0.000000E+00   0.197678E+08   0.197678E+08   0.197698E+08  -0.470041E+00   0.103654E+08   0.103651E+08   0.212220E+03
   0.637159E-03   0.197408E+08   0.197391E+08   0.355552E+07   0.332986E+07   0.000000E+00   0.197405E+08   0.197405E+08   0.197415E+08  -0.469328E+00   0.103508E+08   0.103504E+08   0.224876E+03
   0.774915E-03   0.197030E+08   0.197008E+08   0.167721E+07   0.158427E+07   0.000000E+00   0.197027E+08   0.197027E+08   0.197032E+08  -0.468378E+00   0.103307E+08   0.103302E+08   0.227392E+03
   0.942454E-03   0.196517E+08   0.196489E+08   0.105472E+07   0.108379E+07   0.000000E+00   0.196512E+08   0.196512E+08   0.196516E+08  -0.467124E+00   0.103034E+08   0.103028E+08   0.218202E+03
   0.114621E-02   0.195828E+08   0.195796E+08   0.714772E+06   0.768131E+06   0.000000E+00   0.195823E+08   0.195823E+08   0.195825E+08  -0.465470E+00   0.102670E+08   0.102664E+08   0.198425E+03
   0.139403E-02   0.194917E+08   0.194882E+08   0.255380E+06   0.283404E+06   0.000000E+00   0.194912E+08   0.194912E+08   0.194913E+08  -0.463292E+00   0.102191E+08   0.102184E+08   0.170964E+03
   0.169542E-02   0.193726E+08   0.193689E+08   0.148031E+06  -0.168798E+06   0.000000E+00   0.193720E+08   0.193720E+08   0.193720E+08  -0.460450E+00   0.101565E+08   0.101558E+08   0.139992E+03
   0.206198E-02   0.192184E+08   0.192147E+08   0.260609E+04  -0.113191E+06   0.000000E+00   0.192178E+08   0.192178E+08   0.192178E+08  -0.456781E+00   0.100755E+08   0.100749E+08   0.111236E+03
   0.250778E-02   0.190212E+08   0.190174E+08   0.876017E+04  -0.757300E+05   0.000000E+00   0.190206E+08   0.190206E+08   0.190206E+08  -0.452091E+00   0.997206E+07   0.997139E+07   0.888504E+02
   0.304997E-02   0.187718E+08   0.187677E+08   0.240027E+04  -0.505230E+05   0.000000E+00   0.187712E+08   0.187712E+08   0.187712E+08  -0.446160E+00   0.984124E+07   0.984057E+07   0.728564E+02
   0.370939E-02   0.184603E+08   0.184557E+08  -0.169036E+05  -0.335881E+05   0.000000E+00   0.184596E+08   0.184596E+08   0.184596E+08  -0.438754E+00   0.967786E+07   0.967719E+07   0.598060E+02
   0.451137E-02   0.180761E+08   0.180710E+08  -0.135723E+05  -0.222342E+05   0.000000E+00   0.180753E+08   0.180753E+08   0.180753E+08  -0.429620E+00   0.947638E+07   0.947572E+07   0.484505E+02
   0.548674E-02   0.176083E+08   0.176021E+08  -0.121024E+05  -0.146422E+05   0.000000E+00   0.176073E+08   0.176073E+08   0.176073E+08  -0.418495E+00   0.923099E+07   0.923034E+07   0.396247E+02
   0.667298E-02   0.170455E+08   0.170380E+08  -0.102647E+05  -0.958241E+04   0.000000E+00   0.170443E+08   0.170443E+08   0.170443E+08  -0.405114E+00   0.893582E+07   0.893518E+07   0.322049E+02
   0.811570E-02   0.163765E+08   0.163671E+08  -0.635285E+04  -0.622391E+04   0.000000E+00   0.163751E+08   0.163751E+08   0.163751E+08  -0.389207E+00   0.858496E+07   0.858432E+07   0.262136E+02
   0.987034E-02   0.155921E+08   0.155800E+08   0.173798E+04  -0.400608E+04   0.000000E+00   0.155902E+08   0.155902E+08   0.155902E+08  -0.370552E+00   0.817347E+07   0.817284E+07   0.214518E+02
   0.120043E-01   0.146781E+08   0.146622E+08  -0.212043E+04  -0.254948E+04   0.000000E+00   0.146756E+08   0.146756E+08   0.146756E+08  -0.348813E+00   0.769398E+07   0.769335E+07   0.176374E+02
   0.145997E-01   0.136323E+08   0.136115E+08   0.361989E+03  -0.160071E+04   0.000000E+00   0.136291E+08   0.136291E+08   0.136291E+08  -0.323939E+00   0.714531E+07   0.714467E+07   0.146195E+02
   0.177562E-01   0.124412E+08   0.124143E+08  -0.115609E+04  -0.987544E+03   0.000000E+00   0.124371E+08   0.124371E+08   0.124371E+08  -0.295607E+00   0.652038E+07   0.651974E+07   0.121865E+02
   0.215952E-01   0.111182E+08   0.110841E+08  -0.737693E+02  -0.596574E+03   0.000000E+00   0.111129E+08   0.111129E+08   0.111129E+08  -0.264135E+00   0.582620E+07   0.582554E+07   0.101810E+02
   0.259142E-01   0.978733E+07   0.974655E+07   0.223268E+02  -0.364642E+03   0.000000E+00   0.978102E+07   0.978102E+07   0.978102E+07  -0.232477E+00   0.512792E+07   0.512726E+07   0.852035E+01
   0.302332E-01   0.862869E+07   0.858358E+07  -0.705587E+02  -0.236152E+03   0.000000E+00   0.862171E+07   0.862171E+07   0.862171E+07  -0.204923E+00   0.452014E+07   0.451949E+07   0.716557E+01
   0.345522E-01   0.764399E+07   0.759727E+07  -0.252275E+02  -0.160151E+03   0.000000E+00   0.763676E+07   0.763676E+07   0.763676E+07  -0.181512E+00   0.400376E+07   0.400315E+07   0.597689E+01
   0.388713E-01   0.682810E+07   0.678251E+07  -0.193402E+02  -0.113024E+03   0.000000E+00   0.682105E+07   0.682105E+07   0.682105E+07  -0.162124E+00   0.357611E+07   0.357554E+07   0.490719E+01
   0.431903E-01   0.616743E+07   0.612528E+07  -0.181961E+02  -0.826888E+02   0.000000E+00   0.616091E+07   0.616091E+07   0.616091E+07  -0.146434E+00   0.323001E+07   0.322950E+07   0.395134E+01
   0.475093E-01   0.563897E+07   0.560189E+07   0.124663E+03  -0.624841E+02   0.000000E+00   0.563324E+07   0.563324E+07   0.563324E+07  -0.133892E+00   0.295336E+07   0.295292E+07   0.311993E+01
   0.518284E-01   0.522256E+07   0.519134E+07   0.970271E+02  -0.486304E+02   0.000000E+00   0.521773E+07   0.521773E+07   0.521773E+07  -0.124016E+00   0.273552E+07   0.273514E+07   0.242612E+01
   0.561474E-01   0.488319E+07   0.485777E+07   0.773132E+02  -0.387478E+02   0.000000E+00   0.487926E+07   0.487926E+07   0.487926E+07  -0.115971E+00   0.255806E+07   0.255774E+07   0.187471E+01
   0.604664E-01   0.459661E+07   0.457626E+07   0.627599E+02  -0.314525E+02   0.000000E+00   0.459346E+07   0.459346E+07   0.459346E+07  -0.109178E+00   0.240822E+07   0.240796E+07   0.146232E+01
   0.647855E-01   0.433952E+07   0.432300E+07   0.516191E+02  -0.258684E+02   0.000000E+00   0.433696E+07   0.433696E+07   0.433696E+07  -0.103082E+00   0.227374E+07   0.227352E+07   0.117530E+01
   0.691045E-01   0.409604E+07   0.408190E+07   0.428255E+02  -0.214612E+02   0.000000E+00   0.409385E+07   0.409385E+07   0.409385E+07  -0.973035E-01   0.214628E+07   0.214608E+07   0.992657E+00
   0.734235E-01   0.385669E+07   0.384355E+07   0.357189E+02  -0.178999E+02   0.000000E+00   0.385465E+07   0.385465E+07   0.385465E+07  -0.916182E-01   0.202088E+07   0.202069E+07   0.888919E+00
   0.777425E-01   0.361891E+07   0.360564E+07   0.298945E+02  -0.149814E+02   0.000000E+00   0.361685E+07   0.361685E+07   0.361685E+07  -0.859662E-01   0.189621E+07   0.189602E+07   0.837604E+00
   0.820616E-01   0.338483E+07   0.337070E+07   0.250926E+02  -0.125754E+02   0.000000E+00   0.338265E+07   0.338265E+07   0.338265E+07  -0.803995E-01   0.177343E+07   0.177323E+07   0.814226E+00
   0.863806E-01   0.316005E+07   0.314477E+07   0.211395E+02  -0.105947E+02   0.000000E+00   0.315768E+07   0.315768E+07   0.315768E+07  -0.750525E-01   0.165549E+07   0.165528E+07   0.798798E+00
   0.906996E-01   0.295047E+07   0.293417E+07   0.179002E+02  -0.897159E+01   0.000000E+00   0.294795E+07   0.294795E+07   0.294795E+07  -0.700674E-01   0.154553E+07   0.154532E+07   0.777199E+00
   0.960627E-01   0.271924E+07   0.270231E+07   0.147047E+02  -0.737032E+01   0.000000E+00   0.271662E+07   0.271662E+07   0.271662E+07  -0.645691E-01   0.142425E+07   0.142404E+07   0.730631E+00
   0.101426E+00   0.252655E+07   0.250999E+07   0.122553E+02  -0.614271E+01   0.000000E+00   0.252399E+07   0.252399E+07   0.252399E+07  -0.599906E-01   0.132326E+07   0.132306E+07   0.660205E+00
   0.106789E+00   0.237337E+07   0.235812E+07   0.103853E+02  -0.520534E+01   0.000000E+00   0.237101E+07   0.237101E+07   0.237101E+07  -0.563546E-01   0.124306E+07   0.124288E+07   0.572945E+00
   0.112152E+00   0.225324E+07   0.223994E+07   0.894014E+01  -0.448082E+01   0.000000E+00   0.225118E+07   0.225118E+07   0.225118E+07  -0.535065E-01   0.118024E+07   0.118007E+07   0.480709E+00
   0.117515E+00   0.215509E+07   0.214396E+07   0.778916E+01  -0.390376E+01   0.000000E+00   0.215337E+07   0.215337E+07   0.215337E+07  -0.511817E-01   0.112895E+07   0.112881E+07   0.395690E+00
   0.122878E+00   0.206767E+07   0.205846E+07   0.683601E+01  -0.342592E+01   0.000000E+00   0.206625E+07   0.206625E+07   0.206625E+07  -0.491110E-01   0.108327E+07   0.108315E+07   0.327061E+00
   0.128241E+00   0.198210E+07   0.197427E+07   0.601702E+01  -0.301540E+01   0.000000E+00   0.198089E+07   0.198089E+07   0.198089E+07  -0.470821E-01   0.103852E+07   0.103841E+07   0.279137E+00
   0.133604E+00   0.189288E+07   0.188574E+07   0.529428E+01  -0.265318E+01   0.000000E+00   0.189178E+07   0.189178E+07   0.189178E+07  -0.449641E-01   0.991802E+06   0.991702E+06   0.251188E+00
   0.138967E+00   0.179860E+07   0.179153E+07   0.464965E+01  -0.233016E+01   0.000000E+00   0.179751E+07   0.179751E+07   0.179751E+07  -0.427236E-01   0.942382E+06   0.942282E+06   0.238641E+00
   0.144330E+00   0.170159E+07   0.169415E+07   0.407768E+01  -0.204358E+01   0.000000E+00   0.170044E+07   0.170044E+07   0.170044E+07  -0.404164E-01   0.891493E+06   0.891391E+06   0.234971E+00
   0.149694E+00   0.160615E+07   0.159818E+07   0.357771E+01  -0.179308E+01   0.000000E+00   0.160492E+07   0.160492E+07   0.160492E+07  -0.381460E-01   0.841414E+06   0.841310E+06   0.233619E+00
   0.155057E+00   0.151689E+07   0.150851E+07   0.314886E+01  -0.157820E+01   0.000000E+00   0.151560E+07   0.151560E+07   0.151560E+07  -0.360230E-01   0.794587E+06   0.794481E+06   0.229513E+00
   0.160420E+00   0.143780E+07   0.142928E+07   0.278823E+01  -0.139748E+01   0.000000E+00   0.143648E+07   0.143648E+07   0.143648E+07  -0.341425E-01   0.753108E+06   0.753002E+06   0.219926E+00
   0.165783E+00   0.137116E+07   0.136287E+07   0.248971E+01  -0.124787E+01   0.000000E+00   0.136988E+07   0.136988E+07   0.136988E+07  -0.325596E-01   0.718193E+06   0.718092E+06   0.204573E+00
   0.171146E+00   0.131668E+07   0.130894E+07   0.224336E+01  -0.112438E+01   0.000000E+00   0.131548E+07   0.131548E+07   0.131548E+07  -0.312666E-01   0.689672E+06   0.689577E+06   0.185059E+00
   0.176509E+00   0.127163E+07   0.126465E+07   0.203710E+01  -0.102097E+01   0.000000E+00   0.127055E+07   0.127055E+07   0.127055E+07  -0.301987E-01   0.666115E+06   0.666028E+06   0.164006E+00
   0.181872E+00   0.123235E+07   0.122617E+07   0.185963E+01  -0.932002E+00   0.000000E+00   0.123140E+07   0.123140E+07   0.123140E+07  -0.292681E-01   0.645586E+06   0.645508E+06   0.144164E+00
   0.187235E+00   0.119541E+07   0.118994E+07   0.170217E+01  -0.853065E+00   0.000000E+00   0.119457E+07   0.119457E+07   0.119457E+07  -0.283927E-01   0.626277E+06   0.626205E+06   0.127676E+00
   0.192598E+00   0.115808E+07   0.115310E+07   0.155853E+01  -0.781066E+00   0.000000E+00   0.115731E+07   0.115731E+07   0.115731E+07  -0.275071E-01   0.606743E+06   0.606676E+06   0.115636E+00
   0.197961E+00   0.111865E+07   0.111393E+07   0.142502E+01  -0.714158E+00   0.000000E+00   0.111792E+07   0.111792E+07   0.111792E+07  -0.265710E-01   0.586094E+06   0.586030E+06   0.108005E+00
   0.203324E+00   0.107692E+07   0.107224E+07   0.130041E+01  -0.651714E+00   0.000000E+00   0.107619E+07   0.107619E+07   0.107619E+07  -0.255792E-01   0.564218E+06   0.564155E+06   0.103845E+00
   0.208687E+00   0.103403E+07   0.102925E+07   0.118521E+01  -0.593988E+00   0.000000E+00   0.103329E+07   0.103329E+07   0.103329E+07  -0.245594E-01   0.541725E+06   0.541661E+06   0.101720E+00
   0.214050E+00   0.991806E+06   0.986877E+06   0.108049E+01  -0.541518E+00   0.000000E+00   0.991044E+06   0.991044E+06   0.991044E+06  -0.235553E-01   0.519577E+06   0.519513E+06   0.100135E+00
   0.219414E+00   0.952026E+06   0.946987E+06   0.987008E+00  -0.494677E+00   0.000000E+00   0.951246E+06   0.951246E+06   0.951246E+06  -0.226094E-01   0.498713E+06   0.498648E+06   0.978946E-01
   0.224777E+00   0.916015E+06   0.910969E+06   0.904861E+00  -0.453511E+00   0.000000E+00   0.915234E+06   0.915234E+06   0.915234E+06  -0.217535E-01   0.479833E+06   0.479769E+06   0.943242E-01
   0.230140E+00   0.884425E+06   0.879499E+06   0.833403E+00  -0.417698E+00   0.000000E+00   0.883663E+06   0.883663E+06   0.883663E+06  -0.210031E-01   0.463281E+06   0.463219E+06   0.893182E-01
   0.235503E+00   0.857122E+06   0.852428E+06   0.771321E+00  -0.386580E+00   0.000000E+00   0.856396E+06   0.856396E+06   0.856396E+06  -0.203550E-01   0.448985E+06   0.448926E+06   0.832406E-01
   0.240866E+00   0.833302E+06   0.828913E+06   0.716893E+00  -0.359296E+00   0.000000E+00   0.832623E+06   0.832623E+06   0.832623E+06  -0.197900E-01   0.436522E+06   0.436466E+06   0.767320E-01
   0.246229E+00   0.811783E+06   0.807717E+06   0.668322E+00  -0.334947E+00   0.000000E+00   0.811154E+06   0.811154E+06   0.811154E+06  -0.192797E-01   0.425266E+06   0.425214E+06   0.704885E-01
   0.251592E+00   0.791287E+06   0.787510E+06   0.623998E+00  -0.312729E+00   0.000000E+00   0.790703E+06   0.790703E+06   0.790703E+06  -0.187936E-01   0.414544E+06   0.414494E+06   0.650703E-01
   0.256955E+00   0.770734E+06   0.767175E+06   0.582701E+00  -0.292030E+00   0.000000E+00   0.770183E+06   0.770183E+06   0.770183E+06  -0.183059E-01   0.403785E+06   0.403739E+06   0.607870E-01
   0.262318E+00   0.749525E+06   0.746099E+06   0.543736E+00  -0.272502E+00   0.000000E+00   0.748995E+06   0.748995E+06   0.748995E+06  -0.178023E-01   0.392677E+06   0.392632E+06   0.576692E-01
   0.267681E+00   0.727653E+06   0.724285E+06   0.506924E+00  -0.254054E+00   0.000000E+00   0.727132E+06   0.727132E+06   0.727132E+06  -0.172826E-01   0.381215E+06   0.381171E+06   0.555130E-01
   0.273044E+00   0.705537E+06   0.702172E+06   0.472385E+00  -0.236746E+00   0.000000E+00   0.705016E+06   0.705016E+06   0.705016E+06  -0.167570E-01   0.369620E+06   0.369576E+06   0.539689E-01
   0.278407E+00   0.683751E+06   0.680370E+06   0.440316E+00  -0.220676E+00   0.000000E+00   0.683228E+06   0.683228E+06   0.683228E+06  -0.162391E-01   0.358198E+06   0.358154E+06   0.526494E-01
   0.283771E+00   0.662882E+06   0.659493E+06   0.410881E+00  -0.205926E+00   0.000000E+00   0.662358E+06   0.662358E+06   0.662358E+06  -0.157431E-01   0.347256E+06   0.347212E+06   0.512286E-01
   0.289134E+00   0.643438E+06   0.640075E+06   0.384162E+00  -0.192536E+00   0.000000E+00   0.642918E+06   0.642918E+06   0.642918E+06  -0.152810E-01   0.337064E+06   0.337021E+06   0.495084E-01
   0.294497E+00   0.625724E+06   0.622428E+06   0.360100E+00  -0.180477E+00   0.000000E+00   0.625214E+06   0.625214E+06   0.625214E+06  -0.148602E-01   0.327783E+06   0.327741E+06   0.474369E-01
   0.299860E+00   0.609723E+06   0.606533E+06   0.338455E+00  -0.169628E+00   0.000000E+00   0.609229E+06   0.609229E+06   0.609229E+06  -0.144803E-01   0.319402E+06   0.319362E+06   0.450885E-01
   0.305223E+00   0.595141E+06   0.592085E+06   0.318859E+00  -0.159806E+00   0.000000E+00   0.594669E+06   0.594669E+06   0.594669E+06  -0.141342E-01   0.311768E+06   0.311729E+06   0.426184E-01
   0.310586E+00   0.581560E+06   0.578645E+06   0.300922E+00  -0.150815E+00   0.000000E+00   0.581109E+06   0.581109E+06   0.581109E+06  -0.138119E-01   0.304659E+06   0.304622E+06   0.402097E-01
   0.315949E+00   0.568557E+06   0.565774E+06   0.284297E+00  -0.142482E+00   0.000000E+00   0.568126E+06   0.568126E+06   0.568126E+06  -0.135033E-01   0.297853E+06   0.297817E+06   0.380207E-01
   0.321312E+00   0.555769E+06   0.553094E+06   0.268707E+00  -0.134669E+00   0.000000E+00   0.555355E+06   0.555355E+06   0.555355E+06  -0.131998E-01   0.291157E+06   0.291122E+06   0.361493E-01
   0.326675E+00   0.542949E+06   0.540355E+06   0.253962E+00  -0.127279E+00   0.000000E+00   0.542548E+06   0.542548E+06   0.542548E+06  -0.128954E-01   0.284443E+06   0.284409E+06   0.346187E-01
   0.332038E+00   0.530030E+06   0.527487E+06   0.239974E+00  -0.120268E+00   0.000000E+00   0.529636E+06   0.529636E+06   0.529636E+06  -0.125885E-01   0.277674E+06   0.277640E+06   0.333862E-01
   0.337401E+00   0.517116E+06   0.514605E+06   0.226741E+00  -0.113637E+00   0.000000E+00   0.516728E+06   0.516728E+06   0.516728E+06  -0.122817E-01   0.270906E+06   0.270873E+06   0.323651E-01
   0.342764E+00   0.504411E+06   0.501921E+06   0.214300E+00  -0.107402E+00   0.000000E+00   0.504026E+06   0.504026E+06   0.504026E+06  -0.119798E-01   0.264247E+06   0.264215E+06   0.314517E-01
   0.348127E+00   0.492126E+06   0.489657E+06   0.202685E+00  -0.101582E+00   0.000000E+00   0.491744E+06   0.491744E+06   0.491744E+06  -0.116879E-01   0.257808E+06   0.257776E+06   0.305520E-01
   0.353491E+00   0.480435E+06   0.477996E+06   0.191909E+00  -0.961812E-01   0.000000E+00   0.480057E+06   0.480057E+06   0.480057E+06  -0.114101E-01   0.251681E+06   0.251650E+06   0.296017E-01
   0.358854E+00   0.469443E+06   0.467047E+06   0.181955E+00  -0.911923E-01   0.000000E+00   0.469072E+06   0.469072E+06   0.469072E+06  -0.111490E-01   0.245922E+06   0.245891E+06   0.285756E-01
   0.364217E+00   0.459165E+06   0.456826E+06   0.172769E+00  -0.865884E-01   0.000000E+00   0.458803E+06   0.458803E+06   0.458803E+06  -0.109049E-01   0.240538E+06   0.240508E+06   0.274844E-01
   0.369580E+00   0.449522E+06   0.447249E+06   0.164268E+00  -0.823280E-01   0.000000E+00   0.449171E+06   0.449171E+06   0.449171E+06  -0.106760E-01   0.235488E+06   0.235459E+06   0.263645E-01
   0.374943E+00   0.440378E+06   0.438174E+06   0.156358E+00  -0.783630E-01   0.000000E+00   0.440037E+06   0.440037E+06   0.440037E+06  -0.104589E-01   0.230699E+06   0.230671E+06   0.252637E-01
   0.380306E+00   0.431587E+06   0.429450E+06   0.148946E+00  -0.746484E-01   0.000000E+00   0.431256E+06   0.431256E+06   0.431256E+06  -0.102502E-01   0.226096E+06   0.226068E+06   0.242272E-01
   0.385669E+00   0.423021E+06   0.420945E+06   0.141959E+00  -0.711464E-01   0.000000E+00   0.422700E+06   0.422700E+06   0.422700E+06  -0.100468E-01   0.221610E+06   0.221583E+06   0.232869E-01
   0.391032E+00   0.414581E+06   0.412555E+06   0.135337E+00  -0.678276E-01   0.000000E+00   0.414268E+06   0.414268E+06   0.414268E+06  -0.984640E-02   0.217189E+06   0.217163E+06   0.224547E-01
   0.396395E+00   0.406216E+06   0.404230E+06   0.129042E+00  -0.646729E-01   0.000000E+00   0.405908E+06   0.405908E+06   0.405908E+06  -0.964771E-02   0.212807E+06   0.212781E+06   0.217236E-01
   0.401758E+00   0.397937E+06   0.395984E+06   0.123060E+00  -0.616746E-01   0.000000E+00   0.397635E+06   0.397635E+06   0.397635E+06  -0.945107E-02   0.208469E+06   0.208444E+06   0.210724E-01
   0.407121E+00   0.389810E+06   0.387884E+06   0.117391E+00  -0.588334E-01   0.000000E+00   0.389512E+06   0.389512E+06   0.389512E+06  -0.925799E-02   0.204210E+06   0.204185E+06   0.204734E-01
   0.412484E+00   0.381906E+06   0.380005E+06   0.112038E+00  -0.561511E-01   0.000000E+00   0.381612E+06   0.381612E+06   0.381612E+06  -0.907022E-02   0.200068E+06   0.200044E+06   0.198990E-01
   0.417848E+00   0.374276E+06   0.372403E+06   0.106999E+00  -0.536256E-01   0.000000E+00   0.373987E+06   0.373987E+06   0.373987E+06  -0.888899E-02   0.196071E+06   0.196047E+06   0.193278E-01
   0.423211E+00   0.366953E+06   0.365110E+06   0.102263E+00  -0.512521E-01   0.000000E+00   0.366668E+06   0.366668E+06   0.366668E+06  -0.871504E-02   0.192234E+06   0.192210E+06   0.187482E-01
   0.428574E+00   0.359953E+06   0.358145E+06   0.978175E-01  -0.490241E-01   0.000000E+00   0.359674E+06   0.359674E+06   0.359674E+06  -0.854879E-02   0.188567E+06   0.188544E+06   0.181596E-01
   0.433937E+00   0.353270E+06   0.351500E+06   0.936433E-01  -0.469320E-01   0.000000E+00   0.352996E+06   0.352996E+06   0.352996E+06  -0.839009E-02   0.185066E+06   0.185043E+06   0.175694E-01
   0.439300E+00   0.346861E+06   0.345129E+06   0.897134E-01  -0.449624E-01   0.000000E+00   0.346593E+06   0.346593E+06   0.346593E+06  -0.823789E-02   0.181709E+06   0.181687E+06   0.169895E-01
   0.444663E+00   0.340662E+06   0.338970E+06   0.859980E-01  -0.431003E-01   0.000000E+00   0.340400E+06   0.340400E+06   0.340400E+06  -0.809071E-02   0.178463E+06   0.178441E+06   0.164322E-01
   0.450026E+00   0.334627E+06   0.332971E+06   0.824733E-01  -0.413337E-01   0.000000E+00   0.334371E+06   0.334371E+06   0.334371E+06  -0.794739E-02   0.175301E+06   0.175280E+06   0.159074E-01
   0.455389E+00   0.328727E+06   0.327104E+06   0.791222E-01  -0.396542E-01   0.000000E+00   0.328476E+06   0.328476E+06   0.328476E+06  -0.780728E-02   0.172211E+06   0.172190E+06   0.154206E-01
   0.460752E+00   0.322941E+06   0.321348E+06   0.759307E-01  -0.380547E-01   0.000000E+00   0.322695E+06   0.322695E+06   0.322695E+06  -0.766987E-02   0.169180E+06   0.169159E+06   0.149714E-01
   0.466115E+00   0.317254E+06   0.315688E+06   0.728868E-01  -0.365292E-01   0.000000E+00   0.317012E+06   0.317012E+06   0.317012E+06  -0.753480E-02   0.166200E+06   0.166180E+06   0.145550E-01
   0.471478E+00   0.311671E+06   0.310128E+06   0.699842E-01  -0.350745E-01   0.000000E+00   0.311432E+06   0.311432E+06   0.311432E+06  -0.740218E-02   0.163275E+06   0.163255E+06   0.141638E-01
   0.476841E+00   0.306217E+06   0.304697E+06   0.672214E-01  -0.336899E-01   0.000000E+00   0.305982E+06   0.305982E+06   0.305982E+06  -0.727264E-02   0.160418E+06   0.160398E+06   0.137899E-01
   0.482204E+00   0.300918E+06   0.299421E+06   0.645969E-01  -0.323745E-01   0.000000E+00   0.300687E+06   0.300687E+06   0.300687E+06  -0.714678E-02   0.157642E+06   0.157622E+06   0.134265E-01
   0.487568E+00   0.295783E+06   0.294309E+06   0.621053E-01  -0.311258E-01   0.000000E+00   0.295555E+06   0.295555E+06   0.295555E+06  -0.702482E-02   0.154952E+06   0.154932E+06   0.130689E-01
   0.492931E+00   0.290811E+06   0.289360E+06   0.597398E-01  -0.299403E-01   0.000000E+00   0.290587E+06   0.290587E+06   0.290587E+06  -0.690672E-02   0.152347E+06   0.152328E+06   0.127150E-01
   0.498294E+00   0.286000E+06   0.284574E+06   0.574937E-01  -0.288146E-01   0.000000E+00   0.285780E+06   0.285780E+06   0.285780E+06  -0.679247E-02   0.149826E+06   0.149808E+06   0.123658E-01
   0.503657E+00   0.281346E+06   0.279945E+06   0.553600E-01  -0.277452E-01   0.000000E+00   0.281129E+06   0.281129E+06   0.281129E+06  -0.668193E-02   0.147388E+06   0.147370E+06   0.120240E-01
   0.509020E+00   0.276830E+06   0.275454E+06   0.533297E-01  -0.267277E-01   0.000000E+00   0.276617E+06   0.276617E+06   0.276617E+06  -0.657469E-02   0.145023E+06   0.145005E+06   0.116927E-01
   0.514383E+00   0.272429E+06   0.271077E+06   0.513933E-01  -0.257572E-01   0.000000E+00   0.272220E+06   0.272220E+06   0.272220E+06  -0.647018E-02   0.142717E+06   0.142700E+06   0.113747E-01
   0.519746E+00   0.268127E+06   0.266799E+06   0.495434E-01  -0.248300E-01   0.000000E+00   0.267922E+06   0.267922E+06   0.267922E+06  -0.636802E-02   0.140464E+06   0.140447E+06   0.110719E-01
   0.525109E+00   0.263918E+06   0.262611E+06   0.477747E-01  -0.239436E-01   0.000000E+00   0.263716E+06   0.263716E+06   0.263716E+06  -0.626806E-02   0.138259E+06   0.138242E+06   0.107847E-01
   0.530472E+00   0.259798E+06   0.258511E+06   0.460826E-01  -0.230956E-01   0.000000E+00   0.259599E+06   0.259599E+06   0.259599E+06  -0.617019E-02   0.136100E+06   0.136084E+06   0.105122E-01
   0.535835E+00   0.255760E+06   0.254493E+06   0.444629E-01  -0.222838E-01   0.000000E+00   0.255564E+06   0.255564E+06   0.255564E+06  -0.607430E-02   0.133985E+06   0.133969E+06   0.102526E-01
   0.541198E+00   0.251807E+06   0.250558E+06   0.429122E-01  -0.215067E-01   0.000000E+00   0.251614E+06   0.251614E+06   0.251614E+06  -0.598040E-02   0.131914E+06   0.131898E+06   0.100033E-01
   0.546561E+00   0.247945E+06   0.246714E+06   0.414290E-01  -0.207633E-01   0.000000E+00   0.247755E+06   0.247755E+06   0.247755E+06  -0.588869E-02   0.129891E+06   0.129875E+06   0.976217E-02
   0.551925E+00   0.244183E+06   0.242969E+06   0.400112E-01  -0.200527E-01   0.000000E+00   0.243995E+06   0.243995E+06   0.243995E+06  -0.579932E-02   0.127920E+06   0.127904E+06   0.952757E-02
   0.557288E+00   0.240518E+06   0.239322E+06   0.386558E-01  -0.193735E-01   0.000000E+00   0.240333E+06   0.240333E+06   0.240333E+06  -0.571230E-02   0.126000E+06   0.125985E+06   0.929837E-02
   0.562651E+00   0.236948E+06   0.235769E+06   0.373595E-01  -0.187237E-01   0.000000E+00   0.236766E+06   0.236766E+06   0.236766E+06  -0.562749E-02   0.124130E+06   0.124114E+06   0.907420E-02
   0.568014E+00   0.233468E+06   0.232308E+06   0.361190E-01  -0.181021E-01   0.000000E+00   0.233289E+06   0.233289E+06   0.233289E+06  -0.554486E-02   0.122307E+06   0.122292E+06   0.885539E-02
   0.573377E+00   0.230078E+06   0.228935E+06   0.349318E-01  -0.175070E-01   0.000000E+00   0.229901E+06   0.229901E+06   0.229901E+06  -0.546434E-02   0.120531E+06   0.120516E+06   0.864269E-02
   0.578740E+00   0.226770E+06   0.225644E+06   0.337944E-01  -0.169370E-01   0.000000E+00   0.226596E+06   0.226596E+06   0.226596E+06  -0.538578E-02   0.118798E+06   0.118783E+06   0.843681E-02
   0.584103E+00   0.223535E+06   0.222425E+06   0.327033E-01  -0.163902E-01   0.000000E+00   0.223363E+06   0.223363E+06   0.223363E+06  -0.530894E-02   0.117103E+06   0.117089E+06   0.823819E-02
   0.589466E+00   0.220366E+06   0.219273E+06   0.316558E-01  -0.158652E-01   0.000000E+00   0.220196E+06   0.220196E+06   0.220196E+06  -0.523368E-02   0.115443E+06   0.115429E+06   0.804701E-02
   0.594829E+00   0.217263E+06   0.216185E+06   0.306498E-01  -0.153610E-01   0.000000E+00   0.217096E+06   0.217096E+06   0.217096E+06  -0.515998E-02   0.113817E+06   0.113803E+06   0.786319E-02
   0.600192E+00   0.214225E+06   0.213163E+06   0.296836E-01  -0.148767E-01   0.000000E+00   0.214061E+06   0.214061E+06   0.214061E+06  -0.508784E-02   0.112226E+06   0.112212E+06   0.768626E-02
   0.605555E+00   0.211249E+06   0.210201E+06   0.287551E-01  -0.144114E-01   0.000000E+00   0.211087E+06   0.211087E+06   0.211087E+06  -0.501717E-02   0.110667E+06   0.110654E+06   0.751550E-02
   0.610918E+00   0.208334E+06   0.207300E+06   0.278624E-01  -0.139640E-01   0.000000E+00   0.208174E+06   0.208174E+06   0.208174E+06  -0.494792E-02   0.109140E+06   0.109126E+06   0.735011E-02
   0.616281E+00   0.205480E+06   0.204460E+06   0.270046E-01  -0.135341E-01   0.000000E+00   0.205322E+06   0.205322E+06   0.205322E+06  -0.488015E-02   0.107645E+06   0.107632E+06   0.718948E-02
   0.621645E+00   0.202692E+06   0.201685E+06   0.261805E-01  -0.131211E-01   0.000000E+00   0.202536E+06   0.202536E+06   0.202536E+06  -0.481392E-02   0.106184E+06   0.106171E+06   0.703317E-02
   0.627008E+00   0.199967E+06   0.198974E+06   0.253886E-01  -0.127242E-01   0.000000E+00   0.199813E+06   0.199813E+06   0.199813E+06  -0.474920E-02   0.104757E+06   0.104744E+06   0.688089E-02
   0.680214E+00   0.175818E+06   0.174946E+06   0.189670E-01  -0.950587E-02   0.000000E+00   0.175683E+06   0.175683E+06   0.175683E+06  -0.417568E-02   0.921060E+05   0.920946E+05   0.558497E-02
   0.737935E+00   0.154443E+06   0.153677E+06   0.141566E-01  -0.709500E-02   0.000000E+00   0.154325E+06   0.154325E+06   0.154325E+06  -0.366803E-02   0.809083E+05   0.808983E+05   0.453232E-02
   0.800554E+00   0.135555E+06   0.134883E+06   0.105575E-01  -0.529120E-02   0.000000E+00   0.135451E+06   0.135451E+06   0.135451E+06  -0.321943E-02   0.710134E+05   0.710045E+05   0.367703E-02
   0.868486E+00   0.118881E+06   0.118291E+06   0.786704E-02  -0.394280E-02   0.000000E+00   0.118790E+06   0.118790E+06   0.118790E+06  -0.282342E-02   0.622781E+05   0.622703E+05   0.298221E-02
   0.942183E+00   0.104177E+06   0.103660E+06   0.585765E-02  -0.293574E-02   0.000000E+00   0.104097E+06   0.104097E+06   0.104097E+06  -0.247419E-02   0.545750E+05   0.545681E+05   0.241823E-02
   0.101542E+01   0.922122E+05   0.917546E+05   0.446395E-02  -0.223725E-02   0.000000E+00   0.921414E+05   0.921414E+05   0.921414E+05  -0.219004E-02   0.483072E+05   0.483011E+05   0.199435E-02
   0.126811E+01   0.639695E+05   0.636520E+05   0.198556E-02  -0.995129E-03   0.000000E+00   0.639204E+05   0.639204E+05   0.639204E+05  -0.151927E-02   0.335117E+05   0.335074E+05   0.112649E-02
   0.158368E+01   0.441620E+05   0.439427E+05   0.878893E-03  -0.440490E-03   0.000000E+00   0.441281E+05   0.441281E+05   0.441281E+05  -0.104884E-02   0.231351E+05   0.231321E+05   0.638938E-03
   0.197777E+01   0.303529E+05   0.302020E+05   0.387314E-03  -0.194119E-03   0.000000E+00   0.303295E+05   0.303295E+05   0.303295E+05  -0.720878E-03   0.159009E+05   0.158988E+05   0.365619E-03
   0.246994E+01   0.207768E+05   0.206734E+05   0.169987E-03  -0.851981E-04   0.000000E+00   0.207608E+05   0.207608E+05   0.207608E+05  -0.493447E-03   0.108843E+05   0.108828E+05   0.212375E-03
   0.308458E+01   0.141677E+05   0.140970E+05   0.743201E-04  -0.372507E-04   0.000000E+00   0.141568E+05   0.141568E+05   0.141568E+05  -0.336481E-03   0.742202E+04   0.742086E+04   0.126172E-03
   0.385217E+01   0.962561E+04   0.957739E+04   0.323742E-04  -0.162274E-04   0.000000E+00   0.961815E+04   0.961815E+04   0.961815E+04  -0.228606E-03   0.504255E+04   0.504166E+04   0.773094E-04
   0.481078E+01   0.651579E+04   0.648295E+04   0.140505E-04  -0.704327E-05   0.000000E+00   0.651071E+04   0.651071E+04   0.651071E+04  -0.154748E-03   0.341341E+04   0.341270E+04   0.492351E-04
   0.600794E+01   0.439367E+04   0.437130E+04   0.607426E-05  -0.304527E-05   0.000000E+00   0.439021E+04   0.439021E+04   0.439021E+04  -0.104347E-03   0.230169E+04   0.230110E+04   0.327584E-04
   0.750301E+01   0.294966E+04   0.293441E+04   0.261430E-05  -0.131089E-05   0.000000E+00   0.294730E+04   0.294730E+04   0.294730E+04  -0.700520E-04   0.154521E+04   0.154470E+04   0.227864E-04
   0.937012E+01   0.196939E+04   0.195898E+04   0.111892E-05  -0.561224E-06   0.000000E+00   0.196778E+04   0.196778E+04   0.196778E+04  -0.467706E-04   0.103168E+04   0.103121E+04   0.164982E-04
   0.117019E+02   0.130516E+04   0.129801E+04   0.475291E-06  -0.238501E-06   0.000000E+00   0.130405E+04   0.130405E+04   0.130405E+04  -0.309950E-04   0.683705E+03   0.683273E+03   0.123265E-04
   0.146139E+02   0.855623E+03   0.850687E+03   0.199675E-06  -0.100267E-06   0.000000E+00   0.854859E+03   0.854859E+03   0.854859E+03  -0.203185E-04   0.448206E+03   0.447794E+03   0.939367E-05
   0.182505E+02   0.551612E+03   0.548177E+03   0.824683E-07  -0.414565E-07   0.000000E+00   0.551080E+03   0.551080E+03   0.551080E+03  -0.130982E-04   0.288943E+03   0.288549E+03   0.720142E-05
   0.227921E+02   0.346161E+03   0.343758E+03   0.331388E-07  -0.166870E-07   0.000000E+00   0.345789E+03   0.345789E+03   0.345789E+03  -0.821878E-05   0.181314E+03   0.180941E+03   0.546057E-05
   0.284639E+02   0.207640E+03   0.205968E+03   0.127191E-07  -0.642166E-08   0.000000E+00   0.207382E+03   0.207382E+03   0.207382E+03  -0.492909E-05   0.108749E+03   0.108408E+03   0.400075E-05
   0.355471E+02   0.115050E+03   0.113925E+03   0.450417E-08  -0.228349E-08   0.000000E+00   0.114876E+03   0.114876E+03   0.114876E+03  -0.273040E-05   0.602477E+02   0.599571E+02   0.272662E-05
   0.443930E+02   0.547833E+02   0.540997E+02   0.136827E-08  -0.698161E-09   0.000000E+00   0.546775E+02   0.546775E+02   0.546775E+02  -0.129959E-05   0.286817E+02   0.284683E+02   0.160375E-05
   0.554402E+02   0.182982E+02   0.179934E+02   0.290733E-09  -0.149852E-09   0.000000E+00   0.182510E+02   0.182510E+02   0.182510E+02  -0.433794E-06   0.957675E+01   0.946653E+01   0.663210E-06
   0.692364E+02   0.994570E-01   0.974953E-01   0.995369E-12  -0.530260E-12   0.000000E+00   0.991535E-01   0.991535E-01   0.991535E-01  -0.235670E-08   0.521173E-01   0.511245E-01   0.478309E-08
   0.864658E+02  -0.453115E+01  -0.438040E+01  -0.286840E-10   0.153828E-10   0.000000E+00  -0.450783E+01  -0.450783E+01  -0.450783E+01   0.107143E-06  -0.236817E+01  -0.230309E+01  -0.251060E-06
   0.107983E+03  -0.183427E+01  -0.174500E+01  -0.722386E-11   0.402485E-11   0.000000E+00  -0.182046E+01  -0.182046E+01  -0.182046E+01   0.432691E-07  -0.957462E+00  -0.916901E+00  -0.125301E-06
   0.134854E+03   0.693286E+00   0.643024E+00   0.166960E-11  -0.986994E-12   0.000000E+00   0.685510E+00   0.685510E+00   0.685510E+00  -0.162934E-07   0.361163E+00   0.337726E+00   0.579745E-07
   0.168412E+03   0.710235E-01   0.634164E-01   0.101489E-12  -0.662121E-13   0.000000E+00   0.698466E-01   0.698466E-01   0.698466E-01  -0.166013E-08   0.369092E-01   0.332502E-01   0.724743E-08
   0.210322E+03  -0.776637E-01  -0.651899E-01  -0.632221E-13   0.474736E-13   0.000000E+00  -0.757340E-01  -0.757340E-01  -0.757340E-01   0.180006E-08  -0.401635E-01  -0.342302E-01  -0.941047E-08
   0.262660E+03   0.528865E-02   0.404577E-02   0.221337E-14  -0.219035E-14   0.000000E+00   0.509637E-02   0.509637E-02   0.509637E-02  -0.121132E-09   0.272474E-02   0.212382E-02   0.763167E-09
   0.328022E+03   0.225332E-01   0.148585E-01   0.450148E-14  -0.612496E-14   0.000000E+00   0.213459E-01   0.213459E-01   0.213459E-01  -0.507354E-09   0.114711E-01   0.799294E-02   0.353708E-08
   0.409650E+03   0.605557E-02   0.321155E-02   0.441862E-15  -0.110877E-14   0.000000E+00   0.561559E-02   0.561559E-02   0.561559E-02  -0.133472E-09   0.304627E-02   0.181907E-02   0.999320E-09
   0.511591E+03   0.330221E-02   0.128404E-02   0.451743E-16  -0.409997E-15   0.000000E+00   0.298999E-02   0.298999E-02   0.298999E-02  -0.710667E-10   0.164048E-02   0.832785E-03   0.526649E-09
