#           k/h    P           
   0.104501E-04   0.495834E+02
   0.127095E-04   0.599377E+02
   0.154573E-04   0.724543E+02
   0.187992E-04   0.875845E+02
   0.228637E-04   0.105874E+03
   0.278068E-04   0.127983E+03
   0.338188E-04   0.154708E+03
   0.411305E-04   0.187013E+03
   0.500230E-04   0.226061E+03
   0.608381E-04   0.273261E+03
   0.739915E-04   0.330311E+03
   0.899887E-04   0.399263E+03
   0.109444E-03   0.482594E+03
   0.133107E-03   0.583290E+03
   0.161885E-03   0.704950E+03
   0.196885E-03   0.851901E+03
   0.239452E-03   0.102934E+04
   0.291222E-03   0.124347E+04
   0.354185E-03   0.150170E+04
   0.430761E-03   0.181280E+04
   0.523892E-03   0.218706E+04
   0.637159E-03   0.263647E+04
   0.774915E-03   0.317484E+04
   0.942454E-03   0.381781E+04
   0.114621E-02   0.458276E+04
   0.139403E-02   0.548833E+04
   0.169542E-02   0.655356E+04
   0.206198E-02   0.779654E+04
   0.250778E-02   0.923222E+04
   0.304997E-02   0.108694E+05
   0.370939E-02   0.127067E+05
   0.451137E-02   0.147273E+05
   0.548674E-02   0.168928E+05
   0.667298E-02   0.191355E+05
   0.811570E-02   0.213507E+05
   0.987034E-02   0.233944E+05
   0.120043E-01   0.250591E+05
   0.145997E-01   0.261258E+05
   0.177562E-01   0.262989E+05
   0.215952E-01   0.253819E+05
   0.259142E-01   0.234614E+05
   0.302332E-01   0.211660E+05
   0.345522E-01   0.188999E+05
   0.388713E-01   0.169007E+05
   0.431903E-01   0.152696E+05
   0.475093E-01   0.140010E+05
   0.518284E-01   0.130683E+05
   0.561474E-01   0.123493E+05
   0.604664E-01   0.117598E+05
   0.647855E-01   0.112079E+05
   0.691045E-01   0.106310E+05
   0.734235E-01   0.999513E+04
   0.777425E-01   0.930103E+04
   0.820616E-01   0.857300E+04
   0.863806E-01   0.785127E+04
   0.906996E-01   0.717418E+04
   0.960627E-01   0.644113E+04
   0.101426E+00   0.586054E+04
   0.106789E+00   0.543639E+04
   0.112152E+00   0.513906E+04
   0.117515E+00   0.491987E+04
   0.122878E+00   0.472998E+04
   0.128241E+00   0.453096E+04
   0.133604E+00   0.429980E+04
   0.138967E+00   0.403285E+04
   0.144330E+00   0.374391E+04
   0.149694E+00   0.345509E+04
   0.155057E+00   0.318811E+04
   0.160420E+00   0.295986E+04
   0.165783E+00   0.277892E+04
   0.171146E+00   0.264287E+04
   0.176509E+00   0.254023E+04
   0.181872E+00   0.245628E+04
   0.187235E+00   0.237756E+04
   0.192598E+00   0.229346E+04
   0.197961E+00   0.219773E+04
   0.203324E+00   0.209017E+04
   0.208687E+00   0.197605E+04
   0.214050E+00   0.186302E+04
   0.219414E+00   0.175805E+04
   0.224777E+00   0.166598E+04
   0.230140E+00   0.158891E+04
   0.235503E+00   0.152605E+04
   0.240866E+00   0.147432E+04
   0.246229E+00   0.142945E+04
   0.251592E+00   0.138693E+04
   0.256955E+00   0.134305E+04
   0.262318E+00   0.129585E+04
   0.267681E+00   0.124549E+04
   0.273044E+00   0.119360E+04
   0.278407E+00   0.114229E+04
   0.283771E+00   0.109360E+04
   0.289134E+00   0.104921E+04
   0.294497E+00   0.101005E+04
   0.299860E+00   0.975977E+03
   0.305223E+00   0.945992E+03
   0.310586E+00   0.918718E+03
   0.315949E+00   0.892814E+03
   0.321312E+00   0.867152E+03
   0.326675E+00   0.840999E+03
   0.332038E+00   0.814193E+03
   0.337401E+00   0.787115E+03
   0.342764E+00   0.760425E+03
   0.348127E+00   0.734788E+03
   0.353491E+00   0.710727E+03
   0.358854E+00   0.688545E+03
   0.364217E+00   0.668264E+03
   0.369580E+00   0.649635E+03
   0.374943E+00   0.632248E+03
   0.380306E+00   0.615681E+03
   0.385669E+00   0.599572E+03
   0.391032E+00   0.583648E+03
   0.396395E+00   0.567777E+03
   0.401758E+00   0.552009E+03
   0.407121E+00   0.536535E+03
   0.412484E+00   0.521564E+03
   0.417848E+00   0.507239E+03
   0.423211E+00   0.493643E+03
   0.428574E+00   0.480821E+03
   0.433937E+00   0.468749E+03
   0.439300E+00   0.457307E+03
   0.444663E+00   0.446329E+03
   0.450026E+00   0.435689E+03
   0.455389E+00   0.425316E+03
   0.460752E+00   0.415160E+03
   0.466115E+00   0.405185E+03
   0.471478E+00   0.395406E+03
   0.476841E+00   0.385894E+03
   0.482204E+00   0.376714E+03
   0.487568E+00   0.367888E+03
   0.492931E+00   0.359412E+03
   0.498294E+00   0.351283E+03
   0.503657E+00   0.343488E+03
   0.509020E+00   0.335981E+03
   0.514383E+00   0.328706E+03
   0.519746E+00   0.321625E+03
   0.525109E+00   0.314722E+03
   0.530472E+00   0.307989E+03
   0.535835E+00   0.301414E+03
   0.541198E+00   0.295001E+03
   0.546561E+00   0.288768E+03
   0.551925E+00   0.282732E+03
   0.557288E+00   0.276893E+03
   0.562651E+00   0.271238E+03
   0.568014E+00   0.265763E+03
   0.573377E+00   0.260462E+03
   0.578740E+00   0.255319E+03
   0.584103E+00   0.250313E+03
   0.589466E+00   0.245431E+03
   0.594829E+00   0.240671E+03
   0.600192E+00   0.236032E+03
   0.605555E+00   0.231508E+03
   0.610918E+00   0.227093E+03
   0.616281E+00   0.222794E+03
   0.621645E+00   0.218616E+03
   0.627008E+00   0.214556E+03
   0.680214E+00   0.179487E+03
   0.737935E+00   0.149874E+03
   0.800554E+00   0.124940E+03
   0.868486E+00   0.103987E+03
   0.942183E+00   0.864132E+02
   0.101542E+01   0.728003E+02
   0.126811E+01   0.434589E+02
   0.158368E+01   0.256952E+02
   0.197777E+01   0.150609E+02
   0.246994E+01   0.875852E+01
   0.308458E+01   0.505717E+01
   0.385217E+01   0.290103E+01
   0.481078E+01   0.165428E+01
   0.600794E+01   0.938194E+00
   0.750301E+01   0.529406E+00
   0.937012E+01   0.297343E+00
   0.117019E+02   0.166277E+00
   0.146139E+02   0.926004E-01
   0.182505E+02   0.513643E-01
   0.227921E+02   0.283786E-01
   0.284639E+02   0.156149E-01
   0.355471E+02   0.855318E-02
   0.443930E+02   0.466027E-02
   0.554402E+02   0.252211E-02
   0.692364E+02   0.135245E-02
   0.864658E+02   0.715665E-03
   0.107983E+03   0.371202E-03
   0.134854E+03   0.186651E-03
   0.168412E+03   0.893464E-04
   0.210322E+03   0.394979E-04
   0.262660E+03   0.153028E-04
   0.328022E+03   0.471275E-05
   0.409650E+03   0.927196E-06
   0.511591E+03   0.509269E-07
