#          k/h    CDM            baryon         photon         nu             mass_nu        total          no_nu          total_de       Weyl           v_CDM          v_b            v_b-v_c     
   0.104501E-04   0.198309E+08   0.198309E+08   0.264274E+08   0.264270E+08   0.000000E+00   0.198309E+08   0.198309E+08   0.198387E+08  -0.471824E+00   0.103990E+08   0.103990E+08   0.583887E+01
   0.127095E-04   0.198309E+08   0.198309E+08   0.264208E+08   0.264202E+08   0.000000E+00   0.198309E+08   0.198309E+08   0.198386E+08  -0.471824E+00   0.103990E+08   0.103990E+08   0.710077E+01
   0.154573E-04   0.198309E+08   0.198309E+08   0.264110E+08   0.264102E+08   0.000000E+00   0.198309E+08   0.198309E+08   0.198386E+08  -0.471823E+00   0.103990E+08   0.103990E+08   0.863512E+01
   0.187992E-04   0.198308E+08   0.198308E+08   0.263966E+08   0.263953E+08   0.000000E+00   0.198308E+08   0.198308E+08   0.198386E+08  -0.471823E+00   0.103990E+08   0.103990E+08   0.105005E+02
   0.228637E-04   0.198308E+08   0.198308E+08   0.263752E+08   0.263734E+08   0.000000E+00   0.198308E+08   0.198308E+08   0.198385E+08  -0.471821E+00   0.103989E+08   0.103989E+08   0.127680E+02
   0.278068E-04   0.198307E+08   0.198307E+08   0.263436E+08   0.263409E+08   0.000000E+00   0.198307E+08   0.198307E+08   0.198385E+08  -0.471819E+00   0.103989E+08   0.103989E+08   0.155235E+02
   0.338188E-04   0.198306E+08   0.198306E+08   0.262969E+08   0.262929E+08   0.000000E+00   0.198306E+08   0.198306E+08   0.198384E+08  -0.471817E+00   0.103989E+08   0.103988E+08   0.188708E+02
   0.411305E-04   0.198305E+08   0.198305E+08   0.262280E+08   0.262221E+08   0.000000E+00   0.198305E+08   0.198305E+08   0.198382E+08  -0.471812E+00   0.103988E+08   0.103988E+08   0.229346E+02
   0.500230E-04   0.198303E+08   0.198303E+08   0.261263E+08   0.261177E+08   0.000000E+00   0.198303E+08   0.198303E+08   0.198380E+08  -0.471806E+00   0.103987E+08   0.103987E+08   0.278642E+02
   0.608381E-04   0.198300E+08   0.198300E+08   0.259767E+08   0.259640E+08   0.000000E+00   0.198300E+08   0.198300E+08   0.198376E+08  -0.471797E+00   0.103985E+08   0.103985E+08   0.338366E+02
   0.739915E-04   0.198296E+08   0.198295E+08   0.257568E+08   0.257381E+08   0.000000E+00   0.198296E+08   0.198296E+08   0.198371E+08  -0.471784E+00   0.103983E+08   0.103983E+08   0.410590E+02
   0.899887E-04   0.198289E+08   0.198289E+08   0.254346E+08   0.254073E+08   0.000000E+00   0.198289E+08   0.198289E+08   0.198364E+08  -0.471765E+00   0.103979E+08   0.103979E+08   0.497691E+02
   0.109444E-03   0.198280E+08   0.198279E+08   0.249649E+08   0.249252E+08   0.000000E+00   0.198280E+08   0.198280E+08   0.198353E+08  -0.471736E+00   0.103974E+08   0.103974E+08   0.602309E+02
   0.133107E-03   0.198266E+08   0.198265E+08   0.242848E+08   0.242273E+08   0.000000E+00   0.198266E+08   0.198266E+08   0.198337E+08  -0.471694E+00   0.103967E+08   0.103967E+08   0.727208E+02
   0.161885E-03   0.198245E+08   0.198244E+08   0.233100E+08   0.232278E+08   0.000000E+00   0.198245E+08   0.198245E+08   0.198313E+08  -0.471631E+00   0.103956E+08   0.103955E+08   0.874981E+02
   0.196885E-03   0.198215E+08   0.198213E+08   0.219344E+08   0.218187E+08   0.000000E+00   0.198214E+08   0.198214E+08   0.198279E+08  -0.471541E+00   0.103940E+08   0.103939E+08   0.104748E+03
   0.239452E-03   0.198170E+08   0.198167E+08   0.200370E+08   0.198781E+08   0.000000E+00   0.198170E+08   0.198170E+08   0.198228E+08  -0.471409E+00   0.103916E+08   0.103915E+08   0.124477E+03
   0.291222E-03   0.198105E+08   0.198101E+08   0.175089E+08   0.172986E+08   0.000000E+00   0.198104E+08   0.198104E+08   0.198155E+08  -0.471219E+00   0.103881E+08   0.103880E+08   0.146356E+03
   0.354185E-03   0.198010E+08   0.198004E+08   0.143125E+08   0.140497E+08   0.000000E+00   0.198010E+08   0.198010E+08   0.198051E+08  -0.470948E+00   0.103831E+08   0.103829E+08   0.169480E+03
   0.430761E-03   0.197874E+08   0.197865E+08   0.105847E+08   0.102842E+08   0.000000E+00   0.197873E+08   0.197873E+08   0.197904E+08  -0.470567E+00   0.103758E+08   0.103755E+08   0.192103E+03
   0.523892E-03   0.197680E+08   0.197668E+08   0.675524E+07   0.645835E+07   0.000000E+00   0.197678E+08   0.197678E+08   0.197698E+08  -0.470041E+00   0.103654E+08   0.103651E+08   0.211474E+03
   0.637159E-03   0.197408E+08   0.197391E+08   0.355552E+07   0.332986E+07   0.000000E+00   0.197405E+08   0.197405E+08   0.197415E+08  -0.469328E+00   0.103508E+08   0.103504E+08   0.224067E+03
   0.774915E-03   0.197030E+08   0.197008E+08   0.167721E+07   0.158427E+07   0.000000E+00   0.197027E+08   0.197027E+08   0.197032E+08  -0.468378E+00   0.103307E+08   0.103302E+08   0.226550E+03
   0.942454E-03   0.196517E+08   0.196489E+08   0.105472E+07   0.108379E+07   0.000000E+00   0.196512E+08   0.196512E+08   0.196516E+08  -0.467124E+00   0.103034E+08   0.103028E+08   0.217372E+03
   0.114621E-02   0.195828E+08   0.195796E+08   0.714772E+06   0.768131E+06   0.000000E+00   0.195823E+08   0.195823E+08   0.195825E+08  -0.465470E+00   0.102670E+08   0.102664E+08   0.197655E+03
   0.139403E-02   0.194917E+08   0.194882E+08   0.255380E+06   0.283404E+06   0.000000E+00   0.194912E+08   0.194912E+08   0.194913E+08  -0.463292E+00   0.102191E+08   0.102184E+08   0.170293E+03
   0.169542E-02   0.193726E+08   0.193689E+08   0.148031E+06  -0.168798E+06   0.000000E+00   0.193720E+08   0.193720E+08   0.193720E+08  -0.460450E+00   0.101565E+08   0.101558E+08   0.139440E+03
   0.206198E-02   0.192184E+08   0.192147E+08   0.260608E+04  -0.113191E+06   0.000000E+00   0.192178E+08   0.192178E+08   0.192178E+08  -0.456781E+00   0.100755E+08   0.100749E+08   0.110799E+03
   0.250778E-02   0.190212E+08   0.190174E+08   0.876017E+04  -0.757300E+05   0.000000E+00   0.190206E+08   0.190206E+08   0.190206E+08  -0.452091E+00   0.997206E+07   0.997140E+07   0.885023E+02
   0.304997E-02   0.187718E+08   0.187677E+08   0.240027E+04  -0.505230E+05   0.000000E+00   0.187712E+08   0.187712E+08   0.187712E+08  -0.446160E+00   0.984124E+07   0.984057E+07   0.725704E+02
   0.370939E-02   0.184603E+08   0.184557E+08  -0.169036E+05  -0.335881E+05   0.000000E+00   0.184596E+08   0.184596E+08   0.184596E+08  -0.438754E+00   0.967786E+07   0.967720E+07   0.595704E+02
   0.451137E-02   0.180761E+08   0.180710E+08  -0.135723E+05  -0.222342E+05   0.000000E+00   0.180753E+08   0.180753E+08   0.180753E+08  -0.429620E+00   0.947638E+07   0.947572E+07   0.482593E+02
   0.548674E-02   0.176083E+08   0.176021E+08  -0.121024E+05  -0.146422E+05   0.000000E+00   0.176073E+08   0.176073E+08   0.176073E+08  -0.418495E+00   0.923099E+07   0.923034E+07   0.394677E+02
   0.667298E-02   0.170455E+08   0.170380E+08  -0.102647E+05  -0.958241E+04   0.000000E+00   0.170443E+08   0.170443E+08   0.170443E+08  -0.405114E+00   0.893582E+07   0.893518E+07   0.320766E+02
   0.811570E-02   0.163765E+08   0.163671E+08  -0.635285E+04  -0.622391E+04   0.000000E+00   0.163751E+08   0.163751E+08   0.163751E+08  -0.389207E+00   0.858496E+07   0.858433E+07   0.261085E+02
   0.987034E-02   0.155921E+08   0.155800E+08   0.173798E+04  -0.400608E+04   0.000000E+00   0.155902E+08   0.155902E+08   0.155902E+08  -0.370552E+00   0.817347E+07   0.817284E+07   0.213650E+02
   0.120043E-01   0.146781E+08   0.146622E+08  -0.212043E+04  -0.254948E+04   0.000000E+00   0.146756E+08   0.146756E+08   0.146756E+08  -0.348813E+00   0.769398E+07   0.769335E+07   0.175652E+02
   0.145997E-01   0.136323E+08   0.136115E+08   0.361989E+03  -0.160071E+04   0.000000E+00   0.136291E+08   0.136291E+08   0.136291E+08  -0.323939E+00   0.714531E+07   0.714467E+07   0.145588E+02
   0.177562E-01   0.124412E+08   0.124143E+08  -0.115609E+04  -0.987544E+03   0.000000E+00   0.124371E+08   0.124371E+08   0.124371E+08  -0.295607E+00   0.652038E+07   0.651974E+07   0.121351E+02
   0.215952E-01   0.111182E+08   0.110841E+08  -0.737693E+02  -0.596573E+03   0.000000E+00   0.111129E+08   0.111129E+08   0.111129E+08  -0.264135E+00   0.582620E+07   0.582554E+07   0.101372E+02
   0.259142E-01   0.978732E+07   0.974655E+07   0.223270E+02  -0.364641E+03   0.000000E+00   0.978102E+07   0.978102E+07   0.978102E+07  -0.232477E+00   0.512792E+07   0.512726E+07   0.848317E+01
   0.302332E-01   0.862869E+07   0.858358E+07  -0.705588E+02  -0.236151E+03   0.000000E+00   0.862171E+07   0.862171E+07   0.862171E+07  -0.204923E+00   0.452014E+07   0.451949E+07   0.713395E+01
   0.345522E-01   0.764398E+07   0.759727E+07  -0.252274E+02  -0.160151E+03   0.000000E+00   0.763676E+07   0.763676E+07   0.763676E+07  -0.181512E+00   0.400376E+07   0.400314E+07   0.595033E+01
   0.388713E-01   0.682809E+07   0.678251E+07  -0.193400E+02  -0.113023E+03   0.000000E+00   0.682104E+07   0.682104E+07   0.682104E+07  -0.162124E+00   0.357610E+07   0.357554E+07   0.488532E+01
   0.431903E-01   0.616741E+07   0.612527E+07  -0.181961E+02  -0.826886E+02   0.000000E+00   0.616089E+07   0.616089E+07   0.616089E+07  -0.146433E+00   0.323001E+07   0.322950E+07   0.393375E+01
   0.475093E-01   0.563896E+07   0.560188E+07   0.124662E+03  -0.624840E+02   0.000000E+00   0.563322E+07   0.563322E+07   0.563322E+07  -0.133892E+00   0.295336E+07   0.295291E+07   0.310611E+01
   0.518284E-01   0.522254E+07   0.519132E+07   0.970269E+02  -0.486303E+02   0.000000E+00   0.521771E+07   0.521771E+07   0.521771E+07  -0.124016E+00   0.273551E+07   0.273513E+07   0.241546E+01
   0.561474E-01   0.488317E+07   0.485776E+07   0.773130E+02  -0.387477E+02   0.000000E+00   0.487924E+07   0.487924E+07   0.487924E+07  -0.115971E+00   0.255805E+07   0.255774E+07   0.186657E+01
   0.604664E-01   0.459659E+07   0.457624E+07   0.627597E+02  -0.314524E+02   0.000000E+00   0.459344E+07   0.459344E+07   0.459344E+07  -0.109178E+00   0.240821E+07   0.240795E+07   0.145606E+01
   0.647855E-01   0.433950E+07   0.432298E+07   0.516189E+02  -0.258682E+02   0.000000E+00   0.433694E+07   0.433694E+07   0.433694E+07  -0.103081E+00   0.227373E+07   0.227351E+07   0.117033E+01
   0.691045E-01   0.409602E+07   0.408188E+07   0.428254E+02  -0.214611E+02   0.000000E+00   0.409383E+07   0.409383E+07   0.409383E+07  -0.973030E-01   0.214627E+07   0.214607E+07   0.988488E+00
   0.734235E-01   0.385667E+07   0.384353E+07   0.357187E+02  -0.178998E+02   0.000000E+00   0.385463E+07   0.385463E+07   0.385463E+07  -0.916178E-01   0.202087E+07   0.202068E+07   0.885179E+00
   0.777425E-01   0.361889E+07   0.360562E+07   0.298943E+02  -0.149813E+02   0.000000E+00   0.361683E+07   0.361683E+07   0.361683E+07  -0.859657E-01   0.189620E+07   0.189601E+07   0.834047E+00
   0.820616E-01   0.338481E+07   0.337068E+07   0.250925E+02  -0.125754E+02   0.000000E+00   0.338263E+07   0.338263E+07   0.338263E+07  -0.803990E-01   0.177342E+07   0.177322E+07   0.810725E+00
   0.863806E-01   0.316003E+07   0.314475E+07   0.211394E+02  -0.105947E+02   0.000000E+00   0.315766E+07   0.315766E+07   0.315766E+07  -0.750520E-01   0.165548E+07   0.165527E+07   0.795321E+00
   0.906996E-01   0.295045E+07   0.293415E+07   0.179000E+02  -0.897153E+01   0.000000E+00   0.294793E+07   0.294793E+07   0.294793E+07  -0.700670E-01   0.154552E+07   0.154531E+07   0.773783E+00
   0.960627E-01   0.271922E+07   0.270229E+07   0.147046E+02  -0.737026E+01   0.000000E+00   0.271660E+07   0.271660E+07   0.271660E+07  -0.645686E-01   0.142424E+07   0.142403E+07   0.727394E+00
   0.101426E+00   0.252653E+07   0.250997E+07   0.122552E+02  -0.614266E+01   0.000000E+00   0.252397E+07   0.252397E+07   0.252397E+07  -0.599901E-01   0.132325E+07   0.132305E+07   0.657274E+00
   0.106789E+00   0.237335E+07   0.235810E+07   0.103852E+02  -0.520529E+01   0.000000E+00   0.237099E+07   0.237099E+07   0.237099E+07  -0.563542E-01   0.124305E+07   0.124287E+07   0.570407E+00
   0.112152E+00   0.225322E+07   0.223992E+07   0.894007E+01  -0.448078E+01   0.000000E+00   0.225116E+07   0.225116E+07   0.225116E+07  -0.535061E-01   0.118022E+07   0.118006E+07   0.478596E+00
   0.117515E+00   0.215507E+07   0.214394E+07   0.778909E+01  -0.390372E+01   0.000000E+00   0.215335E+07   0.215335E+07   0.215335E+07  -0.511812E-01   0.112894E+07   0.112880E+07   0.393969E+00
   0.122878E+00   0.206765E+07   0.205844E+07   0.683595E+01  -0.342589E+01   0.000000E+00   0.206622E+07   0.206622E+07   0.206622E+07  -0.491105E-01   0.108326E+07   0.108314E+07   0.325657E+00
   0.128241E+00   0.198208E+07   0.197425E+07   0.601696E+01  -0.301537E+01   0.000000E+00   0.198087E+07   0.198087E+07   0.198087E+07  -0.470817E-01   0.103851E+07   0.103840E+07   0.277950E+00
   0.133604E+00   0.189286E+07   0.188572E+07   0.529423E+01  -0.265315E+01   0.000000E+00   0.189175E+07   0.189175E+07   0.189175E+07  -0.449636E-01   0.991792E+06   0.991691E+06   0.250123E+00
   0.138967E+00   0.179858E+07   0.179151E+07   0.464960E+01  -0.233014E+01   0.000000E+00   0.179749E+07   0.179749E+07   0.179749E+07  -0.427231E-01   0.942371E+06   0.942272E+06   0.237623E+00
   0.144330E+00   0.170157E+07   0.169413E+07   0.407764E+01  -0.204356E+01   0.000000E+00   0.170042E+07   0.170042E+07   0.170042E+07  -0.404160E-01   0.891482E+06   0.891381E+06   0.233959E+00
   0.149694E+00   0.160613E+07   0.159817E+07   0.357767E+01  -0.179306E+01   0.000000E+00   0.160490E+07   0.160490E+07   0.160490E+07  -0.381456E-01   0.841405E+06   0.841300E+06   0.232602E+00
   0.155057E+00   0.151688E+07   0.150849E+07   0.314883E+01  -0.157818E+01   0.000000E+00   0.151558E+07   0.151558E+07   0.151558E+07  -0.360226E-01   0.794578E+06   0.794472E+06   0.228505E+00
   0.160420E+00   0.143778E+07   0.142926E+07   0.278820E+01  -0.139747E+01   0.000000E+00   0.143646E+07   0.143646E+07   0.143646E+07  -0.341421E-01   0.753098E+06   0.752993E+06   0.218956E+00
   0.165783E+00   0.137115E+07   0.136286E+07   0.248968E+01  -0.124785E+01   0.000000E+00   0.136986E+07   0.136986E+07   0.136986E+07  -0.325592E-01   0.718184E+06   0.718083E+06   0.203670E+00
   0.171146E+00   0.131666E+07   0.130892E+07   0.224333E+01  -0.112437E+01   0.000000E+00   0.131546E+07   0.131546E+07   0.131546E+07  -0.312662E-01   0.689663E+06   0.689568E+06   0.184244E+00
   0.176509E+00   0.127161E+07   0.126463E+07   0.203707E+01  -0.102096E+01   0.000000E+00   0.127053E+07   0.127053E+07   0.127053E+07  -0.301983E-01   0.666106E+06   0.666020E+06   0.163288E+00
   0.181872E+00   0.123233E+07   0.122616E+07   0.185961E+01  -0.931990E+00   0.000000E+00   0.123138E+07   0.123138E+07   0.123138E+07  -0.292677E-01   0.645578E+06   0.645500E+06   0.143538E+00
   0.187235E+00   0.119540E+07   0.118992E+07   0.170215E+01  -0.853054E+00   0.000000E+00   0.119455E+07   0.119455E+07   0.119455E+07  -0.283923E-01   0.626269E+06   0.626197E+06   0.127126E+00
   0.192598E+00   0.115806E+07   0.115308E+07   0.155851E+01  -0.781056E+00   0.000000E+00   0.115729E+07   0.115729E+07   0.115729E+07  -0.275067E-01   0.606734E+06   0.606668E+06   0.115140E+00
   0.197961E+00   0.111864E+07   0.111392E+07   0.142501E+01  -0.714148E+00   0.000000E+00   0.111791E+07   0.111791E+07   0.111791E+07  -0.265706E-01   0.586086E+06   0.586022E+06   0.107542E+00
   0.203324E+00   0.107690E+07   0.107223E+07   0.130040E+01  -0.651705E+00   0.000000E+00   0.107618E+07   0.107618E+07   0.107618E+07  -0.255789E-01   0.564210E+06   0.564147E+06   0.103399E+00
   0.208687E+00   0.103401E+07   0.102924E+07   0.118519E+01  -0.593980E+00   0.000000E+00   0.103328E+07   0.103328E+07   0.103328E+07  -0.245591E-01   0.541717E+06   0.541654E+06   0.101280E+00
   0.214050E+00   0.991793E+06   0.986864E+06   0.108047E+01  -0.541511E+00   0.000000E+00   0.991030E+06   0.991030E+06   0.991030E+06  -0.235550E-01   0.519570E+06   0.519506E+06   0.996993E-01
   0.219414E+00   0.952013E+06   0.946974E+06   0.986995E+00  -0.494670E+00   0.000000E+00   0.951233E+06   0.951233E+06   0.951233E+06  -0.226091E-01   0.498706E+06   0.498642E+06   0.974666E-01
   0.224777E+00   0.916002E+06   0.910957E+06   0.904849E+00  -0.453505E+00   0.000000E+00   0.915222E+06   0.915222E+06   0.915222E+06  -0.217532E-01   0.479826E+06   0.479763E+06   0.939107E-01
   0.230140E+00   0.884413E+06   0.879487E+06   0.833392E+00  -0.417692E+00   0.000000E+00   0.883651E+06   0.883651E+06   0.883651E+06  -0.210028E-01   0.463275E+06   0.463213E+06   0.889264E-01
   0.235503E+00   0.857110E+06   0.852417E+06   0.771311E+00  -0.386575E+00   0.000000E+00   0.856384E+06   0.856384E+06   0.856384E+06  -0.203547E-01   0.448979E+06   0.448920E+06   0.828761E-01
   0.240866E+00   0.833291E+06   0.828902E+06   0.716884E+00  -0.359291E+00   0.000000E+00   0.832612E+06   0.832612E+06   0.832612E+06  -0.197897E-01   0.436516E+06   0.436460E+06   0.763972E-01
   0.246229E+00   0.811772E+06   0.807706E+06   0.668313E+00  -0.334943E+00   0.000000E+00   0.811143E+06   0.811143E+06   0.811143E+06  -0.192794E-01   0.425260E+06   0.425208E+06   0.701822E-01
   0.251592E+00   0.791276E+06   0.787499E+06   0.623990E+00  -0.312725E+00   0.000000E+00   0.790692E+06   0.790692E+06   0.790692E+06  -0.187933E-01   0.414538E+06   0.414489E+06   0.647887E-01
   0.256955E+00   0.770723E+06   0.767165E+06   0.582693E+00  -0.292026E+00   0.000000E+00   0.770173E+06   0.770173E+06   0.770173E+06  -0.183056E-01   0.403780E+06   0.403733E+06   0.605246E-01
   0.262318E+00   0.749514E+06   0.746090E+06   0.543729E+00  -0.272498E+00   0.000000E+00   0.748985E+06   0.748985E+06   0.748985E+06  -0.178020E-01   0.392672E+06   0.392626E+06   0.574204E-01
   0.267681E+00   0.727644E+06   0.724276E+06   0.506917E+00  -0.254050E+00   0.000000E+00   0.727123E+06   0.727123E+06   0.727123E+06  -0.172824E-01   0.381210E+06   0.381166E+06   0.552731E-01
   0.273044E+00   0.705527E+06   0.702163E+06   0.472379E+00  -0.236743E+00   0.000000E+00   0.705007E+06   0.705007E+06   0.705007E+06  -0.167568E-01   0.369616E+06   0.369572E+06   0.537351E-01
   0.278407E+00   0.683742E+06   0.680361E+06   0.440310E+00  -0.220673E+00   0.000000E+00   0.683219E+06   0.683219E+06   0.683219E+06  -0.162389E-01   0.358193E+06   0.358149E+06   0.524206E-01
   0.283771E+00   0.662873E+06   0.659485E+06   0.410876E+00  -0.205923E+00   0.000000E+00   0.662349E+06   0.662349E+06   0.662349E+06  -0.157428E-01   0.347251E+06   0.347208E+06   0.510055E-01
   0.289134E+00   0.643430E+06   0.640067E+06   0.384157E+00  -0.192534E+00   0.000000E+00   0.642910E+06   0.642910E+06   0.642910E+06  -0.152808E-01   0.337060E+06   0.337017E+06   0.492924E-01
   0.294497E+00   0.625716E+06   0.622420E+06   0.360096E+00  -0.180475E+00   0.000000E+00   0.625206E+06   0.625206E+06   0.625206E+06  -0.148600E-01   0.327778E+06   0.327737E+06   0.472299E-01
   0.299860E+00   0.609715E+06   0.606526E+06   0.338451E+00  -0.169626E+00   0.000000E+00   0.609222E+06   0.609222E+06   0.609222E+06  -0.144801E-01   0.319398E+06   0.319358E+06   0.448918E-01
   0.305223E+00   0.595134E+06   0.592078E+06   0.318855E+00  -0.159804E+00   0.000000E+00   0.594661E+06   0.594661E+06   0.594661E+06  -0.141340E-01   0.311765E+06   0.311726E+06   0.424329E-01
   0.310586E+00   0.581553E+06   0.578638E+06   0.300919E+00  -0.150814E+00   0.000000E+00   0.581102E+06   0.581102E+06   0.581102E+06  -0.138118E-01   0.304656E+06   0.304618E+06   0.400350E-01
   0.315949E+00   0.568550E+06   0.565767E+06   0.284294E+00  -0.142481E+00   0.000000E+00   0.568119E+06   0.568119E+06   0.568119E+06  -0.135032E-01   0.297849E+06   0.297813E+06   0.378559E-01
   0.321312E+00   0.555762E+06   0.553088E+06   0.268704E+00  -0.134667E+00   0.000000E+00   0.555348E+06   0.555348E+06   0.555348E+06  -0.131996E-01   0.291154E+06   0.291119E+06   0.359928E-01
   0.326675E+00   0.542943E+06   0.540349E+06   0.253959E+00  -0.127277E+00   0.000000E+00   0.542541E+06   0.542541E+06   0.542541E+06  -0.128952E-01   0.284439E+06   0.284406E+06   0.344689E-01
   0.332038E+00   0.530024E+06   0.527481E+06   0.239971E+00  -0.120267E+00   0.000000E+00   0.529630E+06   0.529630E+06   0.529630E+06  -0.125884E-01   0.277670E+06   0.277637E+06   0.332417E-01
   0.337401E+00   0.517111E+06   0.514600E+06   0.226739E+00  -0.113636E+00   0.000000E+00   0.516722E+06   0.516722E+06   0.516722E+06  -0.122816E-01   0.270903E+06   0.270871E+06   0.322249E-01
   0.342764E+00   0.504406E+06   0.501916E+06   0.214298E+00  -0.107401E+00   0.000000E+00   0.504021E+06   0.504021E+06   0.504021E+06  -0.119797E-01   0.264244E+06   0.264212E+06   0.313152E-01
   0.348127E+00   0.492121E+06   0.489652E+06   0.202683E+00  -0.101581E+00   0.000000E+00   0.491739E+06   0.491739E+06   0.491739E+06  -0.116878E-01   0.257805E+06   0.257774E+06   0.304193E-01
   0.353491E+00   0.480430E+06   0.477991E+06   0.191907E+00  -0.961802E-01   0.000000E+00   0.480052E+06   0.480052E+06   0.480052E+06  -0.114100E-01   0.251678E+06   0.251647E+06   0.294730E-01
   0.358854E+00   0.469438E+06   0.467043E+06   0.181953E+00  -0.911914E-01   0.000000E+00   0.469068E+06   0.469068E+06   0.469068E+06  -0.111489E-01   0.245919E+06   0.245889E+06   0.284514E-01
   0.364217E+00   0.459161E+06   0.456822E+06   0.172767E+00  -0.865876E-01   0.000000E+00   0.458799E+06   0.458799E+06   0.458799E+06  -0.109048E-01   0.240536E+06   0.240506E+06   0.273650E-01
   0.369580E+00   0.449518E+06   0.447245E+06   0.164267E+00  -0.823272E-01   0.000000E+00   0.449167E+06   0.449167E+06   0.449167E+06  -0.106759E-01   0.235486E+06   0.235457E+06   0.262500E-01
   0.374943E+00   0.440374E+06   0.438170E+06   0.156356E+00  -0.783623E-01   0.000000E+00   0.440033E+06   0.440033E+06   0.440033E+06  -0.104588E-01   0.230697E+06   0.230669E+06   0.251541E-01
   0.380306E+00   0.431583E+06   0.429447E+06   0.148945E+00  -0.746477E-01   0.000000E+00   0.431252E+06   0.431252E+06   0.431252E+06  -0.102501E-01   0.226094E+06   0.226066E+06   0.241222E-01
   0.385669E+00   0.423017E+06   0.420941E+06   0.141958E+00  -0.711458E-01   0.000000E+00   0.422696E+06   0.422696E+06   0.422696E+06  -0.100467E-01   0.221608E+06   0.221581E+06   0.231860E-01
   0.391032E+00   0.414578E+06   0.412552E+06   0.135336E+00  -0.678271E-01   0.000000E+00   0.414264E+06   0.414264E+06   0.414264E+06  -0.984632E-02   0.217187E+06   0.217161E+06   0.223575E-01
   0.396395E+00   0.406212E+06   0.404227E+06   0.129042E+00  -0.646724E-01   0.000000E+00   0.405905E+06   0.405905E+06   0.405905E+06  -0.964764E-02   0.212805E+06   0.212779E+06   0.216296E-01
   0.401758E+00   0.397934E+06   0.395981E+06   0.123059E+00  -0.616741E-01   0.000000E+00   0.397632E+06   0.397632E+06   0.397632E+06  -0.945100E-02   0.208468E+06   0.208442E+06   0.209812E-01
   0.407121E+00   0.389807E+06   0.387881E+06   0.117390E+00  -0.588330E-01   0.000000E+00   0.389509E+06   0.389509E+06   0.389509E+06  -0.925793E-02   0.204209E+06   0.204184E+06   0.203847E-01
   0.412484E+00   0.381903E+06   0.380003E+06   0.112038E+00  -0.561507E-01   0.000000E+00   0.381609E+06   0.381609E+06   0.381609E+06  -0.907016E-02   0.200067E+06   0.200043E+06   0.198127E-01
   0.417848E+00   0.374274E+06   0.372401E+06   0.106998E+00  -0.536253E-01   0.000000E+00   0.373984E+06   0.373984E+06   0.373984E+06  -0.888893E-02   0.196070E+06   0.196046E+06   0.192440E-01
   0.423211E+00   0.366951E+06   0.365108E+06   0.102263E+00  -0.512518E-01   0.000000E+00   0.366666E+06   0.366666E+06   0.366666E+06  -0.871499E-02   0.192233E+06   0.192209E+06   0.186669E-01
   0.428574E+00   0.359951E+06   0.358143E+06   0.978171E-01  -0.490238E-01   0.000000E+00   0.359672E+06   0.359672E+06   0.359672E+06  -0.854875E-02   0.188566E+06   0.188543E+06   0.180808E-01
   0.433937E+00   0.353268E+06   0.351498E+06   0.936429E-01  -0.469318E-01   0.000000E+00   0.352995E+06   0.352995E+06   0.352995E+06  -0.839005E-02   0.185065E+06   0.185043E+06   0.174933E-01
   0.439300E+00   0.346859E+06   0.345128E+06   0.897130E-01  -0.449622E-01   0.000000E+00   0.346591E+06   0.346591E+06   0.346591E+06  -0.823785E-02   0.181708E+06   0.181686E+06   0.169159E-01
   0.444663E+00   0.340661E+06   0.338969E+06   0.859977E-01  -0.431001E-01   0.000000E+00   0.340399E+06   0.340399E+06   0.340399E+06  -0.809068E-02   0.178462E+06   0.178440E+06   0.163611E-01
   0.450026E+00   0.334626E+06   0.332970E+06   0.824731E-01  -0.413336E-01   0.000000E+00   0.334369E+06   0.334369E+06   0.334369E+06  -0.794736E-02   0.175301E+06   0.175279E+06   0.158386E-01
   0.455389E+00   0.328726E+06   0.327103E+06   0.791220E-01  -0.396541E-01   0.000000E+00   0.328475E+06   0.328475E+06   0.328475E+06  -0.780725E-02   0.172210E+06   0.172189E+06   0.153538E-01
   0.460752E+00   0.322940E+06   0.321347E+06   0.759305E-01  -0.380546E-01   0.000000E+00   0.322694E+06   0.322694E+06   0.322694E+06  -0.766985E-02   0.169179E+06   0.169159E+06   0.149066E-01
   0.466115E+00   0.317253E+06   0.315687E+06   0.728867E-01  -0.365291E-01   0.000000E+00   0.317011E+06   0.317011E+06   0.317011E+06  -0.753478E-02   0.166200E+06   0.166180E+06   0.144920E-01
   0.471478E+00   0.311670E+06   0.310128E+06   0.699841E-01  -0.350744E-01   0.000000E+00   0.311431E+06   0.311431E+06   0.311431E+06  -0.740217E-02   0.163275E+06   0.163255E+06   0.141025E-01
   0.476841E+00   0.306216E+06   0.304697E+06   0.672214E-01  -0.336898E-01   0.000000E+00   0.305981E+06   0.305981E+06   0.305981E+06  -0.727263E-02   0.160418E+06   0.160398E+06   0.137303E-01
   0.482204E+00   0.300918E+06   0.299421E+06   0.645968E-01  -0.323745E-01   0.000000E+00   0.300686E+06   0.300686E+06   0.300686E+06  -0.714677E-02   0.157642E+06   0.157622E+06   0.133685E-01
   0.487568E+00   0.295783E+06   0.294309E+06   0.621053E-01  -0.311258E-01   0.000000E+00   0.295555E+06   0.295555E+06   0.295555E+06  -0.702482E-02   0.154951E+06   0.154932E+06   0.130123E-01
   0.492931E+00   0.290811E+06   0.289360E+06   0.597398E-01  -0.299403E-01   0.000000E+00   0.290587E+06   0.290587E+06   0.290587E+06  -0.690672E-02   0.152347E+06   0.152328E+06   0.126600E-01
   0.498294E+00   0.286000E+06   0.284574E+06   0.574937E-01  -0.288146E-01   0.000000E+00   0.285780E+06   0.285780E+06   0.285780E+06  -0.679247E-02   0.149826E+06   0.149808E+06   0.123123E-01
   0.503657E+00   0.281346E+06   0.279945E+06   0.553601E-01  -0.277452E-01   0.000000E+00   0.281129E+06   0.281129E+06   0.281129E+06  -0.668193E-02   0.147388E+06   0.147370E+06   0.119720E-01
   0.509020E+00   0.276830E+06   0.275454E+06   0.533298E-01  -0.267277E-01   0.000000E+00   0.276617E+06   0.276617E+06   0.276617E+06  -0.657469E-02   0.145023E+06   0.145005E+06   0.116422E-01
   0.514383E+00   0.272429E+06   0.271078E+06   0.513934E-01  -0.257572E-01   0.000000E+00   0.272220E+06   0.272220E+06   0.272220E+06  -0.647019E-02   0.142718E+06   0.142700E+06   0.113256E-01
   0.519746E+00   0.268128E+06   0.266799E+06   0.495435E-01  -0.248301E-01   0.000000E+00   0.267922E+06   0.267922E+06   0.267922E+06  -0.636803E-02   0.140464E+06   0.140447E+06   0.110240E-01
   0.525109E+00   0.263919E+06   0.262612E+06   0.477749E-01  -0.239437E-01   0.000000E+00   0.263717E+06   0.263717E+06   0.263717E+06  -0.626808E-02   0.138260E+06   0.138243E+06   0.107381E-01
   0.530472E+00   0.259799E+06   0.258512E+06   0.460828E-01  -0.230956E-01   0.000000E+00   0.259600E+06   0.259600E+06   0.259600E+06  -0.617021E-02   0.136101E+06   0.136084E+06   0.104668E-01
   0.535835E+00   0.255761E+06   0.254494E+06   0.444631E-01  -0.222839E-01   0.000000E+00   0.255565E+06   0.255565E+06   0.255565E+06  -0.607433E-02   0.133986E+06   0.133969E+06   0.102083E-01
   0.541198E+00   0.251808E+06   0.250559E+06   0.429125E-01  -0.215068E-01   0.000000E+00   0.251615E+06   0.251615E+06   0.251615E+06  -0.598043E-02   0.131915E+06   0.131899E+06   0.996009E-02
   0.546561E+00   0.247947E+06   0.246715E+06   0.414292E-01  -0.207634E-01   0.000000E+00   0.247756E+06   0.247756E+06   0.247756E+06  -0.588872E-02   0.129892E+06   0.129876E+06   0.972004E-02
   0.551925E+00   0.244184E+06   0.242970E+06   0.400114E-01  -0.200528E-01   0.000000E+00   0.243996E+06   0.243996E+06   0.243996E+06  -0.579936E-02   0.127921E+06   0.127905E+06   0.948646E-02
   0.557288E+00   0.240520E+06   0.239324E+06   0.386561E-01  -0.193736E-01   0.000000E+00   0.240335E+06   0.240335E+06   0.240335E+06  -0.571233E-02   0.126001E+06   0.125986E+06   0.925825E-02
   0.562651E+00   0.236950E+06   0.235771E+06   0.373597E-01  -0.187239E-01   0.000000E+00   0.236767E+06   0.236767E+06   0.236767E+06  -0.562753E-02   0.124131E+06   0.124115E+06   0.903505E-02
   0.568014E+00   0.233470E+06   0.232310E+06   0.361193E-01  -0.181022E-01   0.000000E+00   0.233291E+06   0.233291E+06   0.233291E+06  -0.554490E-02   0.122308E+06   0.122293E+06   0.881720E-02
   0.573377E+00   0.230080E+06   0.228937E+06   0.349321E-01  -0.175072E-01   0.000000E+00   0.229903E+06   0.229903E+06   0.229903E+06  -0.546438E-02   0.120532E+06   0.120517E+06   0.860543E-02
   0.578740E+00   0.226772E+06   0.225646E+06   0.337947E-01  -0.169372E-01   0.000000E+00   0.226598E+06   0.226598E+06   0.226598E+06  -0.538583E-02   0.118799E+06   0.118784E+06   0.840044E-02
   0.584103E+00   0.223537E+06   0.222428E+06   0.327037E-01  -0.163903E-01   0.000000E+00   0.223365E+06   0.223365E+06   0.223365E+06  -0.530899E-02   0.117104E+06   0.117090E+06   0.820268E-02
   0.589466E+00   0.220368E+06   0.219275E+06   0.316561E-01  -0.158653E-01   0.000000E+00   0.220199E+06   0.220199E+06   0.220199E+06  -0.523373E-02   0.115444E+06   0.115430E+06   0.801234E-02
   0.594829E+00   0.217265E+06   0.216188E+06   0.306501E-01  -0.153611E-01   0.000000E+00   0.217098E+06   0.217098E+06   0.217098E+06  -0.516004E-02   0.113819E+06   0.113805E+06   0.782932E-02
   0.600192E+00   0.214227E+06   0.213165E+06   0.296839E-01  -0.148769E-01   0.000000E+00   0.214063E+06   0.214063E+06   0.214063E+06  -0.508790E-02   0.112227E+06   0.112214E+06   0.765316E-02
   0.605555E+00   0.211252E+06   0.210204E+06   0.287554E-01  -0.144116E-01   0.000000E+00   0.211090E+06   0.211090E+06   0.211090E+06  -0.501723E-02   0.110669E+06   0.110655E+06   0.748314E-02
   0.610918E+00   0.208336E+06   0.207302E+06   0.278628E-01  -0.139642E-01   0.000000E+00   0.208176E+06   0.208176E+06   0.208176E+06  -0.494798E-02   0.109141E+06   0.109128E+06   0.731846E-02
   0.616281E+00   0.205483E+06   0.204463E+06   0.270050E-01  -0.135343E-01   0.000000E+00   0.205325E+06   0.205325E+06   0.205325E+06  -0.488021E-02   0.107646E+06   0.107633E+06   0.715853E-02
   0.621645E+00   0.202695E+06   0.201688E+06   0.261809E-01  -0.131213E-01   0.000000E+00   0.202539E+06   0.202539E+06   0.202539E+06  -0.481399E-02   0.106186E+06   0.106173E+06   0.700291E-02
   0.627008E+00   0.199970E+06   0.198977E+06   0.253889E-01  -0.127244E-01   0.000000E+00   0.199816E+06   0.199816E+06   0.199816E+06  -0.474927E-02   0.104758E+06   0.104745E+06   0.685128E-02
   0.680214E+00   0.175822E+06   0.174950E+06   0.189675E-01  -0.950608E-02   0.000000E+00   0.175687E+06   0.175687E+06   0.175687E+06  -0.417577E-02   0.921080E+05   0.920966E+05   0.556100E-02
   0.737935E+00   0.154448E+06   0.153682E+06   0.141571E-01  -0.709521E-02   0.000000E+00   0.154330E+06   0.154330E+06   0.154330E+06  -0.366814E-02   0.809108E+05   0.809008E+05   0.451293E-02
   0.800554E+00   0.135561E+06   0.134888E+06   0.105579E-01  -0.529142E-02   0.000000E+00   0.135457E+06   0.135457E+06   0.135457E+06  -0.321957E-02   0.710163E+05   0.710075E+05   0.366135E-02
   0.868486E+00   0.118887E+06   0.118297E+06   0.786747E-02  -0.394301E-02   0.000000E+00   0.118796E+06   0.118796E+06   0.118796E+06  -0.282357E-02   0.622815E+05   0.622738E+05   0.296954E-02
   0.942183E+00   0.104184E+06   0.103667E+06   0.585807E-02  -0.293595E-02   0.000000E+00   0.104104E+06   0.104104E+06   0.104104E+06  -0.247436E-02   0.545788E+05   0.545720E+05   0.240801E-02
   0.101542E+01   0.922202E+05   0.917626E+05   0.446435E-02  -0.223744E-02   0.000000E+00   0.921494E+05   0.921494E+05   0.921494E+05  -0.219023E-02   0.483114E+05   0.483054E+05   0.198596E-02
   0.126811E+01   0.639797E+05   0.636622E+05   0.198588E-02  -0.995289E-03   0.000000E+00   0.639306E+05   0.639306E+05   0.639306E+05  -0.151952E-02   0.335171E+05   0.335128E+05   0.112186E-02
   0.158368E+01   0.441745E+05   0.439552E+05   0.879143E-03  -0.440615E-03   0.000000E+00   0.441406E+05   0.441406E+05   0.441406E+05  -0.104914E-02   0.231417E+05   0.231387E+05   0.636413E-03
   0.197777E+01   0.303678E+05   0.302168E+05   0.387504E-03  -0.194215E-03   0.000000E+00   0.303444E+05   0.303444E+05   0.303444E+05  -0.721232E-03   0.159088E+05   0.159066E+05   0.364267E-03
   0.246994E+01   0.207942E+05   0.206907E+05   0.170130E-03  -0.852696E-04   0.000000E+00   0.207782E+05   0.207782E+05   0.207782E+05  -0.493861E-03   0.108935E+05   0.108919E+05   0.211678E-03
   0.308458E+01   0.141879E+05   0.141171E+05   0.744263E-04  -0.373038E-04   0.000000E+00   0.141770E+05   0.141770E+05   0.141770E+05  -0.336961E-03   0.743261E+04   0.743145E+04   0.125843E-03
   0.385217E+01   0.964884E+04   0.960049E+04   0.324524E-04  -0.162665E-04   0.000000E+00   0.964136E+04   0.964136E+04   0.964136E+04  -0.229158E-03   0.505472E+04   0.505383E+04   0.771924E-04
   0.481078E+01   0.654228E+04   0.650929E+04   0.141077E-04  -0.707188E-05   0.000000E+00   0.653718E+04   0.653718E+04   0.653718E+04  -0.155377E-03   0.342728E+04   0.342657E+04   0.492482E-04
   0.600794E+01   0.442370E+04   0.440116E+04   0.611579E-05  -0.306606E-05   0.000000E+00   0.442021E+04   0.442021E+04   0.442021E+04  -0.105060E-03   0.231742E+04   0.231682E+04   0.328620E-04
   0.750301E+01   0.298351E+04   0.296807E+04   0.264431E-05  -0.132593E-05   0.000000E+00   0.298112E+04   0.298112E+04   0.298112E+04  -0.708559E-04   0.156294E+04   0.156242E+04   0.229669E-04
   0.937012E+01   0.200734E+04   0.199670E+04   0.114049E-05  -0.572030E-06   0.000000E+00   0.200570E+04   0.200570E+04   0.200570E+04  -0.476718E-04   0.105155E+04   0.105108E+04   0.167589E-04
   0.117019E+02   0.134745E+04   0.134004E+04   0.490696E-06  -0.246223E-06   0.000000E+00   0.134630E+04   0.134630E+04   0.134630E+04  -0.319992E-04   0.705855E+03   0.705410E+03   0.126836E-04
   0.146139E+02   0.902425E+03   0.897192E+03   0.210600E-06  -0.105747E-06   0.000000E+00   0.901616E+03   0.901616E+03   0.901616E+03  -0.214298E-04   0.472719E+03   0.472286E+03   0.987502E-05
   0.182505E+02   0.602959E+03   0.599175E+03   0.901465E-07  -0.453127E-07   0.000000E+00   0.602373E+03   0.602373E+03   0.602373E+03  -0.143173E-04   0.315835E+03   0.315406E+03   0.784602E-05
   0.227921E+02   0.401832E+03   0.399013E+03   0.384695E-07  -0.193689E-07   0.000000E+00   0.401396E+03   0.401396E+03   0.401396E+03  -0.954046E-05   0.210469E+03   0.210038E+03   0.631782E-05
   0.284639E+02   0.266979E+03   0.264798E+03   0.163547E-07  -0.825557E-08   0.000000E+00   0.266642E+03   0.266642E+03   0.266642E+03  -0.633760E-05   0.139823E+03   0.139385E+03   0.512663E-05
   0.355471E+02   0.176692E+03   0.174931E+03   0.691790E-08  -0.350609E-08   0.000000E+00   0.176419E+03   0.176419E+03   0.176419E+03  -0.419317E-05   0.925224E+02   0.920777E+02   0.417260E-05
   0.443930E+02   0.116309E+03   0.114825E+03   0.290528E-08  -0.148168E-08   0.000000E+00   0.116080E+03   0.116080E+03   0.116080E+03  -0.275900E-05   0.608886E+02   0.604373E+02   0.339177E-05
   0.554402E+02   0.759577E+02   0.746586E+02   0.120712E-08  -0.621656E-09   0.000000E+00   0.757567E+02   0.757567E+02   0.757567E+02  -0.180060E-05   0.397489E+02   0.392934E+02   0.274070E-05
   0.692364E+02   0.490041E+02   0.478363E+02   0.493304E-09  -0.257938E-09   0.000000E+00   0.488234E+02   0.488234E+02   0.488234E+02  -0.116045E-05   0.256286E+02   0.251745E+02   0.218811E-05
   0.864658E+02   0.310064E+02   0.299454E+02   0.196366E-09  -0.105135E-09   0.000000E+00   0.308422E+02   0.308422E+02   0.308422E+02  -0.733064E-06   0.162009E+02   0.157575E+02   0.171047E-05
   0.107983E+03   0.190023E+02   0.180490E+02   0.749018E-10  -0.416076E-10   0.000000E+00   0.188548E+02   0.188548E+02   0.188548E+02  -0.448144E-06   0.991452E+01   0.949687E+01   0.129019E-05
   0.134854E+03   0.110313E+02   0.102101E+02   0.266099E-10  -0.156535E-10   0.000000E+00   0.109042E+02   0.109042E+02   0.109042E+02  -0.259174E-06   0.574303E+01   0.537284E+01   0.915718E-06
   0.168412E+03   0.581286E+01   0.516837E+01   0.835438E-11  -0.537233E-11   0.000000E+00   0.571315E+01   0.571315E+01   0.571315E+01  -0.135791E-06   0.301624E+01   0.272161E+01   0.583583E-06
   0.210322E+03   0.252774E+01   0.211219E+01   0.207389E-11  -0.153166E-11   0.000000E+00   0.246345E+01   0.246345E+01   0.246345E+01  -0.585517E-07   0.130518E+01   0.111494E+01   0.301731E-06
   0.262660E+03   0.657729E+00   0.499608E+00   0.287376E-12  -0.263364E-12   0.000000E+00   0.633267E+00   0.633267E+00   0.633267E+00  -0.150516E-07   0.337207E+00   0.265610E+00   0.909278E-07
   0.328022E+03  -0.155305E+00  -0.102070E+00  -0.321987E-13   0.413861E-13   0.000000E+00  -0.147069E+00  -0.147069E+00  -0.147069E+00   0.349557E-08  -0.788370E-01  -0.553486E-01  -0.238863E-07
   0.409650E+03  -0.252925E+00  -0.134152E+00  -0.202684E-13   0.450682E-13   0.000000E+00  -0.234550E+00  -0.234550E+00  -0.234550E+00   0.557484E-08  -0.126767E+00  -0.766470E-01  -0.408132E-07
   0.511591E+03  -0.566897E-01  -0.222735E-01  -0.117600E-14   0.672610E-14   0.000000E+00  -0.513653E-01  -0.513653E-01  -0.513653E-01   0.122086E-08  -0.279954E-01  -0.144578E-01  -0.882709E-08
