#           k/h    P           
   0.104501E-04   0.495834E+02
   0.127095E-04   0.599377E+02
   0.154573E-04   0.724543E+02
   0.187992E-04   0.875845E+02
   0.228637E-04   0.105874E+03
   0.278068E-04   0.127983E+03
   0.338188E-04   0.154708E+03
   0.411305E-04   0.187013E+03
   0.500230E-04   0.226061E+03
   0.608381E-04   0.273261E+03
   0.739915E-04   0.330311E+03
   0.899887E-04   0.399263E+03
   0.109444E-03   0.482594E+03
   0.133107E-03   0.583290E+03
   0.161885E-03   0.704950E+03
   0.196885E-03   0.851901E+03
   0.239452E-03   0.102934E+04
   0.291222E-03   0.124347E+04
   0.354185E-03   0.150170E+04
   0.430761E-03   0.181280E+04
   0.523892E-03   0.218706E+04
   0.637159E-03   0.263647E+04
   0.774915E-03   0.317484E+04
   0.942454E-03   0.381781E+04
   0.114621E-02   0.458276E+04
   0.139403E-02   0.548833E+04
   0.169542E-02   0.655356E+04
   0.206198E-02   0.779654E+04
   0.250778E-02   0.923222E+04
   0.304997E-02   0.108694E+05
   0.370939E-02   0.127067E+05
   0.451137E-02   0.147273E+05
   0.548674E-02   0.168928E+05
   0.667298E-02   0.191355E+05
   0.811570E-02   0.213507E+05
   0.987034E-02   0.233944E+05
   0.120043E-01   0.250591E+05
   0.145997E-01   0.261258E+05
   0.177562E-01   0.262989E+05
   0.215952E-01   0.253819E+05
   0.259142E-01   0.234614E+05
   0.302332E-01   0.211660E+05
   0.345522E-01   0.188999E+05
   0.388713E-01   0.169008E+05
   0.431903E-01   0.152696E+05
   0.475093E-01   0.140010E+05
   0.518284E-01   0.130683E+05
   0.561474E-01   0.123494E+05
   0.604664E-01   0.117599E+05
   0.647855E-01   0.112079E+05
   0.691045E-01   0.106310E+05
   0.734235E-01   0.999516E+04
   0.777425E-01   0.930104E+04
   0.820616E-01   0.857299E+04
   0.863806E-01   0.785124E+04
   0.906996E-01   0.717413E+04
   0.960627E-01   0.644106E+04
   0.101426E+00   0.586045E+04
   0.106789E+00   0.543629E+04
   0.112152E+00   0.513894E+04
   0.117515E+00   0.491973E+04
   0.122878E+00   0.472982E+04
   0.128241E+00   0.453078E+04
   0.133604E+00   0.429960E+04
   0.138967E+00   0.403262E+04
   0.144330E+00   0.374366E+04
   0.149694E+00   0.345483E+04
   0.155057E+00   0.318782E+04
   0.160420E+00   0.295955E+04
   0.165783E+00   0.277860E+04
   0.171146E+00   0.264253E+04
   0.176509E+00   0.253987E+04
   0.181872E+00   0.245591E+04
   0.187235E+00   0.237717E+04
   0.192598E+00   0.229305E+04
   0.197961E+00   0.219730E+04
   0.203324E+00   0.208972E+04
   0.208687E+00   0.197559E+04
   0.214050E+00   0.186254E+04
   0.219414E+00   0.175756E+04
   0.224777E+00   0.166548E+04
   0.230140E+00   0.158840E+04
   0.235503E+00   0.152552E+04
   0.240866E+00   0.147378E+04
   0.246229E+00   0.142889E+04
   0.251592E+00   0.138635E+04
   0.256955E+00   0.134246E+04
   0.262318E+00   0.129524E+04
   0.267681E+00   0.124487E+04
   0.273044E+00   0.119297E+04
   0.278407E+00   0.114165E+04
   0.283771E+00   0.109295E+04
   0.289134E+00   0.104855E+04
   0.294497E+00   0.100938E+04
   0.299860E+00   0.975305E+03
   0.305223E+00   0.945309E+03
   0.310586E+00   0.918024E+03
   0.315949E+00   0.892109E+03
   0.321312E+00   0.866437E+03
   0.326675E+00   0.840274E+03
   0.332038E+00   0.813459E+03
   0.337401E+00   0.786374E+03
   0.342764E+00   0.759677E+03
   0.348127E+00   0.734033E+03
   0.353491E+00   0.709965E+03
   0.358854E+00   0.687776E+03
   0.364217E+00   0.667489E+03
   0.369580E+00   0.648851E+03
   0.374943E+00   0.631456E+03
   0.380306E+00   0.614882E+03
   0.385669E+00   0.598766E+03
   0.391032E+00   0.582835E+03
   0.396395E+00   0.566957E+03
   0.401758E+00   0.551183E+03
   0.407121E+00   0.535703E+03
   0.412484E+00   0.520727E+03
   0.417848E+00   0.506396E+03
   0.423211E+00   0.492795E+03
   0.428574E+00   0.479968E+03
   0.433937E+00   0.467890E+03
   0.439300E+00   0.456443E+03
   0.444663E+00   0.445459E+03
   0.450026E+00   0.434814E+03
   0.455389E+00   0.424436E+03
   0.460752E+00   0.414275E+03
   0.466115E+00   0.404295E+03
   0.471478E+00   0.394512E+03
   0.476841E+00   0.384995E+03
   0.482204E+00   0.375811E+03
   0.487568E+00   0.366981E+03
   0.492931E+00   0.358501E+03
   0.498294E+00   0.350368E+03
   0.503657E+00   0.342568E+03
   0.509020E+00   0.335058E+03
   0.514383E+00   0.327779E+03
   0.519746E+00   0.320693E+03
   0.525109E+00   0.313787E+03
   0.530472E+00   0.307050E+03
   0.535835E+00   0.300472E+03
   0.541198E+00   0.294055E+03
   0.546561E+00   0.287819E+03
   0.551925E+00   0.281780E+03
   0.557288E+00   0.275937E+03
   0.562651E+00   0.270280E+03
   0.568014E+00   0.264801E+03
   0.573377E+00   0.259497E+03
   0.578740E+00   0.254351E+03
   0.584103E+00   0.249342E+03
   0.589466E+00   0.244457E+03
   0.594829E+00   0.239694E+03
   0.600192E+00   0.235052E+03
   0.605555E+00   0.230525E+03
   0.610918E+00   0.226108E+03
   0.616281E+00   0.221806E+03
   0.621645E+00   0.217626E+03
   0.627008E+00   0.213563E+03
   0.680214E+00   0.178472E+03
   0.737935E+00   0.148838E+03
   0.800554E+00   0.123887E+03
   0.868486E+00   0.102919E+03
   0.942183E+00   0.853328E+02
   0.101542E+01   0.717105E+02
   0.126811E+01   0.423535E+02
   0.158368E+01   0.245923E+02
   0.197777E+01   0.139793E+02
   0.246994E+01   0.771822E+01
   0.308458E+01   0.408069E+01
   0.385217E+01   0.201424E+01
   0.481078E+01   0.886123E+00
   0.600794E+01   0.317413E+00
   0.750301E+01   0.754434E-01
   0.937012E+01   0.586133E-02
   0.117019E+02   0.567801E-03
   0.146139E+02   0.114363E-02
   0.182505E+02   0.222113E-05
   0.227921E+02   0.428065E-04
   0.284639E+02   0.905201E-05
   0.355471E+02   0.187391E-05
   0.443930E+02   0.119536E-06
   0.554402E+02   0.758783E-07
   0.692364E+02   0.138189E-07
   0.864658E+02   0.776677E-09
   0.107983E+03   0.276566E-09
   0.134854E+03   0.133789E-10
   0.168412E+03   0.471614E-12
   0.210322E+03   0.178772E-11
   0.262660E+03   0.929242E-13
   0.328022E+03   0.158625E-14
   0.409650E+03   0.179249E-14
   0.511591E+03   0.419176E-15
