#          k/h    CDM            baryon         photon         nu             mass_nu        total          no_nu          total_de       Weyl           v_CDM          v_b            v_b-v_c     
   0.104501E-04   0.198309E+08   0.198309E+08   0.264274E+08   0.264270E+08   0.000000E+00   0.198309E+08   0.198309E+08   0.198387E+08  -0.471824E+00   0.103990E+08   0.103990E+08   0.578882E+01
   0.127095E-04   0.198309E+08   0.198309E+08   0.264208E+08   0.264202E+08   0.000000E+00   0.198309E+08   0.198309E+08   0.198386E+08  -0.471824E+00   0.103990E+08   0.103990E+08   0.703991E+01
   0.154573E-04   0.198309E+08   0.198309E+08   0.264110E+08   0.264102E+08   0.000000E+00   0.198309E+08   0.198309E+08   0.198386E+08  -0.471823E+00   0.103990E+08   0.103990E+08   0.856111E+01
   0.187992E-04   0.198308E+08   0.198308E+08   0.263966E+08   0.263953E+08   0.000000E+00   0.198308E+08   0.198308E+08   0.198386E+08  -0.471823E+00   0.103990E+08   0.103990E+08   0.104105E+02
   0.228637E-04   0.198308E+08   0.198308E+08   0.263752E+08   0.263734E+08   0.000000E+00   0.198308E+08   0.198308E+08   0.198385E+08  -0.471821E+00   0.103989E+08   0.103989E+08   0.126585E+02
   0.278068E-04   0.198307E+08   0.198307E+08   0.263436E+08   0.263409E+08   0.000000E+00   0.198307E+08   0.198307E+08   0.198385E+08  -0.471819E+00   0.103989E+08   0.103989E+08   0.153904E+02
   0.338188E-04   0.198306E+08   0.198306E+08   0.262969E+08   0.262929E+08   0.000000E+00   0.198306E+08   0.198306E+08   0.198384E+08  -0.471817E+00   0.103989E+08   0.103988E+08   0.187090E+02
   0.411305E-04   0.198305E+08   0.198305E+08   0.262280E+08   0.262221E+08   0.000000E+00   0.198305E+08   0.198305E+08   0.198382E+08  -0.471812E+00   0.103988E+08   0.103988E+08   0.227379E+02
   0.500230E-04   0.198303E+08   0.198303E+08   0.261263E+08   0.261177E+08   0.000000E+00   0.198303E+08   0.198303E+08   0.198380E+08  -0.471806E+00   0.103987E+08   0.103987E+08   0.276252E+02
   0.608381E-04   0.198300E+08   0.198300E+08   0.259767E+08   0.259640E+08   0.000000E+00   0.198300E+08   0.198300E+08   0.198376E+08  -0.471797E+00   0.103985E+08   0.103985E+08   0.335463E+02
   0.739915E-04   0.198296E+08   0.198295E+08   0.257568E+08   0.257381E+08   0.000000E+00   0.198296E+08   0.198296E+08   0.198371E+08  -0.471784E+00   0.103983E+08   0.103983E+08   0.407065E+02
   0.899887E-04   0.198289E+08   0.198289E+08   0.254346E+08   0.254073E+08   0.000000E+00   0.198289E+08   0.198289E+08   0.198364E+08  -0.471765E+00   0.103979E+08   0.103979E+08   0.493416E+02
   0.109444E-03   0.198280E+08   0.198279E+08   0.249649E+08   0.249252E+08   0.000000E+00   0.198280E+08   0.198280E+08   0.198353E+08  -0.471736E+00   0.103974E+08   0.103974E+08   0.597129E+02
   0.133107E-03   0.198266E+08   0.198265E+08   0.242848E+08   0.242273E+08   0.000000E+00   0.198266E+08   0.198266E+08   0.198337E+08  -0.471694E+00   0.103967E+08   0.103967E+08   0.720943E+02
   0.161885E-03   0.198245E+08   0.198244E+08   0.233100E+08   0.232278E+08   0.000000E+00   0.198245E+08   0.198245E+08   0.198313E+08  -0.471631E+00   0.103956E+08   0.103955E+08   0.867426E+02
   0.196885E-03   0.198215E+08   0.198213E+08   0.219344E+08   0.218187E+08   0.000000E+00   0.198214E+08   0.198214E+08   0.198279E+08  -0.471541E+00   0.103940E+08   0.103939E+08   0.103840E+03
   0.239452E-03   0.198170E+08   0.198167E+08   0.200370E+08   0.198781E+08   0.000000E+00   0.198170E+08   0.198170E+08   0.198228E+08  -0.471409E+00   0.103916E+08   0.103915E+08   0.123393E+03
   0.291222E-03   0.198105E+08   0.198101E+08   0.175089E+08   0.172986E+08   0.000000E+00   0.198104E+08   0.198104E+08   0.198155E+08  -0.471219E+00   0.103881E+08   0.103880E+08   0.145073E+03
   0.354185E-03   0.198010E+08   0.198004E+08   0.143125E+08   0.140497E+08   0.000000E+00   0.198010E+08   0.198010E+08   0.198051E+08  -0.470948E+00   0.103831E+08   0.103829E+08   0.167978E+03
   0.430761E-03   0.197874E+08   0.197865E+08   0.105847E+08   0.102842E+08   0.000000E+00   0.197873E+08   0.197873E+08   0.197904E+08  -0.470567E+00   0.103758E+08   0.103755E+08   0.190376E+03
   0.523892E-03   0.197680E+08   0.197668E+08   0.675524E+07   0.645835E+07   0.000000E+00   0.197678E+08   0.197678E+08   0.197698E+08  -0.470041E+00   0.103654E+08   0.103651E+08   0.209537E+03
   0.637159E-03   0.197408E+08   0.197391E+08   0.355552E+07   0.332986E+07   0.000000E+00   0.197405E+08   0.197405E+08   0.197415E+08  -0.469328E+00   0.103508E+08   0.103504E+08   0.221963E+03
   0.774915E-03   0.197030E+08   0.197008E+08   0.167721E+07   0.158427E+07   0.000000E+00   0.197027E+08   0.197027E+08   0.197032E+08  -0.468378E+00   0.103307E+08   0.103302E+08   0.224363E+03
   0.942454E-03   0.196517E+08   0.196489E+08   0.105472E+07   0.108379E+07   0.000000E+00   0.196512E+08   0.196512E+08   0.196516E+08  -0.467124E+00   0.103034E+08   0.103028E+08   0.215215E+03
   0.114621E-02   0.195828E+08   0.195796E+08   0.714772E+06   0.768131E+06   0.000000E+00   0.195823E+08   0.195823E+08   0.195825E+08  -0.465470E+00   0.102670E+08   0.102664E+08   0.195653E+03
   0.139403E-02   0.194917E+08   0.194882E+08   0.255380E+06   0.283404E+06   0.000000E+00   0.194912E+08   0.194912E+08   0.194913E+08  -0.463292E+00   0.102191E+08   0.102184E+08   0.168549E+03
   0.169542E-02   0.193726E+08   0.193689E+08   0.148031E+06  -0.168798E+06   0.000000E+00   0.193720E+08   0.193720E+08   0.193720E+08  -0.460450E+00   0.101565E+08   0.101558E+08   0.138006E+03
   0.206198E-02   0.192184E+08   0.192147E+08   0.260608E+04  -0.113191E+06   0.000000E+00   0.192178E+08   0.192178E+08   0.192178E+08  -0.456781E+00   0.100755E+08   0.100749E+08   0.109663E+03
   0.250778E-02   0.190212E+08   0.190174E+08   0.876017E+04  -0.757300E+05   0.000000E+00   0.190206E+08   0.190206E+08   0.190206E+08  -0.452091E+00   0.997206E+07   0.997140E+07   0.875977E+02
   0.304997E-02   0.187718E+08   0.187677E+08   0.240027E+04  -0.505230E+05   0.000000E+00   0.187712E+08   0.187712E+08   0.187712E+08  -0.446160E+00   0.984124E+07   0.984058E+07   0.718272E+02
   0.370939E-02   0.184603E+08   0.184558E+08  -0.169036E+05  -0.335881E+05   0.000000E+00   0.184596E+08   0.184596E+08   0.184596E+08  -0.438754E+00   0.967786E+07   0.967720E+07   0.589582E+02
   0.451137E-02   0.180761E+08   0.180710E+08  -0.135723E+05  -0.222342E+05   0.000000E+00   0.180753E+08   0.180753E+08   0.180753E+08  -0.429620E+00   0.947638E+07   0.947573E+07   0.477625E+02
   0.548674E-02   0.176083E+08   0.176021E+08  -0.121024E+05  -0.146422E+05   0.000000E+00   0.176073E+08   0.176073E+08   0.176073E+08  -0.418495E+00   0.923099E+07   0.923035E+07   0.390595E+02
   0.667298E-02   0.170455E+08   0.170380E+08  -0.102647E+05  -0.958241E+04   0.000000E+00   0.170443E+08   0.170443E+08   0.170443E+08  -0.405114E+00   0.893582E+07   0.893519E+07   0.317432E+02
   0.811570E-02   0.163765E+08   0.163672E+08  -0.635285E+04  -0.622391E+04   0.000000E+00   0.163751E+08   0.163751E+08   0.163751E+08  -0.389207E+00   0.858496E+07   0.858433E+07   0.258355E+02
   0.987034E-02   0.155921E+08   0.155800E+08   0.173798E+04  -0.400608E+04   0.000000E+00   0.155902E+08   0.155902E+08   0.155902E+08  -0.370552E+00   0.817347E+07   0.817285E+07   0.211396E+02
   0.120043E-01   0.146781E+08   0.146623E+08  -0.212043E+04  -0.254948E+04   0.000000E+00   0.146756E+08   0.146756E+08   0.146756E+08  -0.348813E+00   0.769398E+07   0.769336E+07   0.173777E+02
   0.145997E-01   0.136323E+08   0.136115E+08   0.361989E+03  -0.160071E+04   0.000000E+00   0.136291E+08   0.136291E+08   0.136291E+08  -0.323938E+00   0.714531E+07   0.714468E+07   0.144012E+02
   0.177562E-01   0.124412E+08   0.124143E+08  -0.115609E+04  -0.987544E+03   0.000000E+00   0.124371E+08   0.124371E+08   0.124371E+08  -0.295606E+00   0.652038E+07   0.651974E+07   0.120015E+02
   0.215952E-01   0.111182E+08   0.110841E+08  -0.737691E+02  -0.596573E+03   0.000000E+00   0.111129E+08   0.111129E+08   0.111129E+08  -0.264135E+00   0.582620E+07   0.582555E+07   0.100237E+02
   0.259142E-01   0.978731E+07   0.974655E+07   0.223276E+02  -0.364641E+03   0.000000E+00   0.978100E+07   0.978100E+07   0.978100E+07  -0.232477E+00   0.512792E+07   0.512727E+07   0.838666E+01
   0.302332E-01   0.862867E+07   0.858358E+07  -0.705590E+02  -0.236151E+03   0.000000E+00   0.862170E+07   0.862170E+07   0.862169E+07  -0.204922E+00   0.452013E+07   0.451949E+07   0.705189E+01
   0.345522E-01   0.764396E+07   0.759727E+07  -0.252272E+02  -0.160150E+03   0.000000E+00   0.763674E+07   0.763674E+07   0.763674E+07  -0.181512E+00   0.400375E+07   0.400314E+07   0.588141E+01
   0.388713E-01   0.682807E+07   0.678249E+07  -0.193394E+02  -0.113023E+03   0.000000E+00   0.682102E+07   0.682102E+07   0.682102E+07  -0.162123E+00   0.357609E+07   0.357553E+07   0.482857E+01
   0.431903E-01   0.616738E+07   0.612525E+07  -0.181961E+02  -0.826882E+02   0.000000E+00   0.616086E+07   0.616086E+07   0.616086E+07  -0.146433E+00   0.322999E+07   0.322949E+07   0.388809E+01
   0.475093E-01   0.563892E+07   0.560186E+07   0.124662E+03  -0.624836E+02   0.000000E+00   0.563319E+07   0.563319E+07   0.563319E+07  -0.133891E+00   0.295334E+07   0.295290E+07   0.307022E+01
   0.518284E-01   0.522250E+07   0.519129E+07   0.970264E+02  -0.486299E+02   0.000000E+00   0.521767E+07   0.521767E+07   0.521767E+07  -0.124015E+00   0.273549E+07   0.273512E+07   0.238779E+01
   0.561474E-01   0.488312E+07   0.485772E+07   0.773125E+02  -0.387473E+02   0.000000E+00   0.487919E+07   0.487919E+07   0.487919E+07  -0.115970E+00   0.255803E+07   0.255772E+07   0.184544E+01
   0.604664E-01   0.459654E+07   0.457620E+07   0.627592E+02  -0.314521E+02   0.000000E+00   0.459340E+07   0.459340E+07   0.459340E+07  -0.109177E+00   0.240819E+07   0.240793E+07   0.143981E+01
   0.647855E-01   0.433945E+07   0.432293E+07   0.516183E+02  -0.258679E+02   0.000000E+00   0.433689E+07   0.433689E+07   0.433689E+07  -0.103080E+00   0.227371E+07   0.227348E+07   0.115743E+01
   0.691045E-01   0.409596E+07   0.408184E+07   0.428249E+02  -0.214609E+02   0.000000E+00   0.409378E+07   0.409378E+07   0.409378E+07  -0.973018E-01   0.214625E+07   0.214604E+07   0.977661E+00
   0.734235E-01   0.385661E+07   0.384348E+07   0.357182E+02  -0.178996E+02   0.000000E+00   0.385458E+07   0.385458E+07   0.385458E+07  -0.916165E-01   0.202084E+07   0.202065E+07   0.875466E+00
   0.777425E-01   0.361883E+07   0.360557E+07   0.298939E+02  -0.149811E+02   0.000000E+00   0.361678E+07   0.361678E+07   0.361678E+07  -0.859644E-01   0.189617E+07   0.189598E+07   0.824811E+00
   0.820616E-01   0.338476E+07   0.337063E+07   0.250921E+02  -0.125751E+02   0.000000E+00   0.338257E+07   0.338257E+07   0.338257E+07  -0.803977E-01   0.177339E+07   0.177319E+07   0.801634E+00
   0.863806E-01   0.315997E+07   0.314470E+07   0.211390E+02  -0.105945E+02   0.000000E+00   0.315761E+07   0.315761E+07   0.315761E+07  -0.750507E-01   0.165545E+07   0.165524E+07   0.786294E+00
   0.906996E-01   0.295039E+07   0.293410E+07   0.178997E+02  -0.897136E+01   0.000000E+00   0.294787E+07   0.294787E+07   0.294787E+07  -0.700656E-01   0.154549E+07   0.154528E+07   0.764914E+00
   0.960627E-01   0.271916E+07   0.270224E+07   0.147044E+02  -0.737011E+01   0.000000E+00   0.271654E+07   0.271654E+07   0.271654E+07  -0.645673E-01   0.142421E+07   0.142401E+07   0.718994E+00
   0.101426E+00   0.252647E+07   0.250991E+07   0.122550E+02  -0.614252E+01   0.000000E+00   0.252391E+07   0.252391E+07   0.252391E+07  -0.599888E-01   0.132322E+07   0.132302E+07   0.649664E+00
   0.106789E+00   0.237329E+07   0.235804E+07   0.103850E+02  -0.520516E+01   0.000000E+00   0.237093E+07   0.237093E+07   0.237093E+07  -0.563528E-01   0.124302E+07   0.124284E+07   0.563820E+00
   0.112152E+00   0.225316E+07   0.223987E+07   0.893986E+01  -0.448066E+01   0.000000E+00   0.225110E+07   0.225110E+07   0.225110E+07  -0.535047E-01   0.118019E+07   0.118003E+07   0.473109E+00
   0.117515E+00   0.215501E+07   0.214388E+07   0.778889E+01  -0.390362E+01   0.000000E+00   0.215329E+07   0.215329E+07   0.215329E+07  -0.511798E-01   0.112891E+07   0.112877E+07   0.389503E+00
   0.122878E+00   0.206759E+07   0.205839E+07   0.683576E+01  -0.342579E+01   0.000000E+00   0.206617E+07   0.206617E+07   0.206617E+07  -0.491090E-01   0.108323E+07   0.108311E+07   0.322010E+00
   0.128241E+00   0.198202E+07   0.197419E+07   0.601679E+01  -0.301527E+01   0.000000E+00   0.198081E+07   0.198081E+07   0.198081E+07  -0.470802E-01   0.103848E+07   0.103837E+07   0.274868E+00
   0.133604E+00   0.189280E+07   0.188566E+07   0.529407E+01  -0.265307E+01   0.000000E+00   0.189170E+07   0.189170E+07   0.189170E+07  -0.449622E-01   0.991760E+06   0.991661E+06   0.247356E+00
   0.138967E+00   0.179852E+07   0.179145E+07   0.464946E+01  -0.233006E+01   0.000000E+00   0.179743E+07   0.179743E+07   0.179743E+07  -0.427217E-01   0.942341E+06   0.942243E+06   0.234980E+00
   0.144330E+00   0.170151E+07   0.169407E+07   0.407750E+01  -0.204349E+01   0.000000E+00   0.170036E+07   0.170036E+07   0.170036E+07  -0.404146E-01   0.891452E+06   0.891352E+06   0.231329E+00
   0.149694E+00   0.160607E+07   0.159811E+07   0.357755E+01  -0.179300E+01   0.000000E+00   0.160484E+07   0.160484E+07   0.160484E+07  -0.381442E-01   0.841375E+06   0.841271E+06   0.229960E+00
   0.155057E+00   0.151682E+07   0.150844E+07   0.314872E+01  -0.157812E+01   0.000000E+00   0.151552E+07   0.151552E+07   0.151552E+07  -0.360213E-01   0.794548E+06   0.794443E+06   0.225888E+00
   0.160420E+00   0.143772E+07   0.142921E+07   0.278810E+01  -0.139741E+01   0.000000E+00   0.143640E+07   0.143640E+07   0.143640E+07  -0.341408E-01   0.753069E+06   0.752965E+06   0.216437E+00
   0.165783E+00   0.137109E+07   0.136280E+07   0.248958E+01  -0.124780E+01   0.000000E+00   0.136981E+07   0.136981E+07   0.136981E+07  -0.325579E-01   0.718155E+06   0.718055E+06   0.201325E+00
   0.171146E+00   0.131661E+07   0.130887E+07   0.224324E+01  -0.112432E+01   0.000000E+00   0.131541E+07   0.131541E+07   0.131541E+07  -0.312649E-01   0.689634E+06   0.689541E+06   0.182129E+00
   0.176509E+00   0.127156E+07   0.126458E+07   0.203699E+01  -0.102092E+01   0.000000E+00   0.127048E+07   0.127048E+07   0.127048E+07  -0.301970E-01   0.666078E+06   0.665992E+06   0.161424E+00
   0.181872E+00   0.123228E+07   0.122610E+07   0.185953E+01  -0.931949E+00   0.000000E+00   0.123133E+07   0.123133E+07   0.123133E+07  -0.292664E-01   0.645550E+06   0.645472E+06   0.141912E+00
   0.187235E+00   0.119534E+07   0.118987E+07   0.170208E+01  -0.853016E+00   0.000000E+00   0.119450E+07   0.119450E+07   0.119450E+07  -0.283910E-01   0.626241E+06   0.626170E+06   0.125696E+00
   0.192598E+00   0.115801E+07   0.115303E+07   0.155844E+01  -0.781020E+00   0.000000E+00   0.115724E+07   0.115724E+07   0.115724E+07  -0.275055E-01   0.606707E+06   0.606641E+06   0.113851E+00
   0.197961E+00   0.111858E+07   0.111387E+07   0.142494E+01  -0.714115E+00   0.000000E+00   0.111785E+07   0.111785E+07   0.111785E+07  -0.265694E-01   0.586059E+06   0.585996E+06   0.106339E+00
   0.203324E+00   0.107685E+07   0.107218E+07   0.130034E+01  -0.651674E+00   0.000000E+00   0.107613E+07   0.107613E+07   0.107613E+07  -0.255776E-01   0.564184E+06   0.564121E+06   0.102238E+00
   0.208687E+00   0.103396E+07   0.102919E+07   0.118514E+01  -0.593951E+00   0.000000E+00   0.103322E+07   0.103322E+07   0.103322E+07  -0.245579E-01   0.541691E+06   0.541628E+06   0.100137E+00
   0.214050E+00   0.991743E+06   0.986816E+06   0.108042E+01  -0.541484E+00   0.000000E+00   0.990981E+06   0.990981E+06   0.990981E+06  -0.235538E-01   0.519544E+06   0.519481E+06   0.985668E-01
   0.219414E+00   0.951964E+06   0.946927E+06   0.986947E+00  -0.494645E+00   0.000000E+00   0.951185E+06   0.951185E+06   0.951185E+06  -0.226080E-01   0.498680E+06   0.498617E+06   0.963542E-01
   0.224777E+00   0.915954E+06   0.910911E+06   0.904804E+00  -0.453481E+00   0.000000E+00   0.915174E+06   0.915174E+06   0.915174E+06  -0.217520E-01   0.479801E+06   0.479739E+06   0.928359E-01
   0.230140E+00   0.884366E+06   0.879442E+06   0.833349E+00  -0.417670E+00   0.000000E+00   0.883604E+06   0.883604E+06   0.883604E+06  -0.210017E-01   0.463250E+06   0.463189E+06   0.879083E-01
   0.235503E+00   0.857063E+06   0.852372E+06   0.771271E+00  -0.386554E+00   0.000000E+00   0.856338E+06   0.856338E+06   0.856338E+06  -0.203536E-01   0.448955E+06   0.448897E+06   0.819288E-01
   0.240866E+00   0.833245E+06   0.828858E+06   0.716846E+00  -0.359271E+00   0.000000E+00   0.832566E+06   0.832566E+06   0.832566E+06  -0.197886E-01   0.436492E+06   0.436437E+06   0.755268E-01
   0.246229E+00   0.811727E+06   0.807662E+06   0.668277E+00  -0.334924E+00   0.000000E+00   0.811098E+06   0.811098E+06   0.811098E+06  -0.192783E-01   0.425236E+06   0.425185E+06   0.693859E-01
   0.251592E+00   0.791232E+06   0.787456E+06   0.623956E+00  -0.312708E+00   0.000000E+00   0.790648E+06   0.790648E+06   0.790648E+06  -0.187923E-01   0.414515E+06   0.414466E+06   0.640564E-01
   0.256955E+00   0.770679E+06   0.767122E+06   0.582661E+00  -0.292009E+00   0.000000E+00   0.770129E+06   0.770129E+06   0.770129E+06  -0.183046E-01   0.403757E+06   0.403711E+06   0.598421E-01
   0.262318E+00   0.749471E+06   0.746048E+06   0.543699E+00  -0.272482E+00   0.000000E+00   0.748942E+06   0.748942E+06   0.748942E+06  -0.178010E-01   0.392649E+06   0.392604E+06   0.567732E-01
   0.267681E+00   0.727601E+06   0.724234E+06   0.506889E+00  -0.254036E+00   0.000000E+00   0.727080E+06   0.727080E+06   0.727080E+06  -0.172814E-01   0.381188E+06   0.381144E+06   0.546493E-01
   0.273044E+00   0.705486E+06   0.702123E+06   0.472352E+00  -0.236729E+00   0.000000E+00   0.704965E+06   0.704965E+06   0.704965E+06  -0.167558E-01   0.369594E+06   0.369550E+06   0.531270E-01
   0.278407E+00   0.683701E+06   0.680321E+06   0.440285E+00  -0.220660E+00   0.000000E+00   0.683178E+06   0.683178E+06   0.683178E+06  -0.162379E-01   0.358172E+06   0.358128E+06   0.518255E-01
   0.283771E+00   0.662833E+06   0.659446E+06   0.410851E+00  -0.205911E+00   0.000000E+00   0.662309E+06   0.662309E+06   0.662309E+06  -0.157419E-01   0.347230E+06   0.347187E+06   0.504250E-01
   0.289134E+00   0.643390E+06   0.640028E+06   0.384135E+00  -0.192522E+00   0.000000E+00   0.642870E+06   0.642870E+06   0.642870E+06  -0.152799E-01   0.337039E+06   0.336997E+06   0.487305E-01
   0.294497E+00   0.625676E+06   0.622382E+06   0.360074E+00  -0.180464E+00   0.000000E+00   0.625167E+06   0.625167E+06   0.625167E+06  -0.148591E-01   0.327758E+06   0.327717E+06   0.466913E-01
   0.299860E+00   0.609676E+06   0.606489E+06   0.338430E+00  -0.169616E+00   0.000000E+00   0.609183E+06   0.609183E+06   0.609183E+06  -0.144792E-01   0.319378E+06   0.319338E+06   0.443803E-01
   0.305223E+00   0.595096E+06   0.592041E+06   0.318836E+00  -0.159794E+00   0.000000E+00   0.594623E+06   0.594623E+06   0.594623E+06  -0.141331E-01   0.311745E+06   0.311706E+06   0.419502E-01
   0.310586E+00   0.581515E+06   0.578602E+06   0.300900E+00  -0.150804E+00   0.000000E+00   0.581065E+06   0.581065E+06   0.581065E+06  -0.138109E-01   0.304636E+06   0.304599E+06   0.395805E-01
   0.315949E+00   0.568513E+06   0.565732E+06   0.284276E+00  -0.142472E+00   0.000000E+00   0.568083E+06   0.568083E+06   0.568083E+06  -0.135023E-01   0.297830E+06   0.297795E+06   0.374269E-01
   0.321312E+00   0.555726E+06   0.553053E+06   0.268687E+00  -0.134658E+00   0.000000E+00   0.555312E+06   0.555312E+06   0.555312E+06  -0.131988E-01   0.291135E+06   0.291101E+06   0.355854E-01
   0.326675E+00   0.542907E+06   0.540314E+06   0.253943E+00  -0.127269E+00   0.000000E+00   0.542506E+06   0.542506E+06   0.542506E+06  -0.128944E-01   0.284421E+06   0.284387E+06   0.340789E-01
   0.332038E+00   0.529988E+06   0.527447E+06   0.239956E+00  -0.120259E+00   0.000000E+00   0.529595E+06   0.529595E+06   0.529595E+06  -0.125875E-01   0.277652E+06   0.277619E+06   0.328654E-01
   0.337401E+00   0.517076E+06   0.514566E+06   0.226724E+00  -0.113628E+00   0.000000E+00   0.516688E+06   0.516688E+06   0.516688E+06  -0.122807E-01   0.270885E+06   0.270853E+06   0.318597E-01
   0.342764E+00   0.504372E+06   0.501883E+06   0.214284E+00  -0.107394E+00   0.000000E+00   0.503987E+06   0.503987E+06   0.503987E+06  -0.119789E-01   0.264226E+06   0.264195E+06   0.309599E-01
   0.348127E+00   0.492088E+06   0.489620E+06   0.202670E+00  -0.101574E+00   0.000000E+00   0.491706E+06   0.491706E+06   0.491706E+06  -0.116870E-01   0.257788E+06   0.257757E+06   0.300737E-01
   0.353491E+00   0.480397E+06   0.477959E+06   0.191895E+00  -0.961737E-01   0.000000E+00   0.480020E+06   0.480020E+06   0.480020E+06  -0.114092E-01   0.251661E+06   0.251630E+06   0.291379E-01
   0.358854E+00   0.469406E+06   0.467011E+06   0.181941E+00  -0.911851E-01   0.000000E+00   0.469035E+06   0.469035E+06   0.469035E+06  -0.111481E-01   0.245902E+06   0.245872E+06   0.281277E-01
   0.364217E+00   0.459129E+06   0.456791E+06   0.172756E+00  -0.865816E-01   0.000000E+00   0.458767E+06   0.458767E+06   0.458767E+06  -0.109041E-01   0.240519E+06   0.240490E+06   0.270538E-01
   0.369580E+00   0.449487E+06   0.447214E+06   0.164256E+00  -0.823215E-01   0.000000E+00   0.449135E+06   0.449135E+06   0.449135E+06  -0.106751E-01   0.235469E+06   0.235441E+06   0.259517E-01
   0.374943E+00   0.440343E+06   0.438140E+06   0.156346E+00  -0.783568E-01   0.000000E+00   0.440002E+06   0.440002E+06   0.440002E+06  -0.104581E-01   0.230681E+06   0.230653E+06   0.248685E-01
   0.380306E+00   0.431553E+06   0.429417E+06   0.148935E+00  -0.746425E-01   0.000000E+00   0.431222E+06   0.431222E+06   0.431222E+06  -0.102494E-01   0.226078E+06   0.226051E+06   0.238485E-01
   0.385669E+00   0.422987E+06   0.420912E+06   0.141948E+00  -0.711408E-01   0.000000E+00   0.422666E+06   0.422666E+06   0.422666E+06  -0.100460E-01   0.221592E+06   0.221566E+06   0.229232E-01
   0.391032E+00   0.414548E+06   0.412523E+06   0.135327E+00  -0.678223E-01   0.000000E+00   0.414235E+06   0.414235E+06   0.414235E+06  -0.984562E-02   0.217172E+06   0.217146E+06   0.221041E-01
   0.396395E+00   0.406183E+06   0.404199E+06   0.129033E+00  -0.646677E-01   0.000000E+00   0.405876E+06   0.405876E+06   0.405876E+06  -0.964695E-02   0.212790E+06   0.212764E+06   0.213844E-01
   0.401758E+00   0.397906E+06   0.395953E+06   0.123050E+00  -0.616697E-01   0.000000E+00   0.397604E+06   0.397604E+06   0.397604E+06  -0.945033E-02   0.208453E+06   0.208428E+06   0.207433E-01
   0.407121E+00   0.389779E+06   0.387853E+06   0.117382E+00  -0.588288E-01   0.000000E+00   0.389481E+06   0.389481E+06   0.389481E+06  -0.925726E-02   0.204194E+06   0.204169E+06   0.201534E-01
   0.412484E+00   0.381875E+06   0.379976E+06   0.112030E+00  -0.561466E-01   0.000000E+00   0.381581E+06   0.381581E+06   0.381581E+06  -0.906950E-02   0.200053E+06   0.200028E+06   0.195879E-01
   0.417848E+00   0.374247E+06   0.372374E+06   0.106991E+00  -0.536214E-01   0.000000E+00   0.373957E+06   0.373957E+06   0.373957E+06  -0.888829E-02   0.196055E+06   0.196032E+06   0.190254E-01
   0.423211E+00   0.366924E+06   0.365082E+06   0.102255E+00  -0.512481E-01   0.000000E+00   0.366639E+06   0.366639E+06   0.366639E+06  -0.871435E-02   0.192219E+06   0.192195E+06   0.184549E-01
   0.428574E+00   0.359925E+06   0.358117E+06   0.978101E-01  -0.490202E-01   0.000000E+00   0.359645E+06   0.359645E+06   0.359645E+06  -0.854812E-02   0.188552E+06   0.188529E+06   0.178755E-01
   0.433937E+00   0.353242E+06   0.351472E+06   0.936362E-01  -0.469283E-01   0.000000E+00   0.352968E+06   0.352968E+06   0.352968E+06  -0.838943E-02   0.185052E+06   0.185029E+06   0.172946E-01
   0.439300E+00   0.346833E+06   0.345103E+06   0.897066E-01  -0.449588E-01   0.000000E+00   0.346565E+06   0.346565E+06   0.346565E+06  -0.823724E-02   0.181695E+06   0.181673E+06   0.167239E-01
   0.444663E+00   0.340635E+06   0.338944E+06   0.859915E-01  -0.430969E-01   0.000000E+00   0.340374E+06   0.340374E+06   0.340374E+06  -0.809007E-02   0.178449E+06   0.178427E+06   0.161755E-01
   0.450026E+00   0.334600E+06   0.332946E+06   0.824671E-01  -0.413305E-01   0.000000E+00   0.334344E+06   0.334344E+06   0.334344E+06  -0.794677E-02   0.175288E+06   0.175266E+06   0.156590E-01
   0.455389E+00   0.328701E+06   0.327079E+06   0.791163E-01  -0.396511E-01   0.000000E+00   0.328450E+06   0.328450E+06   0.328450E+06  -0.780667E-02   0.172197E+06   0.172176E+06   0.151797E-01
   0.460752E+00   0.322916E+06   0.321324E+06   0.759250E-01  -0.380517E-01   0.000000E+00   0.322669E+06   0.322669E+06   0.322669E+06  -0.766927E-02   0.169167E+06   0.169146E+06   0.147376E-01
   0.466115E+00   0.317229E+06   0.315663E+06   0.728813E-01  -0.365263E-01   0.000000E+00   0.316987E+06   0.316987E+06   0.316987E+06  -0.753421E-02   0.166187E+06   0.166167E+06   0.143277E-01
   0.471478E+00   0.311646E+06   0.310104E+06   0.699790E-01  -0.350717E-01   0.000000E+00   0.311408E+06   0.311408E+06   0.311408E+06  -0.740160E-02   0.163262E+06   0.163243E+06   0.139426E-01
   0.476841E+00   0.306193E+06   0.304674E+06   0.672164E-01  -0.336872E-01   0.000000E+00   0.305958E+06   0.305958E+06   0.305958E+06  -0.727207E-02   0.160405E+06   0.160386E+06   0.135745E-01
   0.482204E+00   0.300895E+06   0.299398E+06   0.645920E-01  -0.323720E-01   0.000000E+00   0.300663E+06   0.300663E+06   0.300663E+06  -0.714623E-02   0.157629E+06   0.157610E+06   0.132168E-01
   0.487568E+00   0.295760E+06   0.294286E+06   0.621007E-01  -0.311234E-01   0.000000E+00   0.295532E+06   0.295532E+06   0.295532E+06  -0.702428E-02   0.154940E+06   0.154921E+06   0.128647E-01
   0.492931E+00   0.290788E+06   0.289338E+06   0.597353E-01  -0.299380E-01   0.000000E+00   0.290564E+06   0.290564E+06   0.290564E+06  -0.690619E-02   0.152335E+06   0.152316E+06   0.125164E-01
   0.498294E+00   0.285978E+06   0.284553E+06   0.574894E-01  -0.288124E-01   0.000000E+00   0.285758E+06   0.285758E+06   0.285758E+06  -0.679194E-02   0.149815E+06   0.149797E+06   0.121727E-01
   0.503657E+00   0.281324E+06   0.279924E+06   0.553559E-01  -0.277431E-01   0.000000E+00   0.281107E+06   0.281107E+06   0.281107E+06  -0.668142E-02   0.147377E+06   0.147359E+06   0.118362E-01
   0.509020E+00   0.276808E+06   0.275433E+06   0.533258E-01  -0.267256E-01   0.000000E+00   0.276596E+06   0.276596E+06   0.276596E+06  -0.657418E-02   0.145012E+06   0.144994E+06   0.115102E-01
   0.514383E+00   0.272408E+06   0.271057E+06   0.513896E-01  -0.257552E-01   0.000000E+00   0.272199E+06   0.272199E+06   0.272199E+06  -0.646969E-02   0.142706E+06   0.142689E+06   0.111972E-01
   0.519746E+00   0.268107E+06   0.266779E+06   0.495398E-01  -0.248281E-01   0.000000E+00   0.267901E+06   0.267901E+06   0.267901E+06  -0.636754E-02   0.140453E+06   0.140436E+06   0.108991E-01
   0.525109E+00   0.263898E+06   0.262592E+06   0.477712E-01  -0.239418E-01   0.000000E+00   0.263696E+06   0.263696E+06   0.263696E+06  -0.626759E-02   0.138249E+06   0.138232E+06   0.106164E-01
   0.530472E+00   0.259778E+06   0.258492E+06   0.460793E-01  -0.230938E-01   0.000000E+00   0.259579E+06   0.259579E+06   0.259579E+06  -0.616973E-02   0.136090E+06   0.136074E+06   0.103482E-01
   0.535835E+00   0.255741E+06   0.254474E+06   0.444597E-01  -0.222821E-01   0.000000E+00   0.255545E+06   0.255545E+06   0.255545E+06  -0.607385E-02   0.133975E+06   0.133959E+06   0.100926E-01
   0.541198E+00   0.251788E+06   0.250539E+06   0.429092E-01  -0.215051E-01   0.000000E+00   0.251595E+06   0.251595E+06   0.251595E+06  -0.597996E-02   0.131904E+06   0.131888E+06   0.984719E-02
   0.546561E+00   0.247927E+06   0.246696E+06   0.414260E-01  -0.207617E-01   0.000000E+00   0.247737E+06   0.247737E+06   0.247737E+06  -0.588825E-02   0.129881E+06   0.129866E+06   0.960985E-02
   0.551925E+00   0.244165E+06   0.242952E+06   0.400084E-01  -0.200513E-01   0.000000E+00   0.243977E+06   0.243977E+06   0.243977E+06  -0.579890E-02   0.127910E+06   0.127895E+06   0.937892E-02
   0.557288E+00   0.240501E+06   0.239305E+06   0.386531E-01  -0.193721E-01   0.000000E+00   0.240316E+06   0.240316E+06   0.240316E+06  -0.571188E-02   0.125991E+06   0.125976E+06   0.915330E-02
   0.562651E+00   0.236931E+06   0.235753E+06   0.373569E-01  -0.187224E-01   0.000000E+00   0.236748E+06   0.236748E+06   0.236748E+06  -0.562709E-02   0.124121E+06   0.124106E+06   0.893264E-02
   0.568014E+00   0.233451E+06   0.232291E+06   0.361165E-01  -0.181008E-01   0.000000E+00   0.233272E+06   0.233272E+06   0.233272E+06  -0.554446E-02   0.122298E+06   0.122283E+06   0.871727E-02
   0.573377E+00   0.230062E+06   0.228919E+06   0.349294E-01  -0.175058E-01   0.000000E+00   0.229885E+06   0.229885E+06   0.229885E+06  -0.546395E-02   0.120522E+06   0.120508E+06   0.850791E-02
   0.578740E+00   0.226754E+06   0.225629E+06   0.337921E-01  -0.169358E-01   0.000000E+00   0.226580E+06   0.226580E+06   0.226580E+06  -0.538540E-02   0.118790E+06   0.118775E+06   0.830525E-02
   0.584103E+00   0.223519E+06   0.222410E+06   0.327011E-01  -0.163890E-01   0.000000E+00   0.223347E+06   0.223347E+06   0.223347E+06  -0.530856E-02   0.117095E+06   0.117081E+06   0.810974E-02
   0.589466E+00   0.220350E+06   0.219258E+06   0.316536E-01  -0.158640E-01   0.000000E+00   0.220181E+06   0.220181E+06   0.220181E+06  -0.523331E-02   0.115435E+06   0.115421E+06   0.792157E-02
   0.594829E+00   0.217247E+06   0.216170E+06   0.306477E-01  -0.153599E-01   0.000000E+00   0.217081E+06   0.217081E+06   0.217081E+06  -0.515962E-02   0.113809E+06   0.113796E+06   0.774062E-02
   0.600192E+00   0.214210E+06   0.213148E+06   0.296816E-01  -0.148757E-01   0.000000E+00   0.214046E+06   0.214046E+06   0.214046E+06  -0.508749E-02   0.112218E+06   0.112205E+06   0.756647E-02
   0.605555E+00   0.211235E+06   0.210187E+06   0.287532E-01  -0.144104E-01   0.000000E+00   0.211073E+06   0.211073E+06   0.211073E+06  -0.501682E-02   0.110660E+06   0.110646E+06   0.739837E-02
   0.610918E+00   0.208319E+06   0.207286E+06   0.278606E-01  -0.139631E-01   0.000000E+00   0.208160E+06   0.208160E+06   0.208160E+06  -0.494758E-02   0.109132E+06   0.109119E+06   0.723557E-02
   0.616281E+00   0.205466E+06   0.204447E+06   0.270029E-01  -0.135332E-01   0.000000E+00   0.205309E+06   0.205309E+06   0.205309E+06  -0.487982E-02   0.107638E+06   0.107625E+06   0.707745E-02
   0.621645E+00   0.202678E+06   0.201672E+06   0.261788E-01  -0.131202E-01   0.000000E+00   0.202523E+06   0.202523E+06   0.202523E+06  -0.481360E-02   0.106177E+06   0.106164E+06   0.692359E-02
   0.627008E+00   0.199953E+06   0.198961E+06   0.253869E-01  -0.127233E-01   0.000000E+00   0.199800E+06   0.199800E+06   0.199800E+06  -0.474888E-02   0.104750E+06   0.104737E+06   0.677369E-02
   0.680214E+00   0.175808E+06   0.174936E+06   0.189660E-01  -0.950530E-02   0.000000E+00   0.175673E+06   0.175673E+06   0.175673E+06  -0.417543E-02   0.921004E+05   0.920892E+05   0.549807E-02
   0.737935E+00   0.154435E+06   0.153669E+06   0.141559E-01  -0.709463E-02   0.000000E+00   0.154317E+06   0.154317E+06   0.154317E+06  -0.366784E-02   0.809041E+05   0.808942E+05   0.446191E-02
   0.800554E+00   0.135550E+06   0.134877E+06   0.105571E-01  -0.529098E-02   0.000000E+00   0.135446E+06   0.135446E+06   0.135446E+06  -0.321930E-02   0.710104E+05   0.710017E+05   0.362000E-02
   0.868486E+00   0.118877E+06   0.118288E+06   0.786683E-02  -0.394268E-02   0.000000E+00   0.118786E+06   0.118786E+06   0.118786E+06  -0.282333E-02   0.622763E+05   0.622687E+05   0.293605E-02
   0.942183E+00   0.104175E+06   0.103658E+06   0.585759E-02  -0.293570E-02   0.000000E+00   0.104095E+06   0.104095E+06   0.104095E+06  -0.247416E-02   0.545742E+05   0.545675E+05   0.238090E-02
   0.101542E+01   0.922125E+05   0.917552E+05   0.446399E-02  -0.223726E-02   0.000000E+00   0.921418E+05   0.921418E+05   0.921418E+05  -0.219005E-02   0.483074E+05   0.483014E+05   0.196364E-02
   0.126811E+01   0.639746E+05   0.636572E+05   0.198572E-02  -0.995209E-03   0.000000E+00   0.639255E+05   0.639255E+05   0.639255E+05  -0.151939E-02   0.335144E+05   0.335102E+05   0.110934E-02
   0.158368E+01   0.441711E+05   0.439519E+05   0.879078E-03  -0.440582E-03   0.000000E+00   0.441372E+05   0.441372E+05   0.441372E+05  -0.104906E-02   0.231399E+05   0.231370E+05   0.629380E-03
   0.197777E+01   0.303657E+05   0.302148E+05   0.387479E-03  -0.194201E-03   0.000000E+00   0.303424E+05   0.303424E+05   0.303424E+05  -0.721183E-03   0.159077E+05   0.159055E+05   0.360303E-03
   0.246994E+01   0.207931E+05   0.206896E+05   0.170121E-03  -0.852649E-04   0.000000E+00   0.207771E+05   0.207771E+05   0.207771E+05  -0.493834E-03   0.108929E+05   0.108913E+05   0.209426E-03
   0.308458E+01   0.141874E+05   0.141167E+05   0.744239E-04  -0.373025E-04   0.000000E+00   0.141765E+05   0.141765E+05   0.141765E+05  -0.336950E-03   0.743236E+04   0.743121E+04   0.124545E-03
   0.385217E+01   0.964883E+04   0.960049E+04   0.324524E-04  -0.162665E-04   0.000000E+00   0.964135E+04   0.964135E+04   0.964135E+04  -0.229158E-03   0.505471E+04   0.505383E+04   0.764290E-04
   0.481078E+01   0.654263E+04   0.650964E+04   0.141085E-04  -0.707225E-05   0.000000E+00   0.653753E+04   0.653753E+04   0.653753E+04  -0.155385E-03   0.342746E+04   0.342676E+04   0.487865E-04
   0.600794E+01   0.442432E+04   0.440179E+04   0.611667E-05  -0.306650E-05   0.000000E+00   0.442084E+04   0.442084E+04   0.442084E+04  -0.105075E-03   0.231774E+04   0.231716E+04   0.325731E-04
   0.750301E+01   0.298436E+04   0.296893E+04   0.264508E-05  -0.132631E-05   0.000000E+00   0.298198E+04   0.298198E+04   0.298198E+04  -0.708762E-04   0.156339E+04   0.156288E+04   0.227794E-04
   0.937012E+01   0.200840E+04   0.199776E+04   0.114110E-05  -0.572332E-06   0.000000E+00   0.200676E+04   0.200676E+04   0.200676E+04  -0.476970E-04   0.105211E+04   0.105164E+04   0.166333E-04
   0.117019E+02   0.134870E+04   0.134129E+04   0.491156E-06  -0.246452E-06   0.000000E+00   0.134756E+04   0.134756E+04   0.134756E+04  -0.320290E-04   0.706512E+03   0.706070E+03   0.125981E-04
   0.146139E+02   0.903864E+03   0.898625E+03   0.210938E-06  -0.105916E-06   0.000000E+00   0.903054E+03   0.903054E+03   0.903054E+03  -0.214640E-04   0.473472E+03   0.473042E+03   0.981760E-05
   0.182505E+02   0.604584E+03   0.600793E+03   0.903909E-07  -0.454348E-07   0.000000E+00   0.603998E+03   0.603998E+03   0.603998E+03  -0.143559E-04   0.316687E+03   0.316259E+03   0.781050E-05
   0.227921E+02   0.403649E+03   0.400819E+03   0.386443E-07  -0.194564E-07   0.000000E+00   0.403211E+03   0.403211E+03   0.403211E+03  -0.958360E-05   0.211421E+03   0.210990E+03   0.630151E-05
   0.284639E+02   0.268994E+03   0.266799E+03   0.164787E-07  -0.831785E-08   0.000000E+00   0.268655E+03   0.268655E+03   0.268655E+03  -0.638544E-05   0.140878E+03   0.140440E+03   0.512926E-05
   0.355471E+02   0.178913E+03   0.177132E+03   0.700524E-08  -0.355014E-08   0.000000E+00   0.178637E+03   0.178637E+03   0.178637E+03  -0.424589E-05   0.936855E+02   0.932384E+02   0.419581E-05
   0.443930E+02   0.118743E+03   0.117230E+03   0.296633E-08  -0.151268E-08   0.000000E+00   0.118509E+03   0.118509E+03   0.118509E+03  -0.281675E-05   0.621629E+02   0.617053E+02   0.343891E-05
   0.554402E+02   0.786085E+02   0.772661E+02   0.124940E-08  -0.643343E-09   0.000000E+00   0.784008E+02   0.784008E+02   0.784008E+02  -0.186345E-05   0.411362E+02   0.406680E+02   0.281687E-05
   0.692364E+02   0.518696E+02   0.506356E+02   0.522256E-09  -0.273016E-09   0.000000E+00   0.516787E+02   0.516787E+02   0.516787E+02  -0.122831E-05   0.271273E+02   0.266499E+02   0.230017E-05
   0.864658E+02   0.340733E+02   0.329094E+02   0.215858E-09  -0.115530E-09   0.000000E+00   0.338932E+02   0.338932E+02   0.338932E+02  -0.805581E-06   0.178035E+02   0.173196E+02   0.186677E-05
   0.107983E+03   0.222380E+02   0.211245E+02   0.877009E-10  -0.486903E-10   0.000000E+00   0.220658E+02   0.220658E+02   0.220658E+02  -0.524463E-06   0.116029E+02   0.111175E+02   0.149952E-05
   0.134854E+03   0.143722E+02   0.133045E+02   0.346975E-10  -0.203927E-10   0.000000E+00   0.142071E+02   0.142071E+02   0.142071E+02  -0.337676E-06   0.748246E+01   0.700348E+01   0.118483E-05
   0.168412E+03   0.914839E+01   0.813624E+01   0.131660E-10  -0.845406E-11   0.000000E+00   0.899181E+01   0.899181E+01   0.899181E+01  -0.213719E-06   0.474711E+01   0.428663E+01   0.912092E-06
   0.210322E+03   0.568448E+01   0.475209E+01   0.467446E-11  -0.344377E-11   0.000000E+00   0.554023E+01   0.554023E+01   0.554023E+01  -0.131681E-06   0.293522E+01   0.251039E+01   0.673815E-06
   0.262660E+03   0.339713E+01   0.258239E+01   0.149030E-11  -0.135976E-11   0.000000E+00   0.327109E+01   0.327109E+01   0.327109E+01  -0.777479E-07   0.174172E+01   0.137453E+01   0.466333E-06
   0.328022E+03   0.190312E+01   0.125242E+01   0.397351E-12  -0.507091E-12   0.000000E+00   0.180245E+01   0.180245E+01   0.180245E+01  -0.428411E-07   0.966180E+00   0.680298E+00   0.290724E-06
   0.409650E+03   0.952485E+00   0.506342E+00   0.775437E-13  -0.169630E-12   0.000000E+00   0.883464E+00   0.883464E+00   0.883464E+00  -0.209984E-07   0.477439E+00   0.289962E+00   0.152663E-06
   0.511591E+03   0.381766E+00   0.150556E+00   0.828800E-14  -0.452546E-13   0.000000E+00   0.345996E+00   0.345996E+00   0.345996E+00  -0.822372E-08   0.188546E+00   0.979621E-01   0.590645E-07
