#          k/h    CDM            baryon         photon         nu             mass_nu        total          no_nu          total_de       Weyl           v_CDM          v_b            v_b-v_c     
   0.104501E-04   0.198309E+08   0.198309E+08   0.264274E+08   0.264270E+08   0.000000E+00   0.198309E+08   0.198309E+08   0.198387E+08  -0.471824E+00   0.103990E+08   0.103990E+08   0.586045E+01
   0.127095E-04   0.198309E+08   0.198309E+08   0.264208E+08   0.264202E+08   0.000000E+00   0.198309E+08   0.198309E+08   0.198386E+08  -0.471824E+00   0.103990E+08   0.103990E+08   0.712702E+01
   0.154573E-04   0.198309E+08   0.198309E+08   0.264110E+08   0.264102E+08   0.000000E+00   0.198309E+08   0.198309E+08   0.198386E+08  -0.471823E+00   0.103990E+08   0.103990E+08   0.866704E+01
   0.187992E-04   0.198308E+08   0.198308E+08   0.263966E+08   0.263953E+08   0.000000E+00   0.198308E+08   0.198308E+08   0.198386E+08  -0.471823E+00   0.103990E+08   0.103990E+08   0.105393E+02
   0.228637E-04   0.198308E+08   0.198308E+08   0.263752E+08   0.263734E+08   0.000000E+00   0.198308E+08   0.198308E+08   0.198385E+08  -0.471821E+00   0.103989E+08   0.103989E+08   0.128152E+02
   0.278068E-04   0.198307E+08   0.198307E+08   0.263436E+08   0.263409E+08   0.000000E+00   0.198307E+08   0.198307E+08   0.198385E+08  -0.471819E+00   0.103989E+08   0.103989E+08   0.155809E+02
   0.338188E-04   0.198306E+08   0.198306E+08   0.262969E+08   0.262929E+08   0.000000E+00   0.198306E+08   0.198306E+08   0.198384E+08  -0.471817E+00   0.103989E+08   0.103988E+08   0.189405E+02
   0.411305E-04   0.198305E+08   0.198305E+08   0.262280E+08   0.262221E+08   0.000000E+00   0.198305E+08   0.198305E+08   0.198382E+08  -0.471812E+00   0.103988E+08   0.103988E+08   0.230194E+02
   0.500230E-04   0.198303E+08   0.198303E+08   0.261263E+08   0.261177E+08   0.000000E+00   0.198303E+08   0.198303E+08   0.198380E+08  -0.471806E+00   0.103987E+08   0.103987E+08   0.279672E+02
   0.608381E-04   0.198300E+08   0.198300E+08   0.259767E+08   0.259640E+08   0.000000E+00   0.198300E+08   0.198300E+08   0.198376E+08  -0.471797E+00   0.103985E+08   0.103985E+08   0.339618E+02
   0.739915E-04   0.198296E+08   0.198295E+08   0.257568E+08   0.257381E+08   0.000000E+00   0.198296E+08   0.198296E+08   0.198371E+08  -0.471784E+00   0.103983E+08   0.103983E+08   0.412110E+02
   0.899887E-04   0.198289E+08   0.198289E+08   0.254346E+08   0.254073E+08   0.000000E+00   0.198289E+08   0.198289E+08   0.198364E+08  -0.471765E+00   0.103979E+08   0.103979E+08   0.499535E+02
   0.109444E-03   0.198280E+08   0.198279E+08   0.249649E+08   0.249252E+08   0.000000E+00   0.198280E+08   0.198280E+08   0.198353E+08  -0.471736E+00   0.103974E+08   0.103974E+08   0.604543E+02
   0.133107E-03   0.198266E+08   0.198265E+08   0.242848E+08   0.242273E+08   0.000000E+00   0.198266E+08   0.198266E+08   0.198337E+08  -0.471694E+00   0.103967E+08   0.103967E+08   0.729909E+02
   0.161885E-03   0.198245E+08   0.198244E+08   0.233100E+08   0.232278E+08   0.000000E+00   0.198245E+08   0.198245E+08   0.198313E+08  -0.471631E+00   0.103956E+08   0.103955E+08   0.878239E+02
   0.196885E-03   0.198215E+08   0.198213E+08   0.219344E+08   0.218187E+08   0.000000E+00   0.198214E+08   0.198214E+08   0.198279E+08  -0.471541E+00   0.103940E+08   0.103939E+08   0.105139E+03
   0.239452E-03   0.198170E+08   0.198167E+08   0.200370E+08   0.198781E+08   0.000000E+00   0.198170E+08   0.198170E+08   0.198228E+08  -0.471409E+00   0.103916E+08   0.103915E+08   0.124945E+03
   0.291222E-03   0.198105E+08   0.198101E+08   0.175089E+08   0.172986E+08   0.000000E+00   0.198104E+08   0.198104E+08   0.198155E+08  -0.471219E+00   0.103881E+08   0.103880E+08   0.146910E+03
   0.354185E-03   0.198010E+08   0.198004E+08   0.143125E+08   0.140497E+08   0.000000E+00   0.198010E+08   0.198010E+08   0.198051E+08  -0.470948E+00   0.103831E+08   0.103829E+08   0.170127E+03
   0.430761E-03   0.197874E+08   0.197865E+08   0.105847E+08   0.102842E+08   0.000000E+00   0.197873E+08   0.197873E+08   0.197904E+08  -0.470567E+00   0.103758E+08   0.103755E+08   0.192848E+03
   0.523892E-03   0.197680E+08   0.197668E+08   0.675524E+07   0.645835E+07   0.000000E+00   0.197678E+08   0.197678E+08   0.197698E+08  -0.470041E+00   0.103654E+08   0.103651E+08   0.212310E+03
   0.637159E-03   0.197408E+08   0.197391E+08   0.355552E+07   0.332986E+07   0.000000E+00   0.197405E+08   0.197405E+08   0.197415E+08  -0.469328E+00   0.103508E+08   0.103504E+08   0.224974E+03
   0.774915E-03   0.197030E+08   0.197008E+08   0.167721E+07   0.158427E+07   0.000000E+00   0.197027E+08   0.197027E+08   0.197032E+08  -0.468378E+00   0.103307E+08   0.103302E+08   0.227494E+03
   0.942454E-03   0.196517E+08   0.196489E+08   0.105472E+07   0.108379E+07   0.000000E+00   0.196512E+08   0.196512E+08   0.196516E+08  -0.467124E+00   0.103034E+08   0.103028E+08   0.218302E+03
   0.114621E-02   0.195828E+08   0.195796E+08   0.714772E+06   0.768131E+06   0.000000E+00   0.195823E+08   0.195823E+08   0.195825E+08  -0.465470E+00   0.102670E+08   0.102664E+08   0.198519E+03
   0.139403E-02   0.194917E+08   0.194882E+08   0.255380E+06   0.283404E+06   0.000000E+00   0.194912E+08   0.194912E+08   0.194913E+08  -0.463292E+00   0.102191E+08   0.102184E+08   0.171046E+03
   0.169542E-02   0.193726E+08   0.193689E+08   0.148031E+06  -0.168798E+06   0.000000E+00   0.193720E+08   0.193720E+08   0.193720E+08  -0.460450E+00   0.101565E+08   0.101558E+08   0.140059E+03
   0.206198E-02   0.192184E+08   0.192147E+08   0.260609E+04  -0.113191E+06   0.000000E+00   0.192178E+08   0.192178E+08   0.192178E+08  -0.456781E+00   0.100755E+08   0.100749E+08   0.111289E+03
   0.250778E-02   0.190212E+08   0.190174E+08   0.876017E+04  -0.757300E+05   0.000000E+00   0.190206E+08   0.190206E+08   0.190206E+08  -0.452091E+00   0.997206E+07   0.997139E+07   0.888926E+02
   0.304997E-02   0.187718E+08   0.187677E+08   0.240027E+04  -0.505230E+05   0.000000E+00   0.187712E+08   0.187712E+08   0.187712E+08  -0.446160E+00   0.984124E+07   0.984057E+07   0.728911E+02
   0.370939E-02   0.184603E+08   0.184557E+08  -0.169036E+05  -0.335881E+05   0.000000E+00   0.184596E+08   0.184596E+08   0.184596E+08  -0.438754E+00   0.967786E+07   0.967719E+07   0.598346E+02
   0.451137E-02   0.180761E+08   0.180710E+08  -0.135723E+05  -0.222342E+05   0.000000E+00   0.180753E+08   0.180753E+08   0.180753E+08  -0.429620E+00   0.947638E+07   0.947572E+07   0.484737E+02
   0.548674E-02   0.176083E+08   0.176021E+08  -0.121024E+05  -0.146422E+05   0.000000E+00   0.176073E+08   0.176073E+08   0.176073E+08  -0.418495E+00   0.923099E+07   0.923034E+07   0.396438E+02
   0.667298E-02   0.170455E+08   0.170380E+08  -0.102647E+05  -0.958241E+04   0.000000E+00   0.170443E+08   0.170443E+08   0.170443E+08  -0.405114E+00   0.893582E+07   0.893518E+07   0.322204E+02
   0.811570E-02   0.163765E+08   0.163671E+08  -0.635285E+04  -0.622391E+04   0.000000E+00   0.163751E+08   0.163751E+08   0.163751E+08  -0.389207E+00   0.858496E+07   0.858432E+07   0.262264E+02
   0.987034E-02   0.155921E+08   0.155800E+08   0.173798E+04  -0.400608E+04   0.000000E+00   0.155902E+08   0.155902E+08   0.155902E+08  -0.370552E+00   0.817347E+07   0.817284E+07   0.214624E+02
   0.120043E-01   0.146781E+08   0.146622E+08  -0.212043E+04  -0.254948E+04   0.000000E+00   0.146756E+08   0.146756E+08   0.146756E+08  -0.348813E+00   0.769398E+07   0.769335E+07   0.176462E+02
   0.145997E-01   0.136323E+08   0.136115E+08   0.361989E+03  -0.160071E+04   0.000000E+00   0.136291E+08   0.136291E+08   0.136291E+08  -0.323939E+00   0.714531E+07   0.714467E+07   0.146269E+02
   0.177562E-01   0.124412E+08   0.124143E+08  -0.115609E+04  -0.987544E+03   0.000000E+00   0.124371E+08   0.124371E+08   0.124371E+08  -0.295607E+00   0.652038E+07   0.651974E+07   0.121928E+02
   0.215952E-01   0.111182E+08   0.110841E+08  -0.737693E+02  -0.596573E+03   0.000000E+00   0.111129E+08   0.111129E+08   0.111129E+08  -0.264135E+00   0.582620E+07   0.582554E+07   0.101863E+02
   0.259142E-01   0.978733E+07   0.974655E+07   0.223267E+02  -0.364641E+03   0.000000E+00   0.978102E+07   0.978102E+07   0.978102E+07  -0.232477E+00   0.512792E+07   0.512726E+07   0.852487E+01
   0.302332E-01   0.862869E+07   0.858357E+07  -0.705587E+02  -0.236152E+03   0.000000E+00   0.862171E+07   0.862171E+07   0.862171E+07  -0.204923E+00   0.452014E+07   0.451949E+07   0.716941E+01
   0.345522E-01   0.764399E+07   0.759727E+07  -0.252275E+02  -0.160151E+03   0.000000E+00   0.763676E+07   0.763676E+07   0.763676E+07  -0.181512E+00   0.400376E+07   0.400314E+07   0.598012E+01
   0.388713E-01   0.682810E+07   0.678251E+07  -0.193402E+02  -0.113024E+03   0.000000E+00   0.682105E+07   0.682105E+07   0.682105E+07  -0.162124E+00   0.357611E+07   0.357554E+07   0.490985E+01
   0.431903E-01   0.616742E+07   0.612528E+07  -0.181961E+02  -0.826888E+02   0.000000E+00   0.616090E+07   0.616090E+07   0.616090E+07  -0.146434E+00   0.323001E+07   0.322950E+07   0.395348E+01
   0.475093E-01   0.563897E+07   0.560189E+07   0.124662E+03  -0.624841E+02   0.000000E+00   0.563323E+07   0.563323E+07   0.563323E+07  -0.133892E+00   0.295336E+07   0.295292E+07   0.312161E+01
   0.518284E-01   0.522255E+07   0.519133E+07   0.970271E+02  -0.486304E+02   0.000000E+00   0.521772E+07   0.521772E+07   0.521772E+07  -0.124016E+00   0.273552E+07   0.273514E+07   0.242742E+01
   0.561474E-01   0.488318E+07   0.485777E+07   0.773132E+02  -0.387478E+02   0.000000E+00   0.487925E+07   0.487925E+07   0.487925E+07  -0.115971E+00   0.255806E+07   0.255774E+07   0.187570E+01
   0.604664E-01   0.459661E+07   0.457625E+07   0.627599E+02  -0.314525E+02   0.000000E+00   0.459346E+07   0.459346E+07   0.459346E+07  -0.109178E+00   0.240822E+07   0.240795E+07   0.146308E+01
   0.647855E-01   0.433952E+07   0.432299E+07   0.516190E+02  -0.258683E+02   0.000000E+00   0.433696E+07   0.433696E+07   0.433696E+07  -0.103082E+00   0.227374E+07   0.227351E+07   0.117590E+01
   0.691045E-01   0.409603E+07   0.408190E+07   0.428255E+02  -0.214612E+02   0.000000E+00   0.409385E+07   0.409385E+07   0.409385E+07  -0.973034E-01   0.214628E+07   0.214608E+07   0.993162E+00
   0.734235E-01   0.385668E+07   0.384354E+07   0.357188E+02  -0.178999E+02   0.000000E+00   0.385465E+07   0.385465E+07   0.385465E+07  -0.916181E-01   0.202088E+07   0.202068E+07   0.889372E+00
   0.777425E-01   0.361890E+07   0.360563E+07   0.298944E+02  -0.149814E+02   0.000000E+00   0.361685E+07   0.361685E+07   0.361685E+07  -0.859660E-01   0.189621E+07   0.189601E+07   0.838034E+00
   0.820616E-01   0.338483E+07   0.337069E+07   0.250925E+02  -0.125754E+02   0.000000E+00   0.338264E+07   0.338264E+07   0.338264E+07  -0.803993E-01   0.177342E+07   0.177322E+07   0.814650E+00
   0.863806E-01   0.316004E+07   0.314476E+07   0.211394E+02  -0.105947E+02   0.000000E+00   0.315768E+07   0.315768E+07   0.315768E+07  -0.750523E-01   0.165548E+07   0.165528E+07   0.799219E+00
   0.906996E-01   0.295046E+07   0.293416E+07   0.179001E+02  -0.897157E+01   0.000000E+00   0.294794E+07   0.294794E+07   0.294794E+07  -0.700673E-01   0.154553E+07   0.154532E+07   0.777613E+00
   0.960627E-01   0.271923E+07   0.270230E+07   0.147047E+02  -0.737030E+01   0.000000E+00   0.271661E+07   0.271661E+07   0.271661E+07  -0.645689E-01   0.142425E+07   0.142404E+07   0.731022E+00
   0.101426E+00   0.252654E+07   0.250998E+07   0.122553E+02  -0.614269E+01   0.000000E+00   0.252398E+07   0.252398E+07   0.252398E+07  -0.599904E-01   0.132326E+07   0.132306E+07   0.660560E+00
   0.106789E+00   0.237336E+07   0.235811E+07   0.103853E+02  -0.520531E+01   0.000000E+00   0.237100E+07   0.237100E+07   0.237100E+07  -0.563544E-01   0.124305E+07   0.124287E+07   0.573252E+00
   0.112152E+00   0.225323E+07   0.223993E+07   0.894010E+01  -0.448080E+01   0.000000E+00   0.225117E+07   0.225117E+07   0.225117E+07  -0.535063E-01   0.118023E+07   0.118007E+07   0.480964E+00
   0.117515E+00   0.215508E+07   0.214394E+07   0.778911E+01  -0.390374E+01   0.000000E+00   0.215336E+07   0.215336E+07   0.215336E+07  -0.511814E-01   0.112894E+07   0.112881E+07   0.395897E+00
   0.122878E+00   0.206766E+07   0.205845E+07   0.683597E+01  -0.342590E+01   0.000000E+00   0.206623E+07   0.206623E+07   0.206623E+07  -0.491107E-01   0.108327E+07   0.108315E+07   0.327229E+00
   0.128241E+00   0.198209E+07   0.197426E+07   0.601698E+01  -0.301538E+01   0.000000E+00   0.198088E+07   0.198088E+07   0.198088E+07  -0.470818E-01   0.103852E+07   0.103841E+07   0.279279E+00
   0.133604E+00   0.189287E+07   0.188573E+07   0.529425E+01  -0.265316E+01   0.000000E+00   0.189176E+07   0.189176E+07   0.189176E+07  -0.449638E-01   0.991795E+06   0.991695E+06   0.251316E+00
   0.138967E+00   0.179859E+07   0.179151E+07   0.464961E+01  -0.233015E+01   0.000000E+00   0.179749E+07   0.179749E+07   0.179749E+07  -0.427232E-01   0.942374E+06   0.942275E+06   0.238763E+00
   0.144330E+00   0.170158E+07   0.169413E+07   0.407764E+01  -0.204356E+01   0.000000E+00   0.170043E+07   0.170043E+07   0.170043E+07  -0.404161E-01   0.891485E+06   0.891383E+06   0.235092E+00
   0.149694E+00   0.160613E+07   0.159817E+07   0.357768E+01  -0.179306E+01   0.000000E+00   0.160490E+07   0.160490E+07   0.160490E+07  -0.381457E-01   0.841406E+06   0.841302E+06   0.233741E+00
   0.155057E+00   0.151688E+07   0.150849E+07   0.314883E+01  -0.157818E+01   0.000000E+00   0.151558E+07   0.151558E+07   0.151558E+07  -0.360227E-01   0.794579E+06   0.794472E+06   0.229633E+00
   0.160420E+00   0.143778E+07   0.142926E+07   0.278820E+01  -0.139747E+01   0.000000E+00   0.143646E+07   0.143646E+07   0.143646E+07  -0.341421E-01   0.753099E+06   0.752993E+06   0.220042E+00
   0.165783E+00   0.137115E+07   0.136286E+07   0.248967E+01  -0.124785E+01   0.000000E+00   0.136986E+07   0.136986E+07   0.136986E+07  -0.325592E-01   0.718184E+06   0.718083E+06   0.204681E+00
   0.171146E+00   0.131666E+07   0.130892E+07   0.224333E+01  -0.112436E+01   0.000000E+00   0.131546E+07   0.131546E+07   0.131546E+07  -0.312662E-01   0.689662E+06   0.689568E+06   0.185156E+00
   0.176509E+00   0.127161E+07   0.126463E+07   0.203707E+01  -0.102096E+01   0.000000E+00   0.127053E+07   0.127053E+07   0.127053E+07  -0.301982E-01   0.666105E+06   0.666018E+06   0.164091E+00
   0.181872E+00   0.123233E+07   0.122615E+07   0.185960E+01  -0.931988E+00   0.000000E+00   0.123138E+07   0.123138E+07   0.123138E+07  -0.292676E-01   0.645576E+06   0.645498E+06   0.144238E+00
   0.187235E+00   0.119539E+07   0.118992E+07   0.170214E+01  -0.853051E+00   0.000000E+00   0.119455E+07   0.119455E+07   0.119455E+07  -0.283922E-01   0.626266E+06   0.626195E+06   0.127741E+00
   0.192598E+00   0.115806E+07   0.115308E+07   0.155850E+01  -0.781053E+00   0.000000E+00   0.115729E+07   0.115729E+07   0.115729E+07  -0.275066E-01   0.606732E+06   0.606665E+06   0.115694E+00
   0.197961E+00   0.111863E+07   0.111391E+07   0.142500E+01  -0.714145E+00   0.000000E+00   0.111790E+07   0.111790E+07   0.111790E+07  -0.265705E-01   0.586083E+06   0.586019E+06   0.108060E+00
   0.203324E+00   0.107690E+07   0.107222E+07   0.130039E+01  -0.651701E+00   0.000000E+00   0.107617E+07   0.107617E+07   0.107617E+07  -0.255787E-01   0.564206E+06   0.564143E+06   0.103897E+00
   0.208687E+00   0.103401E+07   0.102923E+07   0.118518E+01  -0.593976E+00   0.000000E+00   0.103327E+07   0.103327E+07   0.103327E+07  -0.245589E-01   0.541713E+06   0.541649E+06   0.101772E+00
   0.214050E+00   0.991784E+06   0.986854E+06   0.108046E+01  -0.541505E+00   0.000000E+00   0.991021E+06   0.991021E+06   0.991021E+06  -0.235548E-01   0.519565E+06   0.519501E+06   0.100186E+00
   0.219414E+00   0.952002E+06   0.946964E+06   0.986983E+00  -0.494665E+00   0.000000E+00   0.951223E+06   0.951223E+06   0.951223E+06  -0.226089E-01   0.498700E+06   0.498636E+06   0.979446E-01
   0.224777E+00   0.915991E+06   0.910945E+06   0.904837E+00  -0.453499E+00   0.000000E+00   0.915210E+06   0.915210E+06   0.915210E+06  -0.217529E-01   0.479820E+06   0.479757E+06   0.943725E-01
   0.230140E+00   0.884401E+06   0.879474E+06   0.833379E+00  -0.417686E+00   0.000000E+00   0.883639E+06   0.883639E+06   0.883639E+06  -0.210025E-01   0.463268E+06   0.463206E+06   0.893638E-01
   0.235503E+00   0.857096E+06   0.852403E+06   0.771298E+00  -0.386568E+00   0.000000E+00   0.856370E+06   0.856370E+06   0.856370E+06  -0.203544E-01   0.448972E+06   0.448913E+06   0.832828E-01
   0.240866E+00   0.833276E+06   0.828888E+06   0.716871E+00  -0.359285E+00   0.000000E+00   0.832597E+06   0.832597E+06   0.832597E+06  -0.197893E-01   0.436508E+06   0.436453E+06   0.767707E-01
   0.246229E+00   0.811756E+06   0.807690E+06   0.668300E+00  -0.334936E+00   0.000000E+00   0.811127E+06   0.811127E+06   0.811127E+06  -0.192790E-01   0.425252E+06   0.425200E+06   0.705236E-01
   0.251592E+00   0.791260E+06   0.787483E+06   0.623977E+00  -0.312719E+00   0.000000E+00   0.790676E+06   0.790676E+06   0.790676E+06  -0.187929E-01   0.414529E+06   0.414480E+06   0.651025E-01
   0.256955E+00   0.770706E+06   0.767147E+06   0.582680E+00  -0.292019E+00   0.000000E+00   0.770156E+06   0.770156E+06   0.770156E+06  -0.183052E-01   0.403771E+06   0.403724E+06   0.608168E-01
   0.262318E+00   0.749496E+06   0.746071E+06   0.543716E+00  -0.272491E+00   0.000000E+00   0.748966E+06   0.748966E+06   0.748966E+06  -0.178016E-01   0.392662E+06   0.392617E+06   0.576974E-01
   0.267681E+00   0.727624E+06   0.724256E+06   0.506904E+00  -0.254044E+00   0.000000E+00   0.727103E+06   0.727103E+06   0.727103E+06  -0.172819E-01   0.381200E+06   0.381155E+06   0.555401E-01
   0.273044E+00   0.705507E+06   0.702143E+06   0.472365E+00  -0.236736E+00   0.000000E+00   0.704987E+06   0.704987E+06   0.704987E+06  -0.167563E-01   0.369605E+06   0.369561E+06   0.539953E-01
   0.278407E+00   0.683721E+06   0.680340E+06   0.440296E+00  -0.220667E+00   0.000000E+00   0.683198E+06   0.683198E+06   0.683198E+06  -0.162384E-01   0.358182E+06   0.358138E+06   0.526751E-01
   0.283771E+00   0.662851E+06   0.659463E+06   0.410861E+00  -0.205917E+00   0.000000E+00   0.662327E+06   0.662327E+06   0.662327E+06  -0.157423E-01   0.347240E+06   0.347196E+06   0.512537E-01
   0.289134E+00   0.643407E+06   0.640044E+06   0.384143E+00  -0.192527E+00   0.000000E+00   0.642887E+06   0.642887E+06   0.642887E+06  -0.152803E-01   0.337048E+06   0.337005E+06   0.495326E-01
   0.294497E+00   0.625692E+06   0.622396E+06   0.360082E+00  -0.180468E+00   0.000000E+00   0.625182E+06   0.625182E+06   0.625182E+06  -0.148595E-01   0.327766E+06   0.327724E+06   0.474601E-01
   0.299860E+00   0.609690E+06   0.606501E+06   0.338437E+00  -0.169620E+00   0.000000E+00   0.609197E+06   0.609197E+06   0.609197E+06  -0.144795E-01   0.319385E+06   0.319345E+06   0.451103E-01
   0.305223E+00   0.595108E+06   0.592052E+06   0.318842E+00  -0.159798E+00   0.000000E+00   0.594636E+06   0.594636E+06   0.594636E+06  -0.141334E-01   0.311751E+06   0.311712E+06   0.426390E-01
   0.310586E+00   0.581526E+06   0.578612E+06   0.300905E+00  -0.150807E+00   0.000000E+00   0.581076E+06   0.581076E+06   0.581076E+06  -0.138111E-01   0.304642E+06   0.304604E+06   0.402289E-01
   0.315949E+00   0.568523E+06   0.565740E+06   0.284280E+00  -0.142474E+00   0.000000E+00   0.568092E+06   0.568092E+06   0.568092E+06  -0.135025E-01   0.297835E+06   0.297799E+06   0.380387E-01
   0.321312E+00   0.555734E+06   0.553060E+06   0.268690E+00  -0.134660E+00   0.000000E+00   0.555320E+06   0.555320E+06   0.555320E+06  -0.131990E-01   0.291139E+06   0.291104E+06   0.361663E-01
   0.326675E+00   0.542914E+06   0.540320E+06   0.253946E+00  -0.127270E+00   0.000000E+00   0.542513E+06   0.542513E+06   0.542513E+06  -0.128946E-01   0.284424E+06   0.284390E+06   0.346348E-01
   0.332038E+00   0.529994E+06   0.527452E+06   0.239958E+00  -0.120260E+00   0.000000E+00   0.529601E+06   0.529601E+06   0.529601E+06  -0.125877E-01   0.277655E+06   0.277622E+06   0.334017E-01
   0.337401E+00   0.517080E+06   0.514569E+06   0.226725E+00  -0.113629E+00   0.000000E+00   0.516692E+06   0.516692E+06   0.516692E+06  -0.122808E-01   0.270887E+06   0.270854E+06   0.323801E-01
   0.342764E+00   0.504375E+06   0.501885E+06   0.214284E+00  -0.107394E+00   0.000000E+00   0.503989E+06   0.503989E+06   0.503989E+06  -0.119789E-01   0.264228E+06   0.264195E+06   0.314663E-01
   0.348127E+00   0.492089E+06   0.489620E+06   0.202670E+00  -0.101574E+00   0.000000E+00   0.491707E+06   0.491707E+06   0.491707E+06  -0.116870E-01   0.257789E+06   0.257757E+06   0.305661E-01
   0.353491E+00   0.480397E+06   0.477958E+06   0.191894E+00  -0.961737E-01   0.000000E+00   0.480019E+06   0.480019E+06   0.480019E+06  -0.114092E-01   0.251661E+06   0.251630E+06   0.296154E-01
   0.358854E+00   0.469404E+06   0.467009E+06   0.181940E+00  -0.911849E-01   0.000000E+00   0.469034E+06   0.469034E+06   0.469034E+06  -0.111481E-01   0.245902E+06   0.245871E+06   0.285887E-01
   0.364217E+00   0.459126E+06   0.456787E+06   0.172754E+00  -0.865811E-01   0.000000E+00   0.458765E+06   0.458765E+06   0.458765E+06  -0.109040E-01   0.240518E+06   0.240488E+06   0.274970E-01
   0.369580E+00   0.449483E+06   0.447210E+06   0.164254E+00  -0.823208E-01   0.000000E+00   0.449131E+06   0.449131E+06   0.449131E+06  -0.106750E-01   0.235467E+06   0.235438E+06   0.263765E-01
   0.374943E+00   0.440338E+06   0.438135E+06   0.156343E+00  -0.783559E-01   0.000000E+00   0.439997E+06   0.439997E+06   0.439997E+06  -0.104579E-01   0.230678E+06   0.230650E+06   0.252750E-01
   0.380306E+00   0.431546E+06   0.429410E+06   0.148932E+00  -0.746414E-01   0.000000E+00   0.431216E+06   0.431216E+06   0.431216E+06  -0.102492E-01   0.226075E+06   0.226047E+06   0.242380E-01
   0.385669E+00   0.422980E+06   0.420904E+06   0.141945E+00  -0.711396E-01   0.000000E+00   0.422659E+06   0.422659E+06   0.422659E+06  -0.100458E-01   0.221588E+06   0.221561E+06   0.232971E-01
   0.391032E+00   0.414539E+06   0.412514E+06   0.135324E+00  -0.678209E-01   0.000000E+00   0.414226E+06   0.414226E+06   0.414226E+06  -0.984541E-02   0.217167E+06   0.217141E+06   0.224646E-01
   0.396395E+00   0.406173E+06   0.404188E+06   0.129029E+00  -0.646662E-01   0.000000E+00   0.405866E+06   0.405866E+06   0.405866E+06  -0.964672E-02   0.212784E+06   0.212759E+06   0.217331E-01
   0.401758E+00   0.397895E+06   0.395942E+06   0.123047E+00  -0.616680E-01   0.000000E+00   0.397592E+06   0.397592E+06   0.397592E+06  -0.945006E-02   0.208447E+06   0.208421E+06   0.210815E-01
   0.407121E+00   0.389766E+06   0.387841E+06   0.117378E+00  -0.588269E-01   0.000000E+00   0.389469E+06   0.389469E+06   0.389469E+06  -0.925697E-02   0.204188E+06   0.204163E+06   0.204822E-01
   0.412484E+00   0.381862E+06   0.379962E+06   0.112025E+00  -0.561447E-01   0.000000E+00   0.381568E+06   0.381568E+06   0.381568E+06  -0.906919E-02   0.200046E+06   0.200021E+06   0.199075E-01
   0.417848E+00   0.374232E+06   0.372359E+06   0.106986E+00  -0.536193E-01   0.000000E+00   0.373942E+06   0.373942E+06   0.373942E+06  -0.888794E-02   0.196048E+06   0.196024E+06   0.193360E-01
   0.423211E+00   0.366908E+06   0.365066E+06   0.102251E+00  -0.512459E-01   0.000000E+00   0.366623E+06   0.366623E+06   0.366623E+06  -0.871398E-02   0.192210E+06   0.192187E+06   0.187561E-01
   0.428574E+00   0.359908E+06   0.358100E+06   0.978052E-01  -0.490180E-01   0.000000E+00   0.359628E+06   0.359628E+06   0.359628E+06  -0.854772E-02   0.188543E+06   0.188520E+06   0.181672E-01
   0.433937E+00   0.353225E+06   0.351454E+06   0.936312E-01  -0.469260E-01   0.000000E+00   0.352951E+06   0.352951E+06   0.352951E+06  -0.838901E-02   0.185042E+06   0.185019E+06   0.175767E-01
   0.439300E+00   0.346814E+06   0.345083E+06   0.897014E-01  -0.449564E-01   0.000000E+00   0.346547E+06   0.346547E+06   0.346547E+06  -0.823679E-02   0.181685E+06   0.181662E+06   0.169965E-01
   0.444663E+00   0.340616E+06   0.338923E+06   0.859862E-01  -0.430944E-01   0.000000E+00   0.340354E+06   0.340354E+06   0.340354E+06  -0.808960E-02   0.178438E+06   0.178416E+06   0.164389E-01
   0.450026E+00   0.334580E+06   0.332924E+06   0.824617E-01  -0.413279E-01   0.000000E+00   0.334324E+06   0.334324E+06   0.334324E+06  -0.794627E-02   0.175277E+06   0.175255E+06   0.159138E-01
   0.455389E+00   0.328679E+06   0.327057E+06   0.791107E-01  -0.396485E-01   0.000000E+00   0.328428E+06   0.328428E+06   0.328428E+06  -0.780615E-02   0.172186E+06   0.172165E+06   0.154267E-01
   0.460752E+00   0.322893E+06   0.321300E+06   0.759193E-01  -0.380490E-01   0.000000E+00   0.322646E+06   0.322646E+06   0.322646E+06  -0.766872E-02   0.169155E+06   0.169134E+06   0.149773E-01
   0.466115E+00   0.317205E+06   0.315639E+06   0.728756E-01  -0.365236E-01   0.000000E+00   0.316963E+06   0.316963E+06   0.316963E+06  -0.753364E-02   0.166175E+06   0.166155E+06   0.145607E-01
   0.471478E+00   0.311621E+06   0.310079E+06   0.699731E-01  -0.350690E-01   0.000000E+00   0.311383E+06   0.311383E+06   0.311383E+06  -0.740101E-02   0.163249E+06   0.163229E+06   0.141693E-01
   0.476841E+00   0.306167E+06   0.304648E+06   0.672105E-01  -0.336844E-01   0.000000E+00   0.305932E+06   0.305932E+06   0.305932E+06  -0.727146E-02   0.160392E+06   0.160372E+06   0.137952E-01
   0.482204E+00   0.300868E+06   0.299371E+06   0.645861E-01  -0.323691E-01   0.000000E+00   0.300636E+06   0.300636E+06   0.300636E+06  -0.714559E-02   0.157615E+06   0.157596E+06   0.134316E-01
   0.487568E+00   0.295733E+06   0.294258E+06   0.620947E-01  -0.311205E-01   0.000000E+00   0.295505E+06   0.295505E+06   0.295505E+06  -0.702362E-02   0.154925E+06   0.154906E+06   0.130738E-01
   0.492931E+00   0.290760E+06   0.289309E+06   0.597292E-01  -0.299350E-01   0.000000E+00   0.290535E+06   0.290535E+06   0.290535E+06  -0.690551E-02   0.152320E+06   0.152301E+06   0.127197E-01
   0.498294E+00   0.285948E+06   0.284523E+06   0.574833E-01  -0.288094E-01   0.000000E+00   0.285728E+06   0.285728E+06   0.285728E+06  -0.679124E-02   0.149799E+06   0.149781E+06   0.123704E-01
   0.503657E+00   0.281293E+06   0.279893E+06   0.553497E-01  -0.277401E-01   0.000000E+00   0.281077E+06   0.281077E+06   0.281077E+06  -0.668069E-02   0.147361E+06   0.147343E+06   0.120284E-01
   0.509020E+00   0.276777E+06   0.275401E+06   0.533195E-01  -0.267226E-01   0.000000E+00   0.276564E+06   0.276564E+06   0.276564E+06  -0.657343E-02   0.144995E+06   0.144977E+06   0.116969E-01
   0.514383E+00   0.272376E+06   0.271024E+06   0.513833E-01  -0.257522E-01   0.000000E+00   0.272167E+06   0.272167E+06   0.272167E+06  -0.646891E-02   0.142689E+06   0.142672E+06   0.113788E-01
   0.519746E+00   0.268074E+06   0.266745E+06   0.495335E-01  -0.248251E-01   0.000000E+00   0.267868E+06   0.267868E+06   0.267868E+06  -0.636674E-02   0.140436E+06   0.140419E+06   0.110757E-01
   0.525109E+00   0.263864E+06   0.262558E+06   0.477649E-01  -0.239387E-01   0.000000E+00   0.263662E+06   0.263662E+06   0.263662E+06  -0.626678E-02   0.138231E+06   0.138214E+06   0.107884E-01
   0.530472E+00   0.259743E+06   0.258457E+06   0.460729E-01  -0.230907E-01   0.000000E+00   0.259544E+06   0.259544E+06   0.259544E+06  -0.616890E-02   0.136072E+06   0.136055E+06   0.105158E-01
   0.535835E+00   0.255705E+06   0.254438E+06   0.444533E-01  -0.222790E-01   0.000000E+00   0.255509E+06   0.255509E+06   0.255509E+06  -0.607300E-02   0.133956E+06   0.133940E+06   0.102560E-01
   0.541198E+00   0.251751E+06   0.250502E+06   0.429028E-01  -0.215019E-01   0.000000E+00   0.251558E+06   0.251558E+06   0.251558E+06  -0.597909E-02   0.131885E+06   0.131869E+06   0.100066E-01
   0.546561E+00   0.247889E+06   0.246658E+06   0.414196E-01  -0.207586E-01   0.000000E+00   0.247699E+06   0.247699E+06   0.247699E+06  -0.588736E-02   0.129862E+06   0.129846E+06   0.976537E-02
   0.551925E+00   0.244126E+06   0.242913E+06   0.400019E-01  -0.200481E-01   0.000000E+00   0.243939E+06   0.243939E+06   0.243939E+06  -0.579798E-02   0.127890E+06   0.127875E+06   0.953064E-02
   0.557288E+00   0.240462E+06   0.239266E+06   0.386467E-01  -0.193689E-01   0.000000E+00   0.240277E+06   0.240277E+06   0.240277E+06  -0.571094E-02   0.125970E+06   0.125955E+06   0.930132E-02
   0.562651E+00   0.236890E+06   0.235712E+06   0.373504E-01  -0.187192E-01   0.000000E+00   0.236708E+06   0.236708E+06   0.236708E+06  -0.562613E-02   0.124100E+06   0.124084E+06   0.907703E-02
   0.568014E+00   0.233410E+06   0.232250E+06   0.361101E-01  -0.180976E-01   0.000000E+00   0.233231E+06   0.233231E+06   0.233231E+06  -0.554348E-02   0.122277E+06   0.122262E+06   0.885812E-02
   0.573377E+00   0.230020E+06   0.228877E+06   0.349229E-01  -0.175026E-01   0.000000E+00   0.229843E+06   0.229843E+06   0.229843E+06  -0.546295E-02   0.120500E+06   0.120485E+06   0.864531E-02
   0.578740E+00   0.226711E+06   0.225586E+06   0.337856E-01  -0.169326E-01   0.000000E+00   0.226537E+06   0.226537E+06   0.226537E+06  -0.538438E-02   0.118767E+06   0.118753E+06   0.843931E-02
   0.584103E+00   0.223475E+06   0.222367E+06   0.326947E-01  -0.163859E-01   0.000000E+00   0.223304E+06   0.223304E+06   0.223304E+06  -0.530753E-02   0.117072E+06   0.117058E+06   0.824059E-02
   0.589466E+00   0.220306E+06   0.219213E+06   0.316472E-01  -0.158609E-01   0.000000E+00   0.220137E+06   0.220137E+06   0.220137E+06  -0.523226E-02   0.115412E+06   0.115397E+06   0.804931E-02
   0.594829E+00   0.217202E+06   0.216125E+06   0.306413E-01  -0.153567E-01   0.000000E+00   0.217036E+06   0.217036E+06   0.217036E+06  -0.515855E-02   0.113786E+06   0.113772E+06   0.786540E-02
   0.600192E+00   0.214164E+06   0.213102E+06   0.296752E-01  -0.148725E-01   0.000000E+00   0.214000E+06   0.214000E+06   0.214000E+06  -0.508640E-02   0.112194E+06   0.112181E+06   0.768838E-02
   0.605555E+00   0.211188E+06   0.210141E+06   0.287467E-01  -0.144072E-01   0.000000E+00   0.211026E+06   0.211026E+06   0.211026E+06  -0.501572E-02   0.110635E+06   0.110622E+06   0.751752E-02
   0.610918E+00   0.208272E+06   0.207239E+06   0.278542E-01  -0.139599E-01   0.000000E+00   0.208112E+06   0.208112E+06   0.208112E+06  -0.494645E-02   0.109108E+06   0.109094E+06   0.735205E-02
   0.616281E+00   0.205418E+06   0.204398E+06   0.269965E-01  -0.135300E-01   0.000000E+00   0.205260E+06   0.205260E+06   0.205260E+06  -0.487867E-02   0.107612E+06   0.107599E+06   0.719134E-02
   0.621645E+00   0.202630E+06   0.201623E+06   0.261724E-01  -0.131171E-01   0.000000E+00   0.202474E+06   0.202474E+06   0.202474E+06  -0.481244E-02   0.106151E+06   0.106138E+06   0.703495E-02
   0.627008E+00   0.199904E+06   0.198911E+06   0.253806E-01  -0.127202E-01   0.000000E+00   0.199750E+06   0.199750E+06   0.199750E+06  -0.474771E-02   0.104724E+06   0.104711E+06   0.688259E-02
   0.680214E+00   0.175751E+06   0.174879E+06   0.189598E-01  -0.950224E-02   0.000000E+00   0.175616E+06   0.175616E+06   0.175616E+06  -0.417408E-02   0.920707E+05   0.920593E+05   0.558601E-02
   0.737935E+00   0.154372E+06   0.153606E+06   0.141500E-01  -0.709170E-02   0.000000E+00   0.154253E+06   0.154253E+06   0.154253E+06  -0.366632E-02   0.808707E+05   0.808606E+05   0.453282E-02
   0.800554E+00   0.135479E+06   0.134806E+06   0.105515E-01  -0.528821E-02   0.000000E+00   0.135375E+06   0.135375E+06   0.135375E+06  -0.321761E-02   0.709732E+05   0.709644E+05   0.367710E-02
   0.868486E+00   0.118799E+06   0.118210E+06   0.786162E-02  -0.394009E-02   0.000000E+00   0.118708E+06   0.118708E+06   0.118708E+06  -0.282147E-02   0.622353E+05   0.622275E+05   0.298193E-02
   0.942183E+00   0.104089E+06   0.103573E+06   0.585275E-02  -0.293329E-02   0.000000E+00   0.104010E+06   0.104010E+06   0.104010E+06  -0.247212E-02   0.545294E+05   0.545225E+05   0.241768E-02
   0.101542E+01   0.921200E+05   0.916630E+05   0.445949E-02  -0.223502E-02   0.000000E+00   0.920493E+05   0.920493E+05   0.920493E+05  -0.218785E-02   0.482589E+05   0.482528E+05   0.199359E-02
   0.126811E+01   0.638608E+05   0.635440E+05   0.198218E-02  -0.993441E-03   0.000000E+00   0.638118E+05   0.638118E+05   0.638118E+05  -0.151669E-02   0.334548E+05   0.334505E+05   0.112534E-02
   0.158368E+01   0.440348E+05   0.438163E+05   0.876360E-03  -0.439223E-03   0.000000E+00   0.440009E+05   0.440009E+05   0.440009E+05  -0.104582E-02   0.230685E+05   0.230655E+05   0.637583E-03
   0.197777E+01   0.302049E+05   0.300550E+05   0.385425E-03  -0.193174E-03   0.000000E+00   0.301817E+05   0.301817E+05   0.301817E+05  -0.717365E-03   0.158235E+05   0.158213E+05   0.364160E-03
   0.246994E+01   0.206059E+05   0.205035E+05   0.168588E-03  -0.844982E-04   0.000000E+00   0.205900E+05   0.205900E+05   0.205900E+05  -0.489389E-03   0.107948E+05   0.107933E+05   0.210855E-03
   0.308458E+01   0.139716E+05   0.139021E+05   0.732911E-04  -0.367357E-04   0.000000E+00   0.139608E+05   0.139608E+05   0.139608E+05  -0.331824E-03   0.731931E+04   0.731816E+04   0.124592E-03
   0.385217E+01   0.940214E+04   0.935524E+04   0.316224E-04  -0.158510E-04   0.000000E+00   0.939489E+04   0.939489E+04   0.939489E+04  -0.223300E-03   0.492551E+04   0.492464E+04   0.756417E-04
   0.481078E+01   0.626312E+04   0.623175E+04   0.135056E-04  -0.677042E-05   0.000000E+00   0.625826E+04   0.625826E+04   0.625826E+04  -0.148748E-03   0.328107E+04   0.328038E+04   0.474261E-04
   0.600794E+01   0.411061E+04   0.408990E+04   0.568286E-05  -0.284927E-05   0.000000E+00   0.410741E+04   0.410741E+04   0.410741E+04  -0.976257E-04   0.215343E+04   0.215288E+04   0.307285E-04
   0.750301E+01   0.263637E+04   0.262296E+04   0.233659E-05  -0.117178E-05   0.000000E+00   0.263429E+04   0.263429E+04   0.263429E+04  -0.626124E-04   0.138112E+04   0.138066E+04   0.204315E-04
   0.937012E+01   0.162841E+04   0.162000E+04   0.925161E-06  -0.464127E-06   0.000000E+00   0.162711E+04   0.162711E+04   0.162711E+04  -0.386734E-04   0.853081E+03   0.852697E+03   0.136941E-04
   0.117019E+02   0.943074E+03   0.938098E+03   0.343417E-06  -0.172378E-06   0.000000E+00   0.942304E+03   0.942304E+03   0.942304E+03  -0.223969E-04   0.494055E+03   0.493741E+03   0.894786E-05
   0.146139E+02   0.485424E+03   0.482776E+03   0.113274E-06  -0.569074E-07   0.000000E+00   0.485014E+03   0.485014E+03   0.485014E+03  -0.115279E-04   0.254304E+03   0.254070E+03   0.535976E-05
   0.182505E+02   0.195115E+03   0.193997E+03   0.291666E-07  -0.146733E-07   0.000000E+00   0.194942E+03   0.194942E+03   0.194942E+03  -0.463342E-05   0.102218E+03   0.102078E+03   0.256727E-05
   0.227921E+02   0.344626E+02   0.342528E+02   0.329822E-08  -0.166333E-08   0.000000E+00   0.344302E+02   0.344302E+02   0.344302E+02  -0.818344E-06   0.180555E+02   0.180177E+02   0.553659E-06
   0.284639E+02  -0.250900E+02  -0.249151E+02  -0.153667E-08   0.776836E-09   0.000000E+00  -0.250629E+02  -0.250629E+02  -0.250629E+02   0.595701E-06  -0.131441E+02  -0.131031E+02  -0.481568E-06
   0.355471E+02  -0.193121E+02  -0.191588E+02  -0.755779E-09   0.384114E-09   0.000000E+00  -0.192884E+02  -0.192884E+02  -0.192884E+02   0.458450E-06  -0.101179E+02  -0.100690E+02  -0.459450E-06
   0.443930E+02   0.172974E+01   0.171142E+01   0.431749E-10  -0.221071E-10   0.000000E+00   0.172690E+01   0.172690E+01   0.172690E+01  -0.410454E-07   0.906118E+00   0.899361E+00   0.507750E-07
   0.554402E+02   0.253283E+01   0.250266E+01   0.401887E-10  -0.208662E-10   0.000000E+00   0.252817E+01   0.252817E+01   0.252817E+01  -0.600900E-07   0.132734E+01   0.131184E+01   0.932481E-07
   0.692364E+02  -0.128928E+01  -0.126839E+01  -0.129525E-10   0.684684E-11   0.000000E+00  -0.128605E+01  -0.128605E+01  -0.128605E+01   0.305670E-07  -0.675643E+00  -0.663485E+00  -0.585810E-07
   0.864658E+02   0.472959E+00   0.462505E+00   0.298196E-11  -0.162876E-11   0.000000E+00   0.471342E+00   0.471342E+00   0.471342E+00  -0.112030E-07   0.247959E+00   0.240974E+00   0.269481E-07
   0.107983E+03   0.294762E-02   0.211553E-02   0.119686E-13  -0.576422E-14   0.000000E+00   0.281889E-02   0.281889E-02   0.281889E-02  -0.669999E-10   0.147032E-02   0.144543E-02   0.768864E-10
   0.134854E+03  -0.643670E-01  -0.614081E-01  -0.152901E-12   0.946658E-13   0.000000E+00  -0.639092E-01  -0.639092E-01  -0.639092E-01   0.151901E-08  -0.337790E-01  -0.314725E-01  -0.570539E-08
   0.168412E+03  -0.127221E-01  -0.120040E-01  -0.174939E-13   0.125696E-13   0.000000E+00  -0.126110E-01  -0.126110E-01  -0.126110E-01   0.299740E-09  -0.670323E-02  -0.596073E-02  -0.147069E-08
   0.210322E+03   0.118429E-01   0.103794E-01   0.902043E-14  -0.784293E-14   0.000000E+00   0.116165E-01   0.116165E-01   0.116165E-01  -0.276102E-09   0.621625E-02   0.521463E-02   0.158862E-08
   0.262660E+03  -0.177316E-03  -0.192094E-03   0.393556E-16   0.127387E-15   0.000000E+00  -0.179602E-03  -0.179602E-03  -0.179602E-03   0.426882E-11  -0.103803E-03  -0.424556E-04  -0.779120E-10
   0.328022E+03   0.116680E-02   0.811152E-03   0.190015E-15  -0.362203E-15   0.000000E+00   0.111178E-02   0.111178E-02   0.111178E-02  -0.264250E-10   0.607900E-03   0.415364E-03   0.195798E-09
   0.409650E+03  -0.442230E-03  -0.235402E-03   0.938770E-17   0.107693E-15   0.000000E+00  -0.410232E-03  -0.410232E-03  -0.410232E-03   0.975048E-11  -0.232602E-03  -0.115323E-03  -0.955010E-10
   0.511591E+03   0.212660E-03   0.864049E-04  -0.856907E-17  -0.356414E-16   0.000000E+00   0.193128E-03   0.193128E-03   0.193128E-03  -0.459030E-11   0.111346E-03   0.495318E-04   0.403058E-10
