#          k/h    CDM            baryon         photon         nu             mass_nu        total          no_nu          total_de       Weyl           v_CDM          v_b            v_b-v_c     
   0.104501E-04   0.198309E+08   0.198309E+08   0.264274E+08   0.264270E+08   0.000000E+00   0.198309E+08   0.198309E+08   0.198387E+08  -0.471824E+00   0.103990E+08   0.103990E+08   0.585882E+01
   0.127095E-04   0.198309E+08   0.198309E+08   0.264208E+08   0.264202E+08   0.000000E+00   0.198309E+08   0.198309E+08   0.198386E+08  -0.471824E+00   0.103990E+08   0.103990E+08   0.712503E+01
   0.154573E-04   0.198309E+08   0.198309E+08   0.264110E+08   0.264102E+08   0.000000E+00   0.198309E+08   0.198309E+08   0.198386E+08  -0.471823E+00   0.103990E+08   0.103990E+08   0.866463E+01
   0.187992E-04   0.198308E+08   0.198308E+08   0.263966E+08   0.263953E+08   0.000000E+00   0.198308E+08   0.198308E+08   0.198386E+08  -0.471823E+00   0.103990E+08   0.103990E+08   0.105364E+02
   0.228637E-04   0.198308E+08   0.198308E+08   0.263752E+08   0.263734E+08   0.000000E+00   0.198308E+08   0.198308E+08   0.198385E+08  -0.471821E+00   0.103989E+08   0.103989E+08   0.128116E+02
   0.278068E-04   0.198307E+08   0.198307E+08   0.263436E+08   0.263409E+08   0.000000E+00   0.198307E+08   0.198307E+08   0.198385E+08  -0.471819E+00   0.103989E+08   0.103989E+08   0.155765E+02
   0.338188E-04   0.198306E+08   0.198306E+08   0.262969E+08   0.262929E+08   0.000000E+00   0.198306E+08   0.198306E+08   0.198384E+08  -0.471817E+00   0.103989E+08   0.103988E+08   0.189353E+02
   0.411305E-04   0.198305E+08   0.198305E+08   0.262280E+08   0.262221E+08   0.000000E+00   0.198305E+08   0.198305E+08   0.198382E+08  -0.471812E+00   0.103988E+08   0.103988E+08   0.230130E+02
   0.500230E-04   0.198303E+08   0.198303E+08   0.261263E+08   0.261177E+08   0.000000E+00   0.198303E+08   0.198303E+08   0.198380E+08  -0.471806E+00   0.103987E+08   0.103987E+08   0.279594E+02
   0.608381E-04   0.198300E+08   0.198300E+08   0.259767E+08   0.259640E+08   0.000000E+00   0.198300E+08   0.198300E+08   0.198376E+08  -0.471797E+00   0.103985E+08   0.103985E+08   0.339523E+02
   0.739915E-04   0.198296E+08   0.198295E+08   0.257568E+08   0.257381E+08   0.000000E+00   0.198296E+08   0.198296E+08   0.198371E+08  -0.471784E+00   0.103983E+08   0.103983E+08   0.411995E+02
   0.899887E-04   0.198289E+08   0.198289E+08   0.254346E+08   0.254073E+08   0.000000E+00   0.198289E+08   0.198289E+08   0.198364E+08  -0.471765E+00   0.103979E+08   0.103979E+08   0.499396E+02
   0.109444E-03   0.198280E+08   0.198279E+08   0.249649E+08   0.249252E+08   0.000000E+00   0.198280E+08   0.198280E+08   0.198353E+08  -0.471736E+00   0.103974E+08   0.103974E+08   0.604374E+02
   0.133107E-03   0.198266E+08   0.198265E+08   0.242848E+08   0.242273E+08   0.000000E+00   0.198266E+08   0.198266E+08   0.198337E+08  -0.471694E+00   0.103967E+08   0.103967E+08   0.729705E+02
   0.161885E-03   0.198245E+08   0.198244E+08   0.233100E+08   0.232278E+08   0.000000E+00   0.198245E+08   0.198245E+08   0.198313E+08  -0.471631E+00   0.103956E+08   0.103955E+08   0.877992E+02
   0.196885E-03   0.198215E+08   0.198213E+08   0.219344E+08   0.218187E+08   0.000000E+00   0.198214E+08   0.198214E+08   0.198279E+08  -0.471541E+00   0.103940E+08   0.103939E+08   0.105109E+03
   0.239452E-03   0.198170E+08   0.198167E+08   0.200370E+08   0.198781E+08   0.000000E+00   0.198170E+08   0.198170E+08   0.198228E+08  -0.471409E+00   0.103916E+08   0.103915E+08   0.124909E+03
   0.291222E-03   0.198105E+08   0.198101E+08   0.175089E+08   0.172986E+08   0.000000E+00   0.198104E+08   0.198104E+08   0.198155E+08  -0.471219E+00   0.103881E+08   0.103880E+08   0.146868E+03
   0.354185E-03   0.198010E+08   0.198004E+08   0.143125E+08   0.140497E+08   0.000000E+00   0.198010E+08   0.198010E+08   0.198051E+08  -0.470948E+00   0.103831E+08   0.103829E+08   0.170078E+03
   0.430761E-03   0.197874E+08   0.197865E+08   0.105847E+08   0.102842E+08   0.000000E+00   0.197873E+08   0.197873E+08   0.197904E+08  -0.470567E+00   0.103758E+08   0.103755E+08   0.192791E+03
   0.523892E-03   0.197680E+08   0.197668E+08   0.675524E+07   0.645835E+07   0.000000E+00   0.197678E+08   0.197678E+08   0.197698E+08  -0.470041E+00   0.103654E+08   0.103651E+08   0.212247E+03
   0.637159E-03   0.197408E+08   0.197391E+08   0.355552E+07   0.332986E+07   0.000000E+00   0.197405E+08   0.197405E+08   0.197415E+08  -0.469328E+00   0.103508E+08   0.103504E+08   0.224906E+03
   0.774915E-03   0.197030E+08   0.197008E+08   0.167721E+07   0.158427E+07   0.000000E+00   0.197027E+08   0.197027E+08   0.197032E+08  -0.468378E+00   0.103307E+08   0.103302E+08   0.227423E+03
   0.942454E-03   0.196517E+08   0.196489E+08   0.105472E+07   0.108379E+07   0.000000E+00   0.196512E+08   0.196512E+08   0.196516E+08  -0.467124E+00   0.103034E+08   0.103028E+08   0.218232E+03
   0.114621E-02   0.195828E+08   0.195796E+08   0.714772E+06   0.768131E+06   0.000000E+00   0.195823E+08   0.195823E+08   0.195825E+08  -0.465470E+00   0.102670E+08   0.102664E+08   0.198453E+03
   0.139403E-02   0.194917E+08   0.194882E+08   0.255380E+06   0.283404E+06   0.000000E+00   0.194912E+08   0.194912E+08   0.194913E+08  -0.463292E+00   0.102191E+08   0.102184E+08   0.170989E+03
   0.169542E-02   0.193726E+08   0.193689E+08   0.148031E+06  -0.168798E+06   0.000000E+00   0.193720E+08   0.193720E+08   0.193720E+08  -0.460450E+00   0.101565E+08   0.101558E+08   0.140012E+03
   0.206198E-02   0.192184E+08   0.192147E+08   0.260609E+04  -0.113191E+06   0.000000E+00   0.192178E+08   0.192178E+08   0.192178E+08  -0.456781E+00   0.100755E+08   0.100749E+08   0.111252E+03
   0.250778E-02   0.190212E+08   0.190174E+08   0.876017E+04  -0.757300E+05   0.000000E+00   0.190206E+08   0.190206E+08   0.190206E+08  -0.452091E+00   0.997206E+07   0.997139E+07   0.888631E+02
   0.304997E-02   0.187718E+08   0.187677E+08   0.240027E+04  -0.505230E+05   0.000000E+00   0.187712E+08   0.187712E+08   0.187712E+08  -0.446160E+00   0.984124E+07   0.984057E+07   0.728669E+02
   0.370939E-02   0.184603E+08   0.184557E+08  -0.169036E+05  -0.335881E+05   0.000000E+00   0.184596E+08   0.184596E+08   0.184596E+08  -0.438754E+00   0.967786E+07   0.967719E+07   0.598147E+02
   0.451137E-02   0.180761E+08   0.180710E+08  -0.135723E+05  -0.222342E+05   0.000000E+00   0.180753E+08   0.180753E+08   0.180753E+08  -0.429620E+00   0.947638E+07   0.947572E+07   0.484575E+02
   0.548674E-02   0.176083E+08   0.176021E+08  -0.121024E+05  -0.146422E+05   0.000000E+00   0.176073E+08   0.176073E+08   0.176073E+08  -0.418495E+00   0.923099E+07   0.923034E+07   0.396305E+02
   0.667298E-02   0.170455E+08   0.170380E+08  -0.102647E+05  -0.958241E+04   0.000000E+00   0.170443E+08   0.170443E+08   0.170443E+08  -0.405114E+00   0.893582E+07   0.893518E+07   0.322096E+02
   0.811570E-02   0.163765E+08   0.163671E+08  -0.635285E+04  -0.622391E+04   0.000000E+00   0.163751E+08   0.163751E+08   0.163751E+08  -0.389207E+00   0.858496E+07   0.858432E+07   0.262175E+02
   0.987034E-02   0.155921E+08   0.155800E+08   0.173798E+04  -0.400608E+04   0.000000E+00   0.155902E+08   0.155902E+08   0.155902E+08  -0.370552E+00   0.817347E+07   0.817284E+07   0.214550E+02
   0.120043E-01   0.146781E+08   0.146622E+08  -0.212043E+04  -0.254948E+04   0.000000E+00   0.146756E+08   0.146756E+08   0.146756E+08  -0.348813E+00   0.769398E+07   0.769335E+07   0.176400E+02
   0.145997E-01   0.136323E+08   0.136115E+08   0.361989E+03  -0.160071E+04   0.000000E+00   0.136291E+08   0.136291E+08   0.136291E+08  -0.323939E+00   0.714531E+07   0.714467E+07   0.146218E+02
   0.177562E-01   0.124412E+08   0.124143E+08  -0.115609E+04  -0.987544E+03   0.000000E+00   0.124371E+08   0.124371E+08   0.124371E+08  -0.295607E+00   0.652038E+07   0.651974E+07   0.121884E+02
   0.215952E-01   0.111182E+08   0.110841E+08  -0.737693E+02  -0.596574E+03   0.000000E+00   0.111129E+08   0.111129E+08   0.111129E+08  -0.264135E+00   0.582620E+07   0.582554E+07   0.101826E+02
   0.259142E-01   0.978733E+07   0.974655E+07   0.223268E+02  -0.364642E+03   0.000000E+00   0.978102E+07   0.978102E+07   0.978102E+07  -0.232477E+00   0.512792E+07   0.512726E+07   0.852171E+01
   0.302332E-01   0.862869E+07   0.858358E+07  -0.705587E+02  -0.236152E+03   0.000000E+00   0.862171E+07   0.862171E+07   0.862171E+07  -0.204923E+00   0.452014E+07   0.451949E+07   0.716673E+01
   0.345522E-01   0.764399E+07   0.759727E+07  -0.252275E+02  -0.160151E+03   0.000000E+00   0.763676E+07   0.763676E+07   0.763676E+07  -0.181512E+00   0.400376E+07   0.400315E+07   0.597786E+01
   0.388713E-01   0.682810E+07   0.678251E+07  -0.193402E+02  -0.113024E+03   0.000000E+00   0.682105E+07   0.682105E+07   0.682105E+07  -0.162124E+00   0.357611E+07   0.357554E+07   0.490799E+01
   0.431903E-01   0.616743E+07   0.612528E+07  -0.181961E+02  -0.826888E+02   0.000000E+00   0.616091E+07   0.616091E+07   0.616091E+07  -0.146434E+00   0.323001E+07   0.322950E+07   0.395199E+01
   0.475093E-01   0.563897E+07   0.560189E+07   0.124663E+03  -0.624841E+02   0.000000E+00   0.563324E+07   0.563324E+07   0.563324E+07  -0.133892E+00   0.295336E+07   0.295292E+07   0.312044E+01
   0.518284E-01   0.522256E+07   0.519134E+07   0.970271E+02  -0.486304E+02   0.000000E+00   0.521773E+07   0.521773E+07   0.521773E+07  -0.124016E+00   0.273552E+07   0.273514E+07   0.242652E+01
   0.561474E-01   0.488319E+07   0.485777E+07   0.773132E+02  -0.387478E+02   0.000000E+00   0.487926E+07   0.487926E+07   0.487926E+07  -0.115971E+00   0.255806E+07   0.255774E+07   0.187501E+01
   0.604664E-01   0.459661E+07   0.457626E+07   0.627599E+02  -0.314525E+02   0.000000E+00   0.459346E+07   0.459346E+07   0.459346E+07  -0.109178E+00   0.240822E+07   0.240796E+07   0.146255E+01
   0.647855E-01   0.433952E+07   0.432300E+07   0.516191E+02  -0.258684E+02   0.000000E+00   0.433696E+07   0.433696E+07   0.433696E+07  -0.103082E+00   0.227374E+07   0.227352E+07   0.117548E+01
   0.691045E-01   0.409604E+07   0.408190E+07   0.428255E+02  -0.214612E+02   0.000000E+00   0.409385E+07   0.409385E+07   0.409385E+07  -0.973035E-01   0.214628E+07   0.214608E+07   0.992810E+00
   0.734235E-01   0.385669E+07   0.384355E+07   0.357189E+02  -0.178999E+02   0.000000E+00   0.385465E+07   0.385465E+07   0.385465E+07  -0.916182E-01   0.202088E+07   0.202069E+07   0.889056E+00
   0.777425E-01   0.361891E+07   0.360564E+07   0.298945E+02  -0.149814E+02   0.000000E+00   0.361685E+07   0.361685E+07   0.361685E+07  -0.859662E-01   0.189621E+07   0.189602E+07   0.837734E+00
   0.820616E-01   0.338483E+07   0.337070E+07   0.250926E+02  -0.125754E+02   0.000000E+00   0.338265E+07   0.338265E+07   0.338265E+07  -0.803995E-01   0.177343E+07   0.177323E+07   0.814354E+00
   0.863806E-01   0.316005E+07   0.314477E+07   0.211395E+02  -0.105947E+02   0.000000E+00   0.315768E+07   0.315768E+07   0.315768E+07  -0.750525E-01   0.165549E+07   0.165528E+07   0.798926E+00
   0.906996E-01   0.295047E+07   0.293417E+07   0.179001E+02  -0.897159E+01   0.000000E+00   0.294795E+07   0.294795E+07   0.294795E+07  -0.700674E-01   0.154553E+07   0.154532E+07   0.777324E+00
   0.960627E-01   0.271924E+07   0.270231E+07   0.147047E+02  -0.737032E+01   0.000000E+00   0.271662E+07   0.271662E+07   0.271662E+07  -0.645691E-01   0.142425E+07   0.142404E+07   0.730749E+00
   0.101426E+00   0.252655E+07   0.250999E+07   0.122553E+02  -0.614271E+01   0.000000E+00   0.252399E+07   0.252399E+07   0.252399E+07  -0.599906E-01   0.132326E+07   0.132306E+07   0.660313E+00
   0.106789E+00   0.237337E+07   0.235812E+07   0.103853E+02  -0.520533E+01   0.000000E+00   0.237101E+07   0.237101E+07   0.237101E+07  -0.563546E-01   0.124306E+07   0.124288E+07   0.573038E+00
   0.112152E+00   0.225324E+07   0.223994E+07   0.894014E+01  -0.448082E+01   0.000000E+00   0.225118E+07   0.225118E+07   0.225118E+07  -0.535065E-01   0.118023E+07   0.118007E+07   0.480787E+00
   0.117515E+00   0.215509E+07   0.214395E+07   0.778915E+01  -0.390376E+01   0.000000E+00   0.215337E+07   0.215337E+07   0.215337E+07  -0.511817E-01   0.112895E+07   0.112881E+07   0.395753E+00
   0.122878E+00   0.206767E+07   0.205846E+07   0.683601E+01  -0.342592E+01   0.000000E+00   0.206625E+07   0.206625E+07   0.206625E+07  -0.491109E-01   0.108327E+07   0.108315E+07   0.327112E+00
   0.128241E+00   0.198210E+07   0.197427E+07   0.601702E+01  -0.301540E+01   0.000000E+00   0.198089E+07   0.198089E+07   0.198089E+07  -0.470821E-01   0.103852E+07   0.103841E+07   0.279180E+00
   0.133604E+00   0.189288E+07   0.188574E+07   0.529428E+01  -0.265318E+01   0.000000E+00   0.189177E+07   0.189177E+07   0.189177E+07  -0.449641E-01   0.991802E+06   0.991701E+06   0.251227E+00
   0.138967E+00   0.179860E+07   0.179153E+07   0.464965E+01  -0.233016E+01   0.000000E+00   0.179751E+07   0.179751E+07   0.179751E+07  -0.427236E-01   0.942382E+06   0.942282E+06   0.238678E+00
   0.144330E+00   0.170159E+07   0.169415E+07   0.407768E+01  -0.204358E+01   0.000000E+00   0.170044E+07   0.170044E+07   0.170044E+07  -0.404164E-01   0.891492E+06   0.891391E+06   0.235008E+00
   0.149694E+00   0.160615E+07   0.159818E+07   0.357771E+01  -0.179308E+01   0.000000E+00   0.160492E+07   0.160492E+07   0.160492E+07  -0.381460E-01   0.841414E+06   0.841309E+06   0.233657E+00
   0.155057E+00   0.151689E+07   0.150851E+07   0.314886E+01  -0.157820E+01   0.000000E+00   0.151560E+07   0.151560E+07   0.151560E+07  -0.360230E-01   0.794587E+06   0.794480E+06   0.229549E+00
   0.160420E+00   0.143780E+07   0.142928E+07   0.278823E+01  -0.139748E+01   0.000000E+00   0.143648E+07   0.143648E+07   0.143648E+07  -0.341425E-01   0.753107E+06   0.753002E+06   0.219961E+00
   0.165783E+00   0.137116E+07   0.136287E+07   0.248971E+01  -0.124787E+01   0.000000E+00   0.136988E+07   0.136988E+07   0.136988E+07  -0.325596E-01   0.718193E+06   0.718091E+06   0.204606E+00
   0.171146E+00   0.131668E+07   0.130894E+07   0.224336E+01  -0.112438E+01   0.000000E+00   0.131548E+07   0.131548E+07   0.131548E+07  -0.312666E-01   0.689671E+06   0.689576E+06   0.185088E+00
   0.176509E+00   0.127163E+07   0.126464E+07   0.203710E+01  -0.102097E+01   0.000000E+00   0.127055E+07   0.127055E+07   0.127055E+07  -0.301987E-01   0.666114E+06   0.666028E+06   0.164032E+00
   0.181872E+00   0.123235E+07   0.122617E+07   0.185963E+01  -0.932002E+00   0.000000E+00   0.123139E+07   0.123139E+07   0.123139E+07  -0.292680E-01   0.645586E+06   0.645507E+06   0.144187E+00
   0.187235E+00   0.119541E+07   0.118993E+07   0.170217E+01  -0.853064E+00   0.000000E+00   0.119456E+07   0.119456E+07   0.119456E+07  -0.283927E-01   0.626276E+06   0.626205E+06   0.127696E+00
   0.192598E+00   0.115808E+07   0.115310E+07   0.155853E+01  -0.781066E+00   0.000000E+00   0.115731E+07   0.115731E+07   0.115731E+07  -0.275071E-01   0.606742E+06   0.606675E+06   0.115654E+00
   0.197961E+00   0.111865E+07   0.111393E+07   0.142502E+01  -0.714157E+00   0.000000E+00   0.111792E+07   0.111792E+07   0.111792E+07  -0.265710E-01   0.586094E+06   0.586029E+06   0.108022E+00
   0.203324E+00   0.107692E+07   0.107224E+07   0.130041E+01  -0.651713E+00   0.000000E+00   0.107619E+07   0.107619E+07   0.107619E+07  -0.255792E-01   0.564217E+06   0.564154E+06   0.103862E+00
   0.208687E+00   0.103403E+07   0.102925E+07   0.118521E+01  -0.593988E+00   0.000000E+00   0.103329E+07   0.103329E+07   0.103329E+07  -0.245594E-01   0.541724E+06   0.541660E+06   0.101736E+00
   0.214050E+00   0.991805E+06   0.986876E+06   0.108049E+01  -0.541517E+00   0.000000E+00   0.991043E+06   0.991043E+06   0.991043E+06  -0.235553E-01   0.519576E+06   0.519512E+06   0.100151E+00
   0.219414E+00   0.952025E+06   0.946986E+06   0.987007E+00  -0.494677E+00   0.000000E+00   0.951245E+06   0.951245E+06   0.951245E+06  -0.226094E-01   0.498712E+06   0.498648E+06   0.979102E-01
   0.224777E+00   0.916014E+06   0.910968E+06   0.904859E+00  -0.453510E+00   0.000000E+00   0.915233E+06   0.915233E+06   0.915233E+06  -0.217534E-01   0.479832E+06   0.479769E+06   0.943392E-01
   0.230140E+00   0.884424E+06   0.879497E+06   0.833401E+00  -0.417697E+00   0.000000E+00   0.883662E+06   0.883662E+06   0.883662E+06  -0.210031E-01   0.463280E+06   0.463219E+06   0.893324E-01
   0.235503E+00   0.857120E+06   0.852427E+06   0.771320E+00  -0.386579E+00   0.000000E+00   0.856394E+06   0.856394E+06   0.856394E+06  -0.203550E-01   0.448984E+06   0.448926E+06   0.832538E-01
   0.240866E+00   0.833301E+06   0.828912E+06   0.716892E+00  -0.359295E+00   0.000000E+00   0.832622E+06   0.832622E+06   0.832622E+06  -0.197899E-01   0.436521E+06   0.436466E+06   0.767441E-01
   0.246229E+00   0.811782E+06   0.807715E+06   0.668320E+00  -0.334947E+00   0.000000E+00   0.811152E+06   0.811152E+06   0.811152E+06  -0.192796E-01   0.425265E+06   0.425213E+06   0.704995E-01
   0.251592E+00   0.791286E+06   0.787508E+06   0.623997E+00  -0.312729E+00   0.000000E+00   0.790701E+06   0.790701E+06   0.790701E+06  -0.187936E-01   0.414543E+06   0.414494E+06   0.650805E-01
   0.256955E+00   0.770732E+06   0.767173E+06   0.582699E+00  -0.292029E+00   0.000000E+00   0.770182E+06   0.770182E+06   0.770182E+06  -0.183058E-01   0.403785E+06   0.403738E+06   0.607965E-01
   0.262318E+00   0.749523E+06   0.746098E+06   0.543735E+00  -0.272501E+00   0.000000E+00   0.748993E+06   0.748993E+06   0.748993E+06  -0.178022E-01   0.392676E+06   0.392631E+06   0.576782E-01
   0.267681E+00   0.727652E+06   0.724283E+06   0.506923E+00  -0.254053E+00   0.000000E+00   0.727131E+06   0.727131E+06   0.727131E+06  -0.172826E-01   0.381214E+06   0.381170E+06   0.555216E-01
   0.273044E+00   0.705535E+06   0.702171E+06   0.472383E+00  -0.236745E+00   0.000000E+00   0.705015E+06   0.705015E+06   0.705015E+06  -0.167569E-01   0.369620E+06   0.369575E+06   0.539773E-01
   0.278407E+00   0.683750E+06   0.680368E+06   0.440315E+00  -0.220676E+00   0.000000E+00   0.683226E+06   0.683226E+06   0.683226E+06  -0.162391E-01   0.358197E+06   0.358153E+06   0.526576E-01
   0.283771E+00   0.662880E+06   0.659491E+06   0.410879E+00  -0.205926E+00   0.000000E+00   0.662356E+06   0.662356E+06   0.662356E+06  -0.157430E-01   0.347255E+06   0.347211E+06   0.512367E-01
   0.289134E+00   0.643436E+06   0.640073E+06   0.384161E+00  -0.192536E+00   0.000000E+00   0.642916E+06   0.642916E+06   0.642916E+06  -0.152810E-01   0.337063E+06   0.337020E+06   0.495162E-01
   0.294497E+00   0.625722E+06   0.622426E+06   0.360099E+00  -0.180477E+00   0.000000E+00   0.625212E+06   0.625212E+06   0.625212E+06  -0.148602E-01   0.327782E+06   0.327740E+06   0.474444E-01
   0.299860E+00   0.609721E+06   0.606532E+06   0.338454E+00  -0.169628E+00   0.000000E+00   0.609227E+06   0.609227E+06   0.609227E+06  -0.144802E-01   0.319401E+06   0.319361E+06   0.450955E-01
   0.305223E+00   0.595139E+06   0.592083E+06   0.318858E+00  -0.159806E+00   0.000000E+00   0.594667E+06   0.594667E+06   0.594667E+06  -0.141342E-01   0.311767E+06   0.311728E+06   0.426251E-01
   0.310586E+00   0.581558E+06   0.578643E+06   0.300921E+00  -0.150815E+00   0.000000E+00   0.581107E+06   0.581107E+06   0.581107E+06  -0.138119E-01   0.304658E+06   0.304621E+06   0.402159E-01
   0.315949E+00   0.568555E+06   0.565772E+06   0.284296E+00  -0.142482E+00   0.000000E+00   0.568124E+06   0.568124E+06   0.568124E+06  -0.135033E-01   0.297852E+06   0.297816E+06   0.380266E-01
   0.321312E+00   0.555767E+06   0.553092E+06   0.268706E+00  -0.134668E+00   0.000000E+00   0.555353E+06   0.555353E+06   0.555353E+06  -0.131997E-01   0.291156E+06   0.291121E+06   0.361549E-01
   0.326675E+00   0.542947E+06   0.540353E+06   0.253961E+00  -0.127278E+00   0.000000E+00   0.542546E+06   0.542546E+06   0.542546E+06  -0.128953E-01   0.284442E+06   0.284408E+06   0.346240E-01
   0.332038E+00   0.530027E+06   0.527485E+06   0.239973E+00  -0.120268E+00   0.000000E+00   0.529634E+06   0.529634E+06   0.529634E+06  -0.125885E-01   0.277672E+06   0.277639E+06   0.333914E-01
   0.337401E+00   0.517114E+06   0.514603E+06   0.226740E+00  -0.113636E+00   0.000000E+00   0.516726E+06   0.516726E+06   0.516726E+06  -0.122816E-01   0.270905E+06   0.270872E+06   0.323701E-01
   0.342764E+00   0.504409E+06   0.501919E+06   0.214299E+00  -0.107402E+00   0.000000E+00   0.504024E+06   0.504024E+06   0.504024E+06  -0.119797E-01   0.264246E+06   0.264214E+06   0.314566E-01
   0.348127E+00   0.492124E+06   0.489655E+06   0.202684E+00  -0.101581E+00   0.000000E+00   0.491742E+06   0.491742E+06   0.491742E+06  -0.116878E-01   0.257807E+06   0.257775E+06   0.305567E-01
   0.353491E+00   0.480432E+06   0.477993E+06   0.191908E+00  -0.961808E-01   0.000000E+00   0.480055E+06   0.480055E+06   0.480055E+06  -0.114100E-01   0.251680E+06   0.251648E+06   0.296063E-01
   0.358854E+00   0.469441E+06   0.467045E+06   0.181954E+00  -0.911919E-01   0.000000E+00   0.469070E+06   0.469070E+06   0.469070E+06  -0.111490E-01   0.245921E+06   0.245890E+06   0.285800E-01
   0.364217E+00   0.459163E+06   0.456824E+06   0.172768E+00  -0.865880E-01   0.000000E+00   0.458801E+06   0.458801E+06   0.458801E+06  -0.109049E-01   0.240537E+06   0.240507E+06   0.274887E-01
   0.369580E+00   0.449520E+06   0.447247E+06   0.164268E+00  -0.823276E-01   0.000000E+00   0.449168E+06   0.449168E+06   0.449168E+06  -0.106759E-01   0.235487E+06   0.235457E+06   0.263686E-01
   0.374943E+00   0.440376E+06   0.438172E+06   0.156357E+00  -0.783626E-01   0.000000E+00   0.440035E+06   0.440035E+06   0.440035E+06  -0.104588E-01   0.230698E+06   0.230670E+06   0.252676E-01
   0.380306E+00   0.431584E+06   0.429448E+06   0.148945E+00  -0.746480E-01   0.000000E+00   0.431254E+06   0.431254E+06   0.431254E+06  -0.102501E-01   0.226094E+06   0.226067E+06   0.242309E-01
   0.385669E+00   0.423018E+06   0.420942E+06   0.141958E+00  -0.711460E-01   0.000000E+00   0.422697E+06   0.422697E+06   0.422697E+06  -0.100468E-01   0.221608E+06   0.221581E+06   0.232904E-01
   0.391032E+00   0.414578E+06   0.412553E+06   0.135336E+00  -0.678272E-01   0.000000E+00   0.414265E+06   0.414265E+06   0.414265E+06  -0.984634E-02   0.217188E+06   0.217161E+06   0.224582E-01
   0.396395E+00   0.406213E+06   0.404228E+06   0.129042E+00  -0.646724E-01   0.000000E+00   0.405906E+06   0.405906E+06   0.405906E+06  -0.964766E-02   0.212805E+06   0.212779E+06   0.217269E-01
   0.401758E+00   0.397935E+06   0.395982E+06   0.123059E+00  -0.616742E-01   0.000000E+00   0.397633E+06   0.397633E+06   0.397633E+06  -0.945101E-02   0.208468E+06   0.208442E+06   0.210756E-01
   0.407121E+00   0.389807E+06   0.387881E+06   0.117390E+00  -0.588330E-01   0.000000E+00   0.389509E+06   0.389509E+06   0.389509E+06  -0.925793E-02   0.204209E+06   0.204184E+06   0.204765E-01
   0.412484E+00   0.381903E+06   0.380002E+06   0.112037E+00  -0.561507E-01   0.000000E+00   0.381609E+06   0.381609E+06   0.381609E+06  -0.907016E-02   0.200067E+06   0.200042E+06   0.199020E-01
   0.417848E+00   0.374274E+06   0.372400E+06   0.106998E+00  -0.536253E-01   0.000000E+00   0.373984E+06   0.373984E+06   0.373984E+06  -0.888893E-02   0.196069E+06   0.196045E+06   0.193307E-01
   0.423211E+00   0.366950E+06   0.365107E+06   0.102262E+00  -0.512518E-01   0.000000E+00   0.366665E+06   0.366665E+06   0.366665E+06  -0.871497E-02   0.192232E+06   0.192209E+06   0.187511E-01
   0.428574E+00   0.359951E+06   0.358142E+06   0.978168E-01  -0.490237E-01   0.000000E+00   0.359671E+06   0.359671E+06   0.359671E+06  -0.854873E-02   0.188566E+06   0.188542E+06   0.181623E-01
   0.433937E+00   0.353268E+06   0.351497E+06   0.936426E-01  -0.469317E-01   0.000000E+00   0.352994E+06   0.352994E+06   0.352994E+06  -0.839003E-02   0.185065E+06   0.185042E+06   0.175721E-01
   0.439300E+00   0.346858E+06   0.345126E+06   0.897126E-01  -0.449620E-01   0.000000E+00   0.346590E+06   0.346590E+06   0.346590E+06  -0.823782E-02   0.181708E+06   0.181685E+06   0.169921E-01
   0.444663E+00   0.340660E+06   0.338967E+06   0.859973E-01  -0.430999E-01   0.000000E+00   0.340398E+06   0.340398E+06   0.340398E+06  -0.809064E-02   0.178461E+06   0.178439E+06   0.164347E-01
   0.450026E+00   0.334624E+06   0.332968E+06   0.824726E-01  -0.413334E-01   0.000000E+00   0.334368E+06   0.334368E+06   0.334368E+06  -0.794732E-02   0.175300E+06   0.175278E+06   0.159098E-01
   0.455389E+00   0.328724E+06   0.327101E+06   0.791215E-01  -0.396539E-01   0.000000E+00   0.328473E+06   0.328473E+06   0.328473E+06  -0.780721E-02   0.172209E+06   0.172188E+06   0.154229E-01
   0.460752E+00   0.322938E+06   0.321345E+06   0.759300E-01  -0.380543E-01   0.000000E+00   0.322692E+06   0.322692E+06   0.322692E+06  -0.766980E-02   0.169178E+06   0.169158E+06   0.149736E-01
   0.466115E+00   0.317251E+06   0.315685E+06   0.728861E-01  -0.365288E-01   0.000000E+00   0.317009E+06   0.317009E+06   0.317009E+06  -0.753473E-02   0.166199E+06   0.166179E+06   0.145572E-01
   0.471478E+00   0.311668E+06   0.310125E+06   0.699835E-01  -0.350741E-01   0.000000E+00   0.311429E+06   0.311429E+06   0.311429E+06  -0.740211E-02   0.163274E+06   0.163254E+06   0.141659E-01
   0.476841E+00   0.306214E+06   0.304694E+06   0.672207E-01  -0.336895E-01   0.000000E+00   0.305979E+06   0.305979E+06   0.305979E+06  -0.727257E-02   0.160416E+06   0.160396E+06   0.137920E-01
   0.482204E+00   0.300915E+06   0.299418E+06   0.645962E-01  -0.323742E-01   0.000000E+00   0.300684E+06   0.300684E+06   0.300684E+06  -0.714671E-02   0.157640E+06   0.157621E+06   0.134285E-01
   0.487568E+00   0.295780E+06   0.294306E+06   0.621047E-01  -0.311255E-01   0.000000E+00   0.295552E+06   0.295552E+06   0.295552E+06  -0.702475E-02   0.154950E+06   0.154931E+06   0.130708E-01
   0.492931E+00   0.290808E+06   0.289357E+06   0.597391E-01  -0.299400E-01   0.000000E+00   0.290583E+06   0.290583E+06   0.290583E+06  -0.690665E-02   0.152345E+06   0.152326E+06   0.127169E-01
   0.498294E+00   0.285997E+06   0.284571E+06   0.574930E-01  -0.288143E-01   0.000000E+00   0.285776E+06   0.285776E+06   0.285776E+06  -0.679239E-02   0.149825E+06   0.149806E+06   0.123676E-01
   0.503657E+00   0.281342E+06   0.279941E+06   0.553593E-01  -0.277449E-01   0.000000E+00   0.281126E+06   0.281126E+06   0.281126E+06  -0.668185E-02   0.147386E+06   0.147368E+06   0.120258E-01
   0.509020E+00   0.276826E+06   0.275450E+06   0.533291E-01  -0.267273E-01   0.000000E+00   0.276614E+06   0.276614E+06   0.276614E+06  -0.657461E-02   0.145021E+06   0.145003E+06   0.116944E-01
   0.514383E+00   0.272426E+06   0.271074E+06   0.513927E-01  -0.257569E-01   0.000000E+00   0.272217E+06   0.272217E+06   0.272217E+06  -0.647010E-02   0.142716E+06   0.142698E+06   0.113764E-01
   0.519746E+00   0.268124E+06   0.266795E+06   0.495428E-01  -0.248297E-01   0.000000E+00   0.267918E+06   0.267918E+06   0.267918E+06  -0.636794E-02   0.140462E+06   0.140445E+06   0.110735E-01
   0.525109E+00   0.263915E+06   0.262608E+06   0.477741E-01  -0.239433E-01   0.000000E+00   0.263713E+06   0.263713E+06   0.263713E+06  -0.626798E-02   0.138257E+06   0.138240E+06   0.107862E-01
   0.530472E+00   0.259794E+06   0.258508E+06   0.460820E-01  -0.230953E-01   0.000000E+00   0.259595E+06   0.259595E+06   0.259595E+06  -0.617011E-02   0.136099E+06   0.136082E+06   0.105138E-01
   0.535835E+00   0.255757E+06   0.254489E+06   0.444623E-01  -0.222835E-01   0.000000E+00   0.255561E+06   0.255561E+06   0.255561E+06  -0.607422E-02   0.133983E+06   0.133967E+06   0.102541E-01
   0.541198E+00   0.251803E+06   0.250554E+06   0.429116E-01  -0.215064E-01   0.000000E+00   0.251610E+06   0.251610E+06   0.251610E+06  -0.598032E-02   0.131912E+06   0.131896E+06   0.100047E-01
   0.546561E+00   0.247942E+06   0.246711E+06   0.414284E-01  -0.207630E-01   0.000000E+00   0.247751E+06   0.247751E+06   0.247751E+06  -0.588861E-02   0.129889E+06   0.129873E+06   0.976360E-02
   0.551925E+00   0.244179E+06   0.242966E+06   0.400106E-01  -0.200524E-01   0.000000E+00   0.243992E+06   0.243992E+06   0.243992E+06  -0.579924E-02   0.127918E+06   0.127902E+06   0.952896E-02
   0.557288E+00   0.240515E+06   0.239319E+06   0.386553E-01  -0.193732E-01   0.000000E+00   0.240330E+06   0.240330E+06   0.240330E+06  -0.571221E-02   0.125998E+06   0.125983E+06   0.929972E-02
   0.562651E+00   0.236944E+06   0.235766E+06   0.373589E-01  -0.187235E-01   0.000000E+00   0.236762E+06   0.236762E+06   0.236762E+06  -0.562741E-02   0.124128E+06   0.124113E+06   0.907552E-02
   0.568014E+00   0.233465E+06   0.232304E+06   0.361185E-01  -0.181018E-01   0.000000E+00   0.233285E+06   0.233285E+06   0.233285E+06  -0.554477E-02   0.122305E+06   0.122290E+06   0.885668E-02
   0.573377E+00   0.230074E+06   0.228931E+06   0.349312E-01  -0.175068E-01   0.000000E+00   0.229898E+06   0.229898E+06   0.229898E+06  -0.546425E-02   0.120529E+06   0.120514E+06   0.864395E-02
   0.578740E+00   0.226766E+06   0.225641E+06   0.337939E-01  -0.169367E-01   0.000000E+00   0.226592E+06   0.226592E+06   0.226592E+06  -0.538569E-02   0.118796E+06   0.118781E+06   0.843803E-02
   0.584103E+00   0.223531E+06   0.222422E+06   0.327028E-01  -0.163899E-01   0.000000E+00   0.223359E+06   0.223359E+06   0.223359E+06  -0.530885E-02   0.117101E+06   0.117087E+06   0.823937E-02
   0.589466E+00   0.220362E+06   0.219269E+06   0.316552E-01  -0.158649E-01   0.000000E+00   0.220193E+06   0.220193E+06   0.220193E+06  -0.523359E-02   0.115441E+06   0.115427E+06   0.804817E-02
   0.594829E+00   0.217259E+06   0.216181E+06   0.306492E-01  -0.153607E-01   0.000000E+00   0.217092E+06   0.217092E+06   0.217092E+06  -0.515989E-02   0.113815E+06   0.113801E+06   0.786431E-02
   0.600192E+00   0.214221E+06   0.213159E+06   0.296830E-01  -0.148765E-01   0.000000E+00   0.214057E+06   0.214057E+06   0.214057E+06  -0.508775E-02   0.112224E+06   0.112210E+06   0.768736E-02
   0.605555E+00   0.211246E+06   0.210198E+06   0.287545E-01  -0.144111E-01   0.000000E+00   0.211084E+06   0.211084E+06   0.211084E+06  -0.501708E-02   0.110665E+06   0.110652E+06   0.751657E-02
   0.610918E+00   0.208330E+06   0.207296E+06   0.278619E-01  -0.139638E-01   0.000000E+00   0.208170E+06   0.208170E+06   0.208170E+06  -0.494783E-02   0.109138E+06   0.109124E+06   0.735115E-02
   0.616281E+00   0.205476E+06   0.204456E+06   0.270041E-01  -0.135339E-01   0.000000E+00   0.205319E+06   0.205319E+06   0.205319E+06  -0.488006E-02   0.107643E+06   0.107630E+06   0.719050E-02
   0.621645E+00   0.202688E+06   0.201681E+06   0.261800E-01  -0.131209E-01   0.000000E+00   0.202532E+06   0.202532E+06   0.202532E+06  -0.481383E-02   0.106182E+06   0.106169E+06   0.703417E-02
   0.627008E+00   0.199963E+06   0.198970E+06   0.253881E-01  -0.127239E-01   0.000000E+00   0.199809E+06   0.199809E+06   0.199809E+06  -0.474911E-02   0.104754E+06   0.104742E+06   0.688186E-02
   0.680214E+00   0.175814E+06   0.174942E+06   0.189666E-01  -0.950565E-02   0.000000E+00   0.175679E+06   0.175679E+06   0.175679E+06  -0.417558E-02   0.921038E+05   0.920924E+05   0.558574E-02
   0.737935E+00   0.154439E+06   0.153673E+06   0.141562E-01  -0.709479E-02   0.000000E+00   0.154320E+06   0.154320E+06   0.154320E+06  -0.366792E-02   0.809060E+05   0.808960E+05   0.453292E-02
   0.800554E+00   0.135551E+06   0.134878E+06   0.105571E-01  -0.529102E-02   0.000000E+00   0.135447E+06   0.135447E+06   0.135447E+06  -0.321932E-02   0.710109E+05   0.710021E+05   0.367749E-02
   0.868486E+00   0.118876E+06   0.118286E+06   0.786670E-02  -0.394263E-02   0.000000E+00   0.118785E+06   0.118785E+06   0.118785E+06  -0.282330E-02   0.622755E+05   0.622677E+05   0.298257E-02
   0.942183E+00   0.104171E+06   0.103654E+06   0.585735E-02  -0.293559E-02   0.000000E+00   0.104091E+06   0.104091E+06   0.104091E+06  -0.247406E-02   0.545721E+05   0.545653E+05   0.241850E-02
   0.101542E+01   0.922065E+05   0.917490E+05   0.446368E-02  -0.223711E-02   0.000000E+00   0.921357E+05   0.921357E+05   0.921357E+05  -0.218990E-02   0.483042E+05   0.482982E+05   0.199455E-02
   0.126811E+01   0.639628E+05   0.636454E+05   0.198535E-02  -0.995025E-03   0.000000E+00   0.639137E+05   0.639137E+05   0.639137E+05  -0.151911E-02   0.335082E+05   0.335039E+05   0.112656E-02
   0.158368E+01   0.441541E+05   0.439349E+05   0.878737E-03  -0.440412E-03   0.000000E+00   0.441202E+05   0.441202E+05   0.441202E+05  -0.104866E-02   0.231310E+05   0.231280E+05   0.638933E-03
   0.197777E+01   0.303437E+05   0.301929E+05   0.387197E-03  -0.194061E-03   0.000000E+00   0.303204E+05   0.303204E+05   0.303204E+05  -0.720661E-03   0.158962E+05   0.158940E+05   0.365573E-03
   0.246994E+01   0.207662E+05   0.206629E+05   0.169900E-03  -0.851548E-04   0.000000E+00   0.207502E+05   0.207502E+05   0.207502E+05  -0.493196E-03   0.108788E+05   0.108772E+05   0.212307E-03
   0.308458E+01   0.141556E+05   0.140849E+05   0.742563E-04  -0.372188E-04   0.000000E+00   0.141446E+05   0.141446E+05   0.141446E+05  -0.336192E-03   0.741566E+04   0.741449E+04   0.126089E-03
   0.385217E+01   0.961172E+04   0.956358E+04   0.323275E-04  -0.162040E-04   0.000000E+00   0.960427E+04   0.960427E+04   0.960427E+04  -0.228276E-03   0.503528E+04   0.503438E+04   0.772143E-04
   0.481078E+01   0.650000E+04   0.646725E+04   0.140165E-04  -0.702622E-05   0.000000E+00   0.649493E+04   0.649493E+04   0.649493E+04  -0.154373E-03   0.340514E+04   0.340443E+04   0.491273E-04
   0.600794E+01   0.437581E+04   0.435355E+04   0.604957E-05  -0.303291E-05   0.000000E+00   0.437237E+04   0.437237E+04   0.437237E+04  -0.103923E-03   0.229234E+04   0.229175E+04   0.326337E-04
   0.750301E+01   0.292960E+04   0.291447E+04   0.259652E-05  -0.130199E-05   0.000000E+00   0.292726E+04   0.292726E+04   0.292726E+04  -0.695756E-04   0.153470E+04   0.153420E+04   0.226379E-04
   0.937012E+01   0.194701E+04   0.193673E+04   0.110620E-05  -0.554852E-06   0.000000E+00   0.194542E+04   0.194542E+04   0.194542E+04  -0.462392E-04   0.101996E+04   0.101950E+04   0.163158E-04
   0.117019E+02   0.128041E+04   0.127341E+04   0.466276E-06  -0.233982E-06   0.000000E+00   0.127933E+04   0.127933E+04   0.127933E+04  -0.304073E-04   0.670741E+03   0.670317E+03   0.120969E-04
   0.146139E+02   0.828563E+03   0.823799E+03   0.193359E-06  -0.970981E-07   0.000000E+00   0.827826E+03   0.827826E+03   0.827826E+03  -0.196759E-04   0.434033E+03   0.433635E+03   0.910003E-05
   0.182505E+02   0.522515E+03   0.519277E+03   0.781176E-07  -0.392712E-07   0.000000E+00   0.522014E+03   0.522014E+03   0.522014E+03  -0.124073E-04   0.273704E+03   0.273331E+03   0.682444E-05
   0.227921E+02   0.315649E+03   0.313473E+03   0.302175E-07  -0.152171E-07   0.000000E+00   0.315312E+03   0.315312E+03   0.315312E+03  -0.749441E-05   0.165335E+03   0.164994E+03   0.498167E-05
   0.284639E+02   0.176893E+03   0.175481E+03   0.108354E-07  -0.547124E-08   0.000000E+00   0.176674E+03   0.176674E+03   0.176674E+03  -0.419923E-05   0.926472E+02   0.923562E+02   0.341029E-05
   0.355471E+02   0.860327E+02   0.852007E+02   0.336803E-08  -0.170781E-08   0.000000E+00   0.859040E+02   0.859040E+02   0.859040E+02  -0.204178E-05   0.450536E+02   0.448362E+02   0.204047E-05
   0.443930E+02   0.303509E+02   0.299778E+02   0.757996E-09  -0.386893E-09   0.000000E+00   0.302932E+02   0.302932E+02   0.302932E+02  -0.720014E-06   0.158910E+02   0.157726E+02   0.889577E-06
   0.554402E+02   0.174606E+01   0.171796E+01   0.277284E-10  -0.143181E-10   0.000000E+00   0.174171E+01   0.174171E+01   0.174171E+01  -0.413973E-07   0.914039E+00   0.903420E+00   0.638899E-07
   0.692364E+02  -0.649097E+01  -0.634286E+01  -0.653198E-10   0.342079E-10   0.000000E+00  -0.646805E+01  -0.646805E+01  -0.646805E+01   0.153734E-06  -0.339563E+01  -0.333522E+01  -0.291087E-06
   0.864658E+02  -0.311307E+01  -0.301165E+01  -0.197016E-10   0.105783E-10   0.000000E+00  -0.309738E+01  -0.309738E+01  -0.309738E+01   0.736192E-07  -0.162734E+01  -0.158254E+01  -0.172828E-06
   0.107983E+03   0.895718E+00   0.852717E+00   0.352618E-11  -0.196771E-11   0.000000E+00   0.889065E+00   0.889065E+00   0.889065E+00  -0.211315E-07   0.467654E+00   0.447816E+00   0.612833E-07
   0.134854E+03   0.224944E+00   0.209096E+00   0.540738E-12  -0.321422E-12   0.000000E+00   0.222492E+00   0.222492E+00   0.222492E+00  -0.528825E-08   0.117265E+00   0.109604E+00   0.189492E-07
   0.168412E+03  -0.168268E+00  -0.150446E+00  -0.240549E-12   0.156854E-12   0.000000E+00  -0.165511E+00  -0.165511E+00  -0.165511E+00   0.393389E-08  -0.874584E-01  -0.787935E-01  -0.171627E-07
   0.210322E+03   0.360253E-01   0.303499E-01   0.291038E-13  -0.222197E-13   0.000000E+00   0.351473E-01   0.351473E-01   0.351473E-01  -0.835388E-09   0.186581E-01   0.158707E-01   0.442100E-08
   0.262660E+03   0.299031E-01   0.228721E-01   0.127762E-13  -0.122043E-13   0.000000E+00   0.288154E-01   0.288154E-01   0.288154E-01  -0.684890E-09   0.153780E-01   0.120476E-01   0.422965E-08
   0.328022E+03   0.391470E-02   0.259255E-02   0.785066E-15  -0.106539E-14   0.000000E+00   0.371015E-02   0.371015E-02   0.371015E-02  -0.881837E-10   0.199400E-02   0.139187E-02   0.612329E-09
   0.409650E+03   0.478853E-02   0.253932E-02   0.327529E-15  -0.892492E-15   0.000000E+00   0.444056E-02   0.444056E-02   0.444056E-02  -0.105544E-09   0.241479E-02   0.143122E-02   0.800924E-09
   0.511591E+03  -0.105762E-02  -0.404938E-03  -0.121334E-16   0.131342E-15   0.000000E+00  -0.956644E-03  -0.956644E-03  -0.956644E-03   0.227377E-10  -0.524965E-03  -0.262503E-03  -0.171136E-09
