#           k/h    P           
   0.104501E-04   0.495834E+02
   0.127095E-04   0.599377E+02
   0.154573E-04   0.724543E+02
   0.187992E-04   0.875845E+02
   0.228637E-04   0.105874E+03
   0.278068E-04   0.127983E+03
   0.338188E-04   0.154708E+03
   0.411305E-04   0.187013E+03
   0.500230E-04   0.226061E+03
   0.608381E-04   0.273261E+03
   0.739915E-04   0.330311E+03
   0.899887E-04   0.399263E+03
   0.109444E-03   0.482594E+03
   0.133107E-03   0.583290E+03
   0.161885E-03   0.704950E+03
   0.196885E-03   0.851901E+03
   0.239452E-03   0.102934E+04
   0.291222E-03   0.124347E+04
   0.354185E-03   0.150170E+04
   0.430761E-03   0.181280E+04
   0.523892E-03   0.218706E+04
   0.637159E-03   0.263647E+04
   0.774915E-03   0.317484E+04
   0.942454E-03   0.381781E+04
   0.114621E-02   0.458276E+04
   0.139403E-02   0.548833E+04
   0.169542E-02   0.655356E+04
   0.206198E-02   0.779654E+04
   0.250778E-02   0.923222E+04
   0.304997E-02   0.108694E+05
   0.370939E-02   0.127067E+05
   0.451137E-02   0.147273E+05
   0.548674E-02   0.168928E+05
   0.667298E-02   0.191355E+05
   0.811570E-02   0.213507E+05
   0.987034E-02   0.233944E+05
   0.120043E-01   0.250591E+05
   0.145997E-01   0.261258E+05
   0.177562E-01   0.262989E+05
   0.215952E-01   0.253819E+05
   0.259142E-01   0.234615E+05
   0.302332E-01   0.211661E+05
   0.345522E-01   0.189000E+05
   0.388713E-01   0.169009E+05
   0.431903E-01   0.152697E+05
   0.475093E-01   0.140012E+05
   0.518284E-01   0.130685E+05
   0.561474E-01   0.123496E+05
   0.604664E-01   0.117601E+05
   0.647855E-01   0.112081E+05
   0.691045E-01   0.106312E+05
   0.734235E-01   0.999542E+04
   0.777425E-01   0.930132E+04
   0.820616E-01   0.857328E+04
   0.863806E-01   0.785155E+04
   0.906996E-01   0.717445E+04
   0.960627E-01   0.644139E+04
   0.101426E+00   0.586080E+04
   0.106789E+00   0.543666E+04
   0.112152E+00   0.513932E+04
   0.117515E+00   0.492013E+04
   0.122878E+00   0.473025E+04
   0.128241E+00   0.453123E+04
   0.133604E+00   0.430007E+04
   0.138967E+00   0.403311E+04
   0.144330E+00   0.374416E+04
   0.149694E+00   0.345533E+04
   0.155057E+00   0.318834E+04
   0.160420E+00   0.296008E+04
   0.165783E+00   0.277913E+04
   0.171146E+00   0.264307E+04
   0.176509E+00   0.254043E+04
   0.181872E+00   0.245649E+04
   0.187235E+00   0.237776E+04
   0.192598E+00   0.229366E+04
   0.197961E+00   0.219792E+04
   0.203324E+00   0.209035E+04
   0.208687E+00   0.197623E+04
   0.214050E+00   0.186319E+04
   0.219414E+00   0.175821E+04
   0.224777E+00   0.166614E+04
   0.230140E+00   0.158907E+04
   0.235503E+00   0.152620E+04
   0.240866E+00   0.147447E+04
   0.246229E+00   0.142959E+04
   0.251592E+00   0.138707E+04
   0.256955E+00   0.134318E+04
   0.262318E+00   0.129598E+04
   0.267681E+00   0.124561E+04
   0.273044E+00   0.119372E+04
   0.278407E+00   0.114240E+04
   0.283771E+00   0.109371E+04
   0.289134E+00   0.104932E+04
   0.294497E+00   0.101015E+04
   0.299860E+00   0.976080E+03
   0.305223E+00   0.946092E+03
   0.310586E+00   0.918816E+03
   0.315949E+00   0.892909E+03
   0.321312E+00   0.867244E+03
   0.326675E+00   0.841089E+03
   0.332038E+00   0.814280E+03
   0.337401E+00   0.787199E+03
   0.342764E+00   0.760506E+03
   0.348127E+00   0.734867E+03
   0.353491E+00   0.710803E+03
   0.358854E+00   0.688619E+03
   0.364217E+00   0.668336E+03
   0.369580E+00   0.649704E+03
   0.374943E+00   0.632315E+03
   0.380306E+00   0.615747E+03
   0.385669E+00   0.599636E+03
   0.391032E+00   0.583710E+03
   0.396395E+00   0.567837E+03
   0.401758E+00   0.552067E+03
   0.407121E+00   0.536591E+03
   0.412484E+00   0.521618E+03
   0.417848E+00   0.507292E+03
   0.423211E+00   0.493694E+03
   0.428574E+00   0.480871E+03
   0.433937E+00   0.468797E+03
   0.439300E+00   0.457354E+03
   0.444663E+00   0.446375E+03
   0.450026E+00   0.435733E+03
   0.455389E+00   0.425359E+03
   0.460752E+00   0.415202E+03
   0.466115E+00   0.405225E+03
   0.471478E+00   0.395445E+03
   0.476841E+00   0.385932E+03
   0.482204E+00   0.376751E+03
   0.487568E+00   0.367924E+03
   0.492931E+00   0.359447E+03
   0.498294E+00   0.351317E+03
   0.503657E+00   0.343520E+03
   0.509020E+00   0.336013E+03
   0.514383E+00   0.328737E+03
   0.519746E+00   0.321655E+03
   0.525109E+00   0.314751E+03
   0.530472E+00   0.308017E+03
   0.535835E+00   0.301441E+03
   0.541198E+00   0.295027E+03
   0.546561E+00   0.288793E+03
   0.551925E+00   0.282757E+03
   0.557288E+00   0.276917E+03
   0.562651E+00   0.271262E+03
   0.568014E+00   0.265785E+03
   0.573377E+00   0.260483E+03
   0.578740E+00   0.255340E+03
   0.584103E+00   0.250334E+03
   0.589466E+00   0.245450E+03
   0.594829E+00   0.240690E+03
   0.600192E+00   0.236051E+03
   0.605555E+00   0.231525E+03
   0.610918E+00   0.227110E+03
   0.616281E+00   0.222810E+03
   0.621645E+00   0.218632E+03
   0.627008E+00   0.214571E+03
   0.680214E+00   0.179497E+03
   0.737935E+00   0.149880E+03
   0.800554E+00   0.124942E+03
   0.868486E+00   0.103986E+03
   0.942183E+00   0.864098E+02
   0.101542E+01   0.727949E+02
   0.126811E+01   0.434491E+02
   0.158368E+01   0.256828E+02
   0.197777E+01   0.150472E+02
   0.246994E+01   0.874425E+01
   0.308458E+01   0.504282E+01
   0.385217E+01   0.288695E+01
   0.481078E+01   0.164068E+01
   0.600794E+01   0.925227E+00
   0.750301E+01   0.517174E+00
   0.937012E+01   0.285926E+00
   0.117019E+02   0.155740E+00
   0.146139E+02   0.830063E-01
   0.182505E+02   0.427821E-01
   0.227921E+02   0.208913E-01
   0.284639E+02   0.931956E-02
   0.355471E+02   0.354671E-02
   0.443930E+02   0.996538E-03
   0.554402E+02   0.137709E-03
   0.692364E+02   0.504097E-08
   0.864658E+02   0.129224E-04
   0.107983E+03   0.261386E-05
   0.134854E+03   0.459683E-06
   0.168412E+03   0.591878E-08
   0.210322E+03   0.863046E-08
   0.262660E+03   0.484714E-10
   0.328022E+03   0.105464E-08
   0.409650E+03   0.905263E-10
   0.511591E+03   0.318298E-10
