#           k/h    P           
   0.104501E-04   0.495834E+02
   0.127095E-04   0.599377E+02
   0.154573E-04   0.724543E+02
   0.187992E-04   0.875845E+02
   0.228637E-04   0.105874E+03
   0.278068E-04   0.127983E+03
   0.338188E-04   0.154708E+03
   0.411305E-04   0.187013E+03
   0.500230E-04   0.226061E+03
   0.608381E-04   0.273261E+03
   0.739915E-04   0.330311E+03
   0.899887E-04   0.399263E+03
   0.109444E-03   0.482594E+03
   0.133107E-03   0.583290E+03
   0.161885E-03   0.704950E+03
   0.196885E-03   0.851901E+03
   0.239452E-03   0.102934E+04
   0.291222E-03   0.124347E+04
   0.354185E-03   0.150170E+04
   0.430761E-03   0.181280E+04
   0.523892E-03   0.218706E+04
   0.637159E-03   0.263647E+04
   0.774915E-03   0.317484E+04
   0.942454E-03   0.381781E+04
   0.114621E-02   0.458276E+04
   0.139403E-02   0.548833E+04
   0.169542E-02   0.655356E+04
   0.206198E-02   0.779654E+04
   0.250778E-02   0.923222E+04
   0.304997E-02   0.108694E+05
   0.370939E-02   0.127067E+05
   0.451137E-02   0.147273E+05
   0.548674E-02   0.168928E+05
   0.667298E-02   0.191355E+05
   0.811570E-02   0.213507E+05
   0.987034E-02   0.233944E+05
   0.120043E-01   0.250591E+05
   0.145997E-01   0.261258E+05
   0.177562E-01   0.262989E+05
   0.215952E-01   0.253819E+05
   0.259142E-01   0.234614E+05
   0.302332E-01   0.211660E+05
   0.345522E-01   0.188999E+05
   0.388713E-01   0.169008E+05
   0.431903E-01   0.152696E+05
   0.475093E-01   0.140010E+05
   0.518284E-01   0.130683E+05
   0.561474E-01   0.123494E+05
   0.604664E-01   0.117598E+05
   0.647855E-01   0.112079E+05
   0.691045E-01   0.106310E+05
   0.734235E-01   0.999518E+04
   0.777425E-01   0.930107E+04
   0.820616E-01   0.857304E+04
   0.863806E-01   0.785131E+04
   0.906996E-01   0.717421E+04
   0.960627E-01   0.644116E+04
   0.101426E+00   0.586058E+04
   0.106789E+00   0.543643E+04
   0.112152E+00   0.513910E+04
   0.117515E+00   0.491991E+04
   0.122878E+00   0.473002E+04
   0.128241E+00   0.453100E+04
   0.133604E+00   0.429984E+04
   0.138967E+00   0.403289E+04
   0.144330E+00   0.374395E+04
   0.149694E+00   0.345513E+04
   0.155057E+00   0.318814E+04
   0.160420E+00   0.295989E+04
   0.165783E+00   0.277895E+04
   0.171146E+00   0.264290E+04
   0.176509E+00   0.254026E+04
   0.181872E+00   0.245632E+04
   0.187235E+00   0.237759E+04
   0.192598E+00   0.229350E+04
   0.197961E+00   0.219776E+04
   0.203324E+00   0.209020E+04
   0.208687E+00   0.197608E+04
   0.214050E+00   0.186305E+04
   0.219414E+00   0.175807E+04
   0.224777E+00   0.166601E+04
   0.230140E+00   0.158894E+04
   0.235503E+00   0.152607E+04
   0.240866E+00   0.147434E+04
   0.246229E+00   0.142947E+04
   0.251592E+00   0.138695E+04
   0.256955E+00   0.134307E+04
   0.262318E+00   0.129587E+04
   0.267681E+00   0.124551E+04
   0.273044E+00   0.119362E+04
   0.278407E+00   0.114231E+04
   0.283771E+00   0.109362E+04
   0.289134E+00   0.104923E+04
   0.294497E+00   0.101006E+04
   0.299860E+00   0.975995E+03
   0.305223E+00   0.946010E+03
   0.310586E+00   0.918735E+03
   0.315949E+00   0.892831E+03
   0.321312E+00   0.867169E+03
   0.326675E+00   0.841015E+03
   0.332038E+00   0.814208E+03
   0.337401E+00   0.787130E+03
   0.342764E+00   0.760440E+03
   0.348127E+00   0.734803E+03
   0.353491E+00   0.710741E+03
   0.358854E+00   0.688559E+03
   0.364217E+00   0.668278E+03
   0.369580E+00   0.649648E+03
   0.374943E+00   0.632261E+03
   0.380306E+00   0.615694E+03
   0.385669E+00   0.599585E+03
   0.391032E+00   0.583660E+03
   0.396395E+00   0.567789E+03
   0.401758E+00   0.552021E+03
   0.407121E+00   0.536546E+03
   0.412484E+00   0.521575E+03
   0.417848E+00   0.507249E+03
   0.423211E+00   0.493653E+03
   0.428574E+00   0.480831E+03
   0.433937E+00   0.468759E+03
   0.439300E+00   0.457317E+03
   0.444663E+00   0.446339E+03
   0.450026E+00   0.435699E+03
   0.455389E+00   0.425325E+03
   0.460752E+00   0.415169E+03
   0.466115E+00   0.405194E+03
   0.471478E+00   0.395415E+03
   0.476841E+00   0.385902E+03
   0.482204E+00   0.376722E+03
   0.487568E+00   0.367896E+03
   0.492931E+00   0.359420E+03
   0.498294E+00   0.351291E+03
   0.503657E+00   0.343496E+03
   0.509020E+00   0.335989E+03
   0.514383E+00   0.328714E+03
   0.519746E+00   0.321632E+03
   0.525109E+00   0.314729E+03
   0.530472E+00   0.307996E+03
   0.535835E+00   0.301421E+03
   0.541198E+00   0.295008E+03
   0.546561E+00   0.288775E+03
   0.551925E+00   0.282739E+03
   0.557288E+00   0.276900E+03
   0.562651E+00   0.271245E+03
   0.568014E+00   0.265769E+03
   0.573377E+00   0.260468E+03
   0.578740E+00   0.255326E+03
   0.584103E+00   0.250319E+03
   0.589466E+00   0.245437E+03
   0.594829E+00   0.240677E+03
   0.600192E+00   0.236038E+03
   0.605555E+00   0.231513E+03
   0.610918E+00   0.227099E+03
   0.616281E+00   0.222799E+03
   0.621645E+00   0.218622E+03
   0.627008E+00   0.214561E+03
   0.680214E+00   0.179492E+03
   0.737935E+00   0.149877E+03
   0.800554E+00   0.124943E+03
   0.868486E+00   0.103989E+03
   0.942183E+00   0.864154E+02
   0.101542E+01   0.728022E+02
   0.126811E+01   0.434600E+02
   0.158368E+01   0.256958E+02
   0.197777E+01   0.150612E+02
   0.246994E+01   0.875871E+01
   0.308458E+01   0.505725E+01
   0.385217E+01   0.290107E+01
   0.481078E+01   0.165429E+01
   0.600794E+01   0.938184E+00
   0.750301E+01   0.529389E+00
   0.937012E+01   0.297322E+00
   0.117019E+02   0.166256E+00
   0.146139E+02   0.925796E-01
   0.182505E+02   0.513444E-01
   0.227921E+02   0.283600E-01
   0.284639E+02   0.155977E-01
   0.355471E+02   0.853754E-02
   0.443930E+02   0.464613E-02
   0.554402E+02   0.250945E-02
   0.692364E+02   0.134124E-02
   0.864658E+02   0.705890E-03
   0.107983E+03   0.362848E-03
   0.134854E+03   0.179731E-03
   0.168412E+03   0.838815E-04
   0.210322E+03   0.354985E-04
   0.262660E+03   0.127175E-04
   0.328022E+03   0.336028E-05
   0.409650E+03   0.454409E-06
   0.511591E+03   0.107158E-08
