#          k/h    CDM            baryon         photon         nu             mass_nu        total          no_nu          total_de       Weyl           v_CDM          v_b            v_b-v_c     
   0.104501E-04   0.198309E+08   0.198309E+08   0.264274E+08   0.264270E+08   0.000000E+00   0.198309E+08   0.198309E+08   0.198387E+08  -0.471824E+00   0.103990E+08   0.103990E+08   0.582492E+01
   0.127095E-04   0.198309E+08   0.198309E+08   0.264208E+08   0.264202E+08   0.000000E+00   0.198309E+08   0.198309E+08   0.198386E+08  -0.471824E+00   0.103990E+08   0.103990E+08   0.708381E+01
   0.154573E-04   0.198309E+08   0.198309E+08   0.264110E+08   0.264102E+08   0.000000E+00   0.198309E+08   0.198309E+08   0.198386E+08  -0.471823E+00   0.103990E+08   0.103990E+08   0.861449E+01
   0.187992E-04   0.198308E+08   0.198308E+08   0.263966E+08   0.263953E+08   0.000000E+00   0.198308E+08   0.198308E+08   0.198386E+08  -0.471823E+00   0.103990E+08   0.103990E+08   0.104754E+02
   0.228637E-04   0.198308E+08   0.198308E+08   0.263752E+08   0.263734E+08   0.000000E+00   0.198308E+08   0.198308E+08   0.198385E+08  -0.471821E+00   0.103989E+08   0.103989E+08   0.127375E+02
   0.278068E-04   0.198307E+08   0.198307E+08   0.263436E+08   0.263409E+08   0.000000E+00   0.198307E+08   0.198307E+08   0.198385E+08  -0.471819E+00   0.103989E+08   0.103989E+08   0.154864E+02
   0.338188E-04   0.198306E+08   0.198306E+08   0.262969E+08   0.262929E+08   0.000000E+00   0.198306E+08   0.198306E+08   0.198384E+08  -0.471817E+00   0.103989E+08   0.103988E+08   0.188257E+02
   0.411305E-04   0.198305E+08   0.198305E+08   0.262280E+08   0.262221E+08   0.000000E+00   0.198305E+08   0.198305E+08   0.198382E+08  -0.471812E+00   0.103988E+08   0.103988E+08   0.228798E+02
   0.500230E-04   0.198303E+08   0.198303E+08   0.261263E+08   0.261177E+08   0.000000E+00   0.198303E+08   0.198303E+08   0.198380E+08  -0.471806E+00   0.103987E+08   0.103987E+08   0.277976E+02
   0.608381E-04   0.198300E+08   0.198300E+08   0.259767E+08   0.259640E+08   0.000000E+00   0.198300E+08   0.198300E+08   0.198376E+08  -0.471797E+00   0.103985E+08   0.103985E+08   0.337556E+02
   0.739915E-04   0.198296E+08   0.198295E+08   0.257568E+08   0.257381E+08   0.000000E+00   0.198296E+08   0.198296E+08   0.198371E+08  -0.471784E+00   0.103983E+08   0.103983E+08   0.409607E+02
   0.899887E-04   0.198289E+08   0.198289E+08   0.254346E+08   0.254073E+08   0.000000E+00   0.198289E+08   0.198289E+08   0.198364E+08  -0.471765E+00   0.103979E+08   0.103979E+08   0.496500E+02
   0.109444E-03   0.198280E+08   0.198279E+08   0.249649E+08   0.249252E+08   0.000000E+00   0.198280E+08   0.198280E+08   0.198353E+08  -0.471736E+00   0.103974E+08   0.103974E+08   0.600865E+02
   0.133107E-03   0.198266E+08   0.198265E+08   0.242848E+08   0.242273E+08   0.000000E+00   0.198266E+08   0.198266E+08   0.198337E+08  -0.471694E+00   0.103967E+08   0.103967E+08   0.725462E+02
   0.161885E-03   0.198245E+08   0.198244E+08   0.233100E+08   0.232278E+08   0.000000E+00   0.198245E+08   0.198245E+08   0.198313E+08  -0.471631E+00   0.103956E+08   0.103955E+08   0.872875E+02
   0.196885E-03   0.198215E+08   0.198213E+08   0.219344E+08   0.218187E+08   0.000000E+00   0.198214E+08   0.198214E+08   0.198279E+08  -0.471541E+00   0.103940E+08   0.103939E+08   0.104495E+03
   0.239452E-03   0.198170E+08   0.198167E+08   0.200370E+08   0.198781E+08   0.000000E+00   0.198170E+08   0.198170E+08   0.198228E+08  -0.471409E+00   0.103916E+08   0.103915E+08   0.124175E+03
   0.291222E-03   0.198105E+08   0.198101E+08   0.175089E+08   0.172986E+08   0.000000E+00   0.198104E+08   0.198104E+08   0.198155E+08  -0.471219E+00   0.103881E+08   0.103880E+08   0.145998E+03
   0.354185E-03   0.198010E+08   0.198004E+08   0.143125E+08   0.140497E+08   0.000000E+00   0.198010E+08   0.198010E+08   0.198051E+08  -0.470948E+00   0.103831E+08   0.103829E+08   0.169061E+03
   0.430761E-03   0.197874E+08   0.197865E+08   0.105847E+08   0.102842E+08   0.000000E+00   0.197873E+08   0.197873E+08   0.197904E+08  -0.470567E+00   0.103758E+08   0.103755E+08   0.191621E+03
   0.523892E-03   0.197680E+08   0.197668E+08   0.675524E+07   0.645835E+07   0.000000E+00   0.197678E+08   0.197678E+08   0.197698E+08  -0.470041E+00   0.103654E+08   0.103651E+08   0.210934E+03
   0.637159E-03   0.197408E+08   0.197391E+08   0.355552E+07   0.332986E+07   0.000000E+00   0.197405E+08   0.197405E+08   0.197415E+08  -0.469328E+00   0.103508E+08   0.103504E+08   0.223480E+03
   0.774915E-03   0.197030E+08   0.197008E+08   0.167721E+07   0.158427E+07   0.000000E+00   0.197027E+08   0.197027E+08   0.197032E+08  -0.468378E+00   0.103307E+08   0.103302E+08   0.225940E+03
   0.942454E-03   0.196517E+08   0.196489E+08   0.105472E+07   0.108379E+07   0.000000E+00   0.196512E+08   0.196512E+08   0.196516E+08  -0.467124E+00   0.103034E+08   0.103028E+08   0.216770E+03
   0.114621E-02   0.195828E+08   0.195796E+08   0.714772E+06   0.768131E+06   0.000000E+00   0.195823E+08   0.195823E+08   0.195825E+08  -0.465470E+00   0.102670E+08   0.102664E+08   0.197097E+03
   0.139403E-02   0.194917E+08   0.194882E+08   0.255380E+06   0.283404E+06   0.000000E+00   0.194912E+08   0.194912E+08   0.194913E+08  -0.463292E+00   0.102191E+08   0.102184E+08   0.169807E+03
   0.169542E-02   0.193726E+08   0.193689E+08   0.148031E+06  -0.168798E+06   0.000000E+00   0.193720E+08   0.193720E+08   0.193720E+08  -0.460450E+00   0.101565E+08   0.101558E+08   0.139040E+03
   0.206198E-02   0.192184E+08   0.192147E+08   0.260608E+04  -0.113191E+06   0.000000E+00   0.192178E+08   0.192178E+08   0.192178E+08  -0.456781E+00   0.100755E+08   0.100749E+08   0.110482E+03
   0.250778E-02   0.190212E+08   0.190174E+08   0.876017E+04  -0.757300E+05   0.000000E+00   0.190206E+08   0.190206E+08   0.190206E+08  -0.452091E+00   0.997206E+07   0.997140E+07   0.882500E+02
   0.304997E-02   0.187718E+08   0.187677E+08   0.240027E+04  -0.505230E+05   0.000000E+00   0.187712E+08   0.187712E+08   0.187712E+08  -0.446160E+00   0.984124E+07   0.984058E+07   0.723631E+02
   0.370939E-02   0.184603E+08   0.184557E+08  -0.169036E+05  -0.335881E+05   0.000000E+00   0.184596E+08   0.184596E+08   0.184596E+08  -0.438754E+00   0.967786E+07   0.967720E+07   0.593997E+02
   0.451137E-02   0.180761E+08   0.180710E+08  -0.135723E+05  -0.222342E+05   0.000000E+00   0.180753E+08   0.180753E+08   0.180753E+08  -0.429620E+00   0.947638E+07   0.947572E+07   0.481207E+02
   0.548674E-02   0.176083E+08   0.176021E+08  -0.121024E+05  -0.146422E+05   0.000000E+00   0.176073E+08   0.176073E+08   0.176073E+08  -0.418495E+00   0.923099E+07   0.923034E+07   0.393538E+02
   0.667298E-02   0.170455E+08   0.170380E+08  -0.102647E+05  -0.958241E+04   0.000000E+00   0.170443E+08   0.170443E+08   0.170443E+08  -0.405114E+00   0.893582E+07   0.893518E+07   0.319836E+02
   0.811570E-02   0.163765E+08   0.163671E+08  -0.635285E+04  -0.622391E+04   0.000000E+00   0.163751E+08   0.163751E+08   0.163751E+08  -0.389207E+00   0.858496E+07   0.858433E+07   0.260324E+02
   0.987034E-02   0.155921E+08   0.155800E+08   0.173798E+04  -0.400608E+04   0.000000E+00   0.155902E+08   0.155902E+08   0.155902E+08  -0.370552E+00   0.817347E+07   0.817284E+07   0.213021E+02
   0.120043E-01   0.146781E+08   0.146623E+08  -0.212043E+04  -0.254948E+04   0.000000E+00   0.146756E+08   0.146756E+08   0.146756E+08  -0.348813E+00   0.769398E+07   0.769335E+07   0.175129E+02
   0.145997E-01   0.136323E+08   0.136115E+08   0.361989E+03  -0.160071E+04   0.000000E+00   0.136291E+08   0.136291E+08   0.136291E+08  -0.323938E+00   0.714531E+07   0.714467E+07   0.145149E+02
   0.177562E-01   0.124412E+08   0.124143E+08  -0.115609E+04  -0.987544E+03   0.000000E+00   0.124371E+08   0.124371E+08   0.124371E+08  -0.295607E+00   0.652038E+07   0.651974E+07   0.120978E+02
   0.215952E-01   0.111182E+08   0.110841E+08  -0.737692E+02  -0.596573E+03   0.000000E+00   0.111129E+08   0.111129E+08   0.111129E+08  -0.264135E+00   0.582620E+07   0.582555E+07   0.101055E+02
   0.259142E-01   0.978732E+07   0.974655E+07   0.223272E+02  -0.364641E+03   0.000000E+00   0.978101E+07   0.978101E+07   0.978101E+07  -0.232477E+00   0.512792E+07   0.512726E+07   0.845624E+01
   0.302332E-01   0.862868E+07   0.858358E+07  -0.705589E+02  -0.236151E+03   0.000000E+00   0.862170E+07   0.862170E+07   0.862170E+07  -0.204922E+00   0.452014E+07   0.451949E+07   0.711106E+01
   0.345522E-01   0.764398E+07   0.759727E+07  -0.252273E+02  -0.160151E+03   0.000000E+00   0.763675E+07   0.763675E+07   0.763675E+07  -0.181512E+00   0.400376E+07   0.400314E+07   0.593110E+01
   0.388713E-01   0.682809E+07   0.678250E+07  -0.193398E+02  -0.113023E+03   0.000000E+00   0.682103E+07   0.682103E+07   0.682103E+07  -0.162124E+00   0.357610E+07   0.357553E+07   0.486949E+01
   0.431903E-01   0.616741E+07   0.612527E+07  -0.181961E+02  -0.826885E+02   0.000000E+00   0.616089E+07   0.616089E+07   0.616089E+07  -0.146433E+00   0.323000E+07   0.322949E+07   0.392101E+01
   0.475093E-01   0.563895E+07   0.560187E+07   0.124662E+03  -0.624838E+02   0.000000E+00   0.563321E+07   0.563321E+07   0.563321E+07  -0.133891E+00   0.295335E+07   0.295291E+07   0.309609E+01
   0.518284E-01   0.522253E+07   0.519131E+07   0.970268E+02  -0.486302E+02   0.000000E+00   0.521770E+07   0.521770E+07   0.521770E+07  -0.124015E+00   0.273550E+07   0.273513E+07   0.240774E+01
   0.561474E-01   0.488316E+07   0.485775E+07   0.773129E+02  -0.387476E+02   0.000000E+00   0.487923E+07   0.487923E+07   0.487923E+07  -0.115970E+00   0.255804E+07   0.255773E+07   0.186067E+01
   0.604664E-01   0.459658E+07   0.457623E+07   0.627596E+02  -0.314523E+02   0.000000E+00   0.459343E+07   0.459343E+07   0.459343E+07  -0.109178E+00   0.240820E+07   0.240794E+07   0.145153E+01
   0.647855E-01   0.433949E+07   0.432296E+07   0.516187E+02  -0.258682E+02   0.000000E+00   0.433693E+07   0.433693E+07   0.433693E+07  -0.103081E+00   0.227373E+07   0.227350E+07   0.116673E+01
   0.691045E-01   0.409600E+07   0.408187E+07   0.428252E+02  -0.214611E+02   0.000000E+00   0.409382E+07   0.409382E+07   0.409382E+07  -0.973027E-01   0.214627E+07   0.214606E+07   0.985468E+00
   0.734235E-01   0.385665E+07   0.384352E+07   0.357186E+02  -0.178997E+02   0.000000E+00   0.385462E+07   0.385462E+07   0.385462E+07  -0.916174E-01   0.202086E+07   0.202067E+07   0.882469E+00
   0.777425E-01   0.361887E+07   0.360561E+07   0.298942E+02  -0.149813E+02   0.000000E+00   0.361682E+07   0.361682E+07   0.361682E+07  -0.859653E-01   0.189619E+07   0.189600E+07   0.831470E+00
   0.820616E-01   0.338480E+07   0.337067E+07   0.250924E+02  -0.125753E+02   0.000000E+00   0.338261E+07   0.338261E+07   0.338261E+07  -0.803986E-01   0.177341E+07   0.177321E+07   0.808189E+00
   0.863806E-01   0.316001E+07   0.314473E+07   0.211393E+02  -0.105946E+02   0.000000E+00   0.315765E+07   0.315765E+07   0.315765E+07  -0.750517E-01   0.165547E+07   0.165526E+07   0.792803E+00
   0.906996E-01   0.295043E+07   0.293414E+07   0.179000E+02  -0.897148E+01   0.000000E+00   0.294791E+07   0.294791E+07   0.294791E+07  -0.700666E-01   0.154551E+07   0.154530E+07   0.771309E+00
   0.960627E-01   0.271920E+07   0.270228E+07   0.147046E+02  -0.737022E+01   0.000000E+00   0.271658E+07   0.271658E+07   0.271658E+07  -0.645683E-01   0.142423E+07   0.142403E+07   0.725050E+00
   0.101426E+00   0.252651E+07   0.250995E+07   0.122552E+02  -0.614262E+01   0.000000E+00   0.252395E+07   0.252395E+07   0.252395E+07  -0.599898E-01   0.132324E+07   0.132304E+07   0.655151E+00
   0.106789E+00   0.237333E+07   0.235808E+07   0.103852E+02  -0.520525E+01   0.000000E+00   0.237097E+07   0.237097E+07   0.237097E+07  -0.563538E-01   0.124304E+07   0.124286E+07   0.568569E+00
   0.112152E+00   0.225320E+07   0.223991E+07   0.894001E+01  -0.448075E+01   0.000000E+00   0.225114E+07   0.225114E+07   0.225114E+07  -0.535057E-01   0.118022E+07   0.118006E+07   0.477065E+00
   0.117515E+00   0.215505E+07   0.214392E+07   0.778903E+01  -0.390369E+01   0.000000E+00   0.215333E+07   0.215333E+07   0.215333E+07  -0.511808E-01   0.112893E+07   0.112879E+07   0.392723E+00
   0.122878E+00   0.206763E+07   0.205843E+07   0.683590E+01  -0.342586E+01   0.000000E+00   0.206621E+07   0.206621E+07   0.206621E+07  -0.491101E-01   0.108325E+07   0.108313E+07   0.324639E+00
   0.128241E+00   0.198206E+07   0.197423E+07   0.601691E+01  -0.301534E+01   0.000000E+00   0.198085E+07   0.198085E+07   0.198085E+07  -0.470813E-01   0.103850E+07   0.103840E+07   0.277090E+00
   0.133604E+00   0.189284E+07   0.188571E+07   0.529419E+01  -0.265313E+01   0.000000E+00   0.189174E+07   0.189174E+07   0.189174E+07  -0.449632E-01   0.991783E+06   0.991683E+06   0.249351E+00
   0.138967E+00   0.179857E+07   0.179149E+07   0.464956E+01  -0.233012E+01   0.000000E+00   0.179747E+07   0.179747E+07   0.179747E+07  -0.427227E-01   0.942363E+06   0.942264E+06   0.236886E+00
   0.144330E+00   0.170156E+07   0.169411E+07   0.407760E+01  -0.204354E+01   0.000000E+00   0.170040E+07   0.170040E+07   0.170040E+07  -0.404156E-01   0.891474E+06   0.891373E+06   0.233225E+00
   0.149694E+00   0.160611E+07   0.159815E+07   0.357764E+01  -0.179304E+01   0.000000E+00   0.160488E+07   0.160488E+07   0.160488E+07  -0.381452E-01   0.841396E+06   0.841292E+06   0.231865E+00
   0.155057E+00   0.151686E+07   0.150848E+07   0.314879E+01  -0.157817E+01   0.000000E+00   0.151556E+07   0.151556E+07   0.151556E+07  -0.360222E-01   0.794570E+06   0.794464E+06   0.227775E+00
   0.160420E+00   0.143776E+07   0.142924E+07   0.278817E+01  -0.139745E+01   0.000000E+00   0.143644E+07   0.143644E+07   0.143644E+07  -0.341417E-01   0.753090E+06   0.752985E+06   0.218253E+00
   0.165783E+00   0.137113E+07   0.136284E+07   0.248965E+01  -0.124784E+01   0.000000E+00   0.136985E+07   0.136985E+07   0.136985E+07  -0.325589E-01   0.718176E+06   0.718075E+06   0.203016E+00
   0.171146E+00   0.131665E+07   0.130891E+07   0.224331E+01  -0.112435E+01   0.000000E+00   0.131545E+07   0.131545E+07   0.131545E+07  -0.312659E-01   0.689655E+06   0.689561E+06   0.183654E+00
   0.176509E+00   0.127160E+07   0.126462E+07   0.203705E+01  -0.102095E+01   0.000000E+00   0.127052E+07   0.127052E+07   0.127052E+07  -0.301979E-01   0.666098E+06   0.666012E+06   0.162768E+00
   0.181872E+00   0.123232E+07   0.122614E+07   0.185959E+01  -0.931979E+00   0.000000E+00   0.123136E+07   0.123136E+07   0.123136E+07  -0.292673E-01   0.645570E+06   0.645492E+06   0.143084E+00
   0.187235E+00   0.119538E+07   0.118991E+07   0.170213E+01  -0.853043E+00   0.000000E+00   0.119453E+07   0.119453E+07   0.119453E+07  -0.283919E-01   0.626261E+06   0.626190E+06   0.126727E+00
   0.192598E+00   0.115805E+07   0.115307E+07   0.155849E+01  -0.781046E+00   0.000000E+00   0.115728E+07   0.115728E+07   0.115728E+07  -0.275064E-01   0.606727E+06   0.606660E+06   0.114780E+00
   0.197961E+00   0.111862E+07   0.111390E+07   0.142499E+01  -0.714139E+00   0.000000E+00   0.111789E+07   0.111789E+07   0.111789E+07  -0.265703E-01   0.586079E+06   0.586015E+06   0.107207E+00
   0.203324E+00   0.107689E+07   0.107221E+07   0.130038E+01  -0.651697E+00   0.000000E+00   0.107616E+07   0.107616E+07   0.107616E+07  -0.255785E-01   0.564203E+06   0.564140E+06   0.103075E+00
   0.208687E+00   0.103400E+07   0.102922E+07   0.118518E+01  -0.593972E+00   0.000000E+00   0.103326E+07   0.103326E+07   0.103326E+07  -0.245588E-01   0.541710E+06   0.541647E+06   0.100961E+00
   0.214050E+00   0.991779E+06   0.986850E+06   0.108046E+01  -0.541503E+00   0.000000E+00   0.991016E+06   0.991016E+06   0.991016E+06  -0.235547E-01   0.519563E+06   0.519499E+06   0.993833E-01
   0.219414E+00   0.951999E+06   0.946961E+06   0.986982E+00  -0.494663E+00   0.000000E+00   0.951220E+06   0.951220E+06   0.951220E+06  -0.226088E-01   0.498699E+06   0.498635E+06   0.971562E-01
   0.224777E+00   0.915989E+06   0.910944E+06   0.904836E+00  -0.453498E+00   0.000000E+00   0.915208E+06   0.915208E+06   0.915208E+06  -0.217529E-01   0.479819E+06   0.479756E+06   0.936108E-01
   0.230140E+00   0.884400E+06   0.879474E+06   0.833380E+00  -0.417685E+00   0.000000E+00   0.883638E+06   0.883638E+06   0.883638E+06  -0.210025E-01   0.463268E+06   0.463207E+06   0.886424E-01
   0.235503E+00   0.857097E+06   0.852404E+06   0.771300E+00  -0.386569E+00   0.000000E+00   0.856371E+06   0.856371E+06   0.856371E+06  -0.203544E-01   0.448972E+06   0.448914E+06   0.826118E-01
   0.240866E+00   0.833278E+06   0.828890E+06   0.716873E+00  -0.359286E+00   0.000000E+00   0.832599E+06   0.832599E+06   0.832599E+06  -0.197894E-01   0.436509E+06   0.436454E+06   0.761544E-01
   0.246229E+00   0.811759E+06   0.807694E+06   0.668303E+00  -0.334938E+00   0.000000E+00   0.811130E+06   0.811130E+06   0.811130E+06  -0.192791E-01   0.425253E+06   0.425202E+06   0.699600E-01
   0.251592E+00   0.791264E+06   0.787487E+06   0.623981E+00  -0.312720E+00   0.000000E+00   0.790680E+06   0.790680E+06   0.790680E+06  -0.187930E-01   0.414531E+06   0.414483E+06   0.645844E-01
   0.256955E+00   0.770711E+06   0.767153E+06   0.582684E+00  -0.292021E+00   0.000000E+00   0.770161E+06   0.770161E+06   0.770161E+06  -0.183053E-01   0.403774E+06   0.403727E+06   0.603342E-01
   0.262318E+00   0.749502E+06   0.746078E+06   0.543721E+00  -0.272494E+00   0.000000E+00   0.748973E+06   0.748973E+06   0.748973E+06  -0.178017E-01   0.392665E+06   0.392620E+06   0.572398E-01
   0.267681E+00   0.727632E+06   0.724264E+06   0.506909E+00  -0.254046E+00   0.000000E+00   0.727111E+06   0.727111E+06   0.727111E+06  -0.172821E-01   0.381204E+06   0.381160E+06   0.550991E-01
   0.273044E+00   0.705516E+06   0.702152E+06   0.472371E+00  -0.236739E+00   0.000000E+00   0.704995E+06   0.704995E+06   0.704995E+06  -0.167565E-01   0.369610E+06   0.369566E+06   0.535654E-01
   0.278407E+00   0.683731E+06   0.680350E+06   0.440303E+00  -0.220670E+00   0.000000E+00   0.683208E+06   0.683208E+06   0.683208E+06  -0.162386E-01   0.358187E+06   0.358143E+06   0.522546E-01
   0.283771E+00   0.662862E+06   0.659474E+06   0.410869E+00  -0.205920E+00   0.000000E+00   0.662338E+06   0.662338E+06   0.662338E+06  -0.157426E-01   0.347246E+06   0.347202E+06   0.508435E-01
   0.289134E+00   0.643419E+06   0.640056E+06   0.384151E+00  -0.192531E+00   0.000000E+00   0.642899E+06   0.642899E+06   0.642899E+06  -0.152805E-01   0.337054E+06   0.337012E+06   0.491356E-01
   0.294497E+00   0.625705E+06   0.622409E+06   0.360090E+00  -0.180472E+00   0.000000E+00   0.625195E+06   0.625195E+06   0.625195E+06  -0.148598E-01   0.327773E+06   0.327731E+06   0.470796E-01
   0.299860E+00   0.609704E+06   0.606516E+06   0.338445E+00  -0.169623E+00   0.000000E+00   0.609211E+06   0.609211E+06   0.609211E+06  -0.144799E-01   0.319393E+06   0.319352E+06   0.447491E-01
   0.305223E+00   0.595123E+06   0.592068E+06   0.318850E+00  -0.159802E+00   0.000000E+00   0.594651E+06   0.594651E+06   0.594651E+06  -0.141338E-01   0.311759E+06   0.311720E+06   0.422982E-01
   0.310586E+00   0.581542E+06   0.578628E+06   0.300913E+00  -0.150811E+00   0.000000E+00   0.581092E+06   0.581092E+06   0.581092E+06  -0.138115E-01   0.304650E+06   0.304613E+06   0.399082E-01
   0.315949E+00   0.568540E+06   0.565757E+06   0.284289E+00  -0.142478E+00   0.000000E+00   0.568109E+06   0.568109E+06   0.568109E+06  -0.135029E-01   0.297844E+06   0.297808E+06   0.377362E-01
   0.321312E+00   0.555752E+06   0.553079E+06   0.268700E+00  -0.134665E+00   0.000000E+00   0.555338E+06   0.555338E+06   0.555338E+06  -0.131994E-01   0.291149E+06   0.291114E+06   0.358791E-01
   0.326675E+00   0.542933E+06   0.540339E+06   0.253955E+00  -0.127275E+00   0.000000E+00   0.542532E+06   0.542532E+06   0.542532E+06  -0.128950E-01   0.284434E+06   0.284401E+06   0.343601E-01
   0.332038E+00   0.530014E+06   0.527472E+06   0.239967E+00  -0.120265E+00   0.000000E+00   0.529621E+06   0.529621E+06   0.529621E+06  -0.125881E-01   0.277665E+06   0.277632E+06   0.331367E-01
   0.337401E+00   0.517101E+06   0.514590E+06   0.226735E+00  -0.113633E+00   0.000000E+00   0.516713E+06   0.516713E+06   0.516713E+06  -0.122813E-01   0.270898E+06   0.270866E+06   0.321230E-01
   0.342764E+00   0.504397E+06   0.501907E+06   0.214294E+00  -0.107399E+00   0.000000E+00   0.504011E+06   0.504011E+06   0.504011E+06  -0.119794E-01   0.264239E+06   0.264207E+06   0.312161E-01
   0.348127E+00   0.492112E+06   0.489644E+06   0.202680E+00  -0.101579E+00   0.000000E+00   0.491730E+06   0.491730E+06   0.491730E+06  -0.116875E-01   0.257801E+06   0.257769E+06   0.303228E-01
   0.353491E+00   0.480421E+06   0.477982E+06   0.191904E+00  -0.961784E-01   0.000000E+00   0.480043E+06   0.480043E+06   0.480043E+06  -0.114098E-01   0.251674E+06   0.251642E+06   0.293795E-01
   0.358854E+00   0.469429E+06   0.467034E+06   0.181950E+00  -0.911897E-01   0.000000E+00   0.469059E+06   0.469059E+06   0.469059E+06  -0.111487E-01   0.245915E+06   0.245884E+06   0.283611E-01
   0.364217E+00   0.459152E+06   0.456813E+06   0.172764E+00  -0.865860E-01   0.000000E+00   0.458790E+06   0.458790E+06   0.458790E+06  -0.109046E-01   0.240531E+06   0.240501E+06   0.272782E-01
   0.369580E+00   0.449510E+06   0.447237E+06   0.164264E+00  -0.823257E-01   0.000000E+00   0.449158E+06   0.449158E+06   0.449158E+06  -0.106757E-01   0.235481E+06   0.235452E+06   0.261668E-01
   0.374943E+00   0.440366E+06   0.438162E+06   0.156353E+00  -0.783608E-01   0.000000E+00   0.440025E+06   0.440025E+06   0.440025E+06  -0.104586E-01   0.230693E+06   0.230665E+06   0.250744E-01
   0.380306E+00   0.431575E+06   0.429439E+06   0.148942E+00  -0.746463E-01   0.000000E+00   0.431244E+06   0.431244E+06   0.431244E+06  -0.102499E-01   0.226089E+06   0.226062E+06   0.240459E-01
   0.385669E+00   0.423009E+06   0.420934E+06   0.141955E+00  -0.711445E-01   0.000000E+00   0.422688E+06   0.422688E+06   0.422688E+06  -0.100465E-01   0.221604E+06   0.221577E+06   0.231127E-01
   0.391032E+00   0.414570E+06   0.412544E+06   0.135334E+00  -0.678258E-01   0.000000E+00   0.414256E+06   0.414256E+06   0.414256E+06  -0.984613E-02   0.217183E+06   0.217157E+06   0.222868E-01
   0.396395E+00   0.406204E+06   0.404220E+06   0.129039E+00  -0.646711E-01   0.000000E+00   0.405897E+06   0.405897E+06   0.405897E+06  -0.964745E-02   0.212801E+06   0.212775E+06   0.215612E-01
   0.401758E+00   0.397927E+06   0.395974E+06   0.123057E+00  -0.616729E-01   0.000000E+00   0.397624E+06   0.397624E+06   0.397624E+06  -0.945082E-02   0.208464E+06   0.208438E+06   0.209148E-01
   0.407121E+00   0.389799E+06   0.387874E+06   0.117388E+00  -0.588319E-01   0.000000E+00   0.389501E+06   0.389501E+06   0.389501E+06  -0.925775E-02   0.204205E+06   0.204180E+06   0.203202E-01
   0.412484E+00   0.381896E+06   0.379995E+06   0.112035E+00  -0.561496E-01   0.000000E+00   0.381602E+06   0.381602E+06   0.381602E+06  -0.906998E-02   0.200063E+06   0.200039E+06   0.197500E-01
   0.417848E+00   0.374267E+06   0.372394E+06   0.106996E+00  -0.536242E-01   0.000000E+00   0.373977E+06   0.373977E+06   0.373977E+06  -0.888876E-02   0.196066E+06   0.196042E+06   0.191830E-01
   0.423211E+00   0.366944E+06   0.365101E+06   0.102261E+00  -0.512508E-01   0.000000E+00   0.366658E+06   0.366658E+06   0.366658E+06  -0.871481E-02   0.192229E+06   0.192205E+06   0.186078E-01
   0.428574E+00   0.359944E+06   0.358136E+06   0.978152E-01  -0.490229E-01   0.000000E+00   0.359664E+06   0.359664E+06   0.359664E+06  -0.854858E-02   0.188562E+06   0.188539E+06   0.180236E-01
   0.433937E+00   0.353261E+06   0.351491E+06   0.936411E-01  -0.469309E-01   0.000000E+00   0.352988E+06   0.352988E+06   0.352988E+06  -0.838988E-02   0.185062E+06   0.185039E+06   0.174378E-01
   0.439300E+00   0.346852E+06   0.345121E+06   0.897113E-01  -0.449613E-01   0.000000E+00   0.346584E+06   0.346584E+06   0.346584E+06  -0.823769E-02   0.181705E+06   0.181682E+06   0.168624E-01
   0.444663E+00   0.340654E+06   0.338962E+06   0.859961E-01  -0.430992E-01   0.000000E+00   0.340392E+06   0.340392E+06   0.340392E+06  -0.809051E-02   0.178458E+06   0.178437E+06   0.163093E-01
   0.450026E+00   0.334619E+06   0.332963E+06   0.824715E-01  -0.413327E-01   0.000000E+00   0.334363E+06   0.334363E+06   0.334363E+06  -0.794720E-02   0.175297E+06   0.175276E+06   0.157885E-01
   0.455389E+00   0.328719E+06   0.327097E+06   0.791205E-01  -0.396533E-01   0.000000E+00   0.328468E+06   0.328468E+06   0.328468E+06  -0.780710E-02   0.172207E+06   0.172186E+06   0.153053E-01
   0.460752E+00   0.322933E+06   0.321341E+06   0.759291E-01  -0.380538E-01   0.000000E+00   0.322687E+06   0.322687E+06   0.322687E+06  -0.766969E-02   0.169176E+06   0.169155E+06   0.148595E-01
   0.466115E+00   0.317247E+06   0.315681E+06   0.728853E-01  -0.365284E-01   0.000000E+00   0.317004E+06   0.317004E+06   0.317004E+06  -0.753463E-02   0.166197E+06   0.166177E+06   0.144462E-01
   0.471478E+00   0.311664E+06   0.310121E+06   0.699827E-01  -0.350737E-01   0.000000E+00   0.311425E+06   0.311425E+06   0.311425E+06  -0.740202E-02   0.163272E+06   0.163252E+06   0.140579E-01
   0.476841E+00   0.306210E+06   0.304691E+06   0.672200E-01  -0.336891E-01   0.000000E+00   0.305975E+06   0.305975E+06   0.305975E+06  -0.727248E-02   0.160414E+06   0.160395E+06   0.136868E-01
   0.482204E+00   0.300912E+06   0.299415E+06   0.645956E-01  -0.323738E-01   0.000000E+00   0.300680E+06   0.300680E+06   0.300680E+06  -0.714663E-02   0.157638E+06   0.157619E+06   0.133262E-01
   0.487568E+00   0.295777E+06   0.294303E+06   0.621041E-01  -0.311252E-01   0.000000E+00   0.295549E+06   0.295549E+06   0.295549E+06  -0.702467E-02   0.154948E+06   0.154929E+06   0.129711E-01
   0.492931E+00   0.290805E+06   0.289354E+06   0.597386E-01  -0.299397E-01   0.000000E+00   0.290581E+06   0.290581E+06   0.290581E+06  -0.690658E-02   0.152343E+06   0.152325E+06   0.126199E-01
   0.498294E+00   0.285994E+06   0.284568E+06   0.574926E-01  -0.288140E-01   0.000000E+00   0.285774E+06   0.285774E+06   0.285774E+06  -0.679233E-02   0.149823E+06   0.149805E+06   0.122734E-01
   0.503657E+00   0.281340E+06   0.279939E+06   0.553590E-01  -0.277447E-01   0.000000E+00   0.281123E+06   0.281123E+06   0.281123E+06  -0.668180E-02   0.147385E+06   0.147367E+06   0.119341E-01
   0.509020E+00   0.276824E+06   0.275449E+06   0.533287E-01  -0.267271E-01   0.000000E+00   0.276612E+06   0.276612E+06   0.276612E+06  -0.657456E-02   0.145020E+06   0.145002E+06   0.116054E-01
   0.514383E+00   0.272424E+06   0.271072E+06   0.513924E-01  -0.257567E-01   0.000000E+00   0.272215E+06   0.272215E+06   0.272215E+06  -0.647006E-02   0.142715E+06   0.142697E+06   0.112898E-01
   0.519746E+00   0.268122E+06   0.266794E+06   0.495425E-01  -0.248296E-01   0.000000E+00   0.267917E+06   0.267917E+06   0.267917E+06  -0.636790E-02   0.140461E+06   0.140444E+06   0.109892E-01
   0.525109E+00   0.263914E+06   0.262607E+06   0.477739E-01  -0.239432E-01   0.000000E+00   0.263712E+06   0.263712E+06   0.263712E+06  -0.626795E-02   0.138257E+06   0.138240E+06   0.107041E-01
   0.530472E+00   0.259793E+06   0.258507E+06   0.460819E-01  -0.230952E-01   0.000000E+00   0.259594E+06   0.259594E+06   0.259594E+06  -0.617009E-02   0.136098E+06   0.136081E+06   0.104337E-01
   0.535835E+00   0.255756E+06   0.254489E+06   0.444622E-01  -0.222834E-01   0.000000E+00   0.255560E+06   0.255560E+06   0.255560E+06  -0.607420E-02   0.133983E+06   0.133967E+06   0.101760E-01
   0.541198E+00   0.251803E+06   0.250554E+06   0.429116E-01  -0.215063E-01   0.000000E+00   0.251610E+06   0.251610E+06   0.251610E+06  -0.598031E-02   0.131912E+06   0.131896E+06   0.992861E-02
   0.546561E+00   0.247942E+06   0.246710E+06   0.414284E-01  -0.207630E-01   0.000000E+00   0.247751E+06   0.247751E+06   0.247751E+06  -0.588860E-02   0.129889E+06   0.129873E+06   0.968931E-02
   0.551925E+00   0.244179E+06   0.242966E+06   0.400106E-01  -0.200524E-01   0.000000E+00   0.243991E+06   0.243991E+06   0.243991E+06  -0.579924E-02   0.127918E+06   0.127902E+06   0.945647E-02
   0.557288E+00   0.240515E+06   0.239319E+06   0.386553E-01  -0.193732E-01   0.000000E+00   0.240330E+06   0.240330E+06   0.240330E+06  -0.571221E-02   0.125998E+06   0.125983E+06   0.922898E-02
   0.562651E+00   0.236945E+06   0.235766E+06   0.373590E-01  -0.187235E-01   0.000000E+00   0.236762E+06   0.236762E+06   0.236762E+06  -0.562742E-02   0.124128E+06   0.124113E+06   0.900649E-02
   0.568014E+00   0.233465E+06   0.232305E+06   0.361186E-01  -0.181018E-01   0.000000E+00   0.233286E+06   0.233286E+06   0.233286E+06  -0.554478E-02   0.122305E+06   0.122290E+06   0.878933E-02
   0.573377E+00   0.230075E+06   0.228932E+06   0.349314E-01  -0.175068E-01   0.000000E+00   0.229898E+06   0.229898E+06   0.229898E+06  -0.546427E-02   0.120529E+06   0.120515E+06   0.857823E-02
   0.578740E+00   0.226767E+06   0.225642E+06   0.337941E-01  -0.169368E-01   0.000000E+00   0.226593E+06   0.226593E+06   0.226593E+06  -0.538571E-02   0.118797E+06   0.118782E+06   0.837390E-02
   0.584103E+00   0.223532E+06   0.222423E+06   0.327030E-01  -0.163900E-01   0.000000E+00   0.223360E+06   0.223360E+06   0.223360E+06  -0.530888E-02   0.117102E+06   0.117087E+06   0.817677E-02
   0.589466E+00   0.220363E+06   0.219270E+06   0.316555E-01  -0.158650E-01   0.000000E+00   0.220194E+06   0.220194E+06   0.220194E+06  -0.523362E-02   0.115442E+06   0.115428E+06   0.798703E-02
   0.594829E+00   0.217260E+06   0.216183E+06   0.306495E-01  -0.153608E-01   0.000000E+00   0.217094E+06   0.217094E+06   0.217094E+06  -0.515993E-02   0.113816E+06   0.113802E+06   0.780458E-02
   0.600192E+00   0.214223E+06   0.213161E+06   0.296833E-01  -0.148766E-01   0.000000E+00   0.214059E+06   0.214059E+06   0.214059E+06  -0.508779E-02   0.112225E+06   0.112211E+06   0.762899E-02
   0.605555E+00   0.211248E+06   0.210200E+06   0.287548E-01  -0.144113E-01   0.000000E+00   0.211085E+06   0.211085E+06   0.211085E+06  -0.501712E-02   0.110666E+06   0.110653E+06   0.745950E-02
   0.610918E+00   0.208332E+06   0.207298E+06   0.278623E-01  -0.139639E-01   0.000000E+00   0.208172E+06   0.208172E+06   0.208172E+06  -0.494788E-02   0.109139E+06   0.109126E+06   0.729535E-02
   0.616281E+00   0.205479E+06   0.204459E+06   0.270044E-01  -0.135340E-01   0.000000E+00   0.205321E+06   0.205321E+06   0.205321E+06  -0.488011E-02   0.107644E+06   0.107631E+06   0.713592E-02
   0.621645E+00   0.202691E+06   0.201684E+06   0.261804E-01  -0.131210E-01   0.000000E+00   0.202535E+06   0.202535E+06   0.202535E+06  -0.481389E-02   0.106183E+06   0.106170E+06   0.698079E-02
   0.627008E+00   0.199966E+06   0.198972E+06   0.253884E-01  -0.127241E-01   0.000000E+00   0.199812E+06   0.199812E+06   0.199812E+06  -0.474917E-02   0.104756E+06   0.104743E+06   0.682964E-02
   0.680214E+00   0.175819E+06   0.174946E+06   0.189671E-01  -0.950588E-02   0.000000E+00   0.175684E+06   0.175684E+06   0.175684E+06  -0.417568E-02   0.921061E+05   0.920948E+05   0.554345E-02
   0.737935E+00   0.154445E+06   0.153679E+06   0.141568E-01  -0.709507E-02   0.000000E+00   0.154326E+06   0.154326E+06   0.154326E+06  -0.366806E-02   0.809091E+05   0.808992E+05   0.449870E-02
   0.800554E+00   0.135558E+06   0.134886E+06   0.105577E-01  -0.529131E-02   0.000000E+00   0.135454E+06   0.135454E+06   0.135454E+06  -0.321950E-02   0.710149E+05   0.710061E+05   0.364982E-02
   0.868486E+00   0.118885E+06   0.118295E+06   0.786732E-02  -0.394293E-02   0.000000E+00   0.118794E+06   0.118794E+06   0.118794E+06  -0.282351E-02   0.622802E+05   0.622725E+05   0.296021E-02
   0.942183E+00   0.104182E+06   0.103665E+06   0.585796E-02  -0.293589E-02   0.000000E+00   0.104102E+06   0.104102E+06   0.104102E+06  -0.247431E-02   0.545777E+05   0.545709E+05   0.240046E-02
   0.101542E+01   0.922184E+05   0.917609E+05   0.446426E-02  -0.223740E-02   0.000000E+00   0.921477E+05   0.921477E+05   0.921477E+05  -0.219018E-02   0.483105E+05   0.483045E+05   0.197974E-02
   0.126811E+01   0.639786E+05   0.636612E+05   0.198585E-02  -0.995272E-03   0.000000E+00   0.639295E+05   0.639295E+05   0.639295E+05  -0.151949E-02   0.335165E+05   0.335122E+05   0.111837E-02
   0.158368E+01   0.441739E+05   0.439546E+05   0.879131E-03  -0.440609E-03   0.000000E+00   0.441399E+05   0.441399E+05   0.441399E+05  -0.104913E-02   0.231414E+05   0.231384E+05   0.634455E-03
   0.197777E+01   0.303675E+05   0.302166E+05   0.387501E-03  -0.194213E-03   0.000000E+00   0.303441E+05   0.303441E+05   0.303441E+05  -0.721226E-03   0.159086E+05   0.159065E+05   0.363165E-03
   0.246994E+01   0.207942E+05   0.206907E+05   0.170130E-03  -0.852695E-04   0.000000E+00   0.207782E+05   0.207782E+05   0.207782E+05  -0.493861E-03   0.108935E+05   0.108919E+05   0.211053E-03
   0.308458E+01   0.141881E+05   0.141173E+05   0.744272E-04  -0.373042E-04   0.000000E+00   0.141771E+05   0.141771E+05   0.141771E+05  -0.336965E-03   0.743269E+04   0.743153E+04   0.125483E-03
   0.385217E+01   0.964914E+04   0.960079E+04   0.324534E-04  -0.162670E-04   0.000000E+00   0.964166E+04   0.964166E+04   0.964166E+04  -0.229165E-03   0.505487E+04   0.505398E+04   0.769818E-04
   0.481078E+01   0.654271E+04   0.650971E+04   0.141086E-04  -0.707233E-05   0.000000E+00   0.653760E+04   0.653760E+04   0.653760E+04  -0.155387E-03   0.342750E+04   0.342680E+04   0.491218E-04
   0.600794E+01   0.442423E+04   0.440169E+04   0.611653E-05  -0.306643E-05   0.000000E+00   0.442074E+04   0.442074E+04   0.442074E+04  -0.105073E-03   0.231769E+04   0.231710E+04   0.327840E-04
   0.750301E+01   0.298414E+04   0.296870E+04   0.264488E-05  -0.132621E-05   0.000000E+00   0.298175E+04   0.298175E+04   0.298175E+04  -0.708709E-04   0.156327E+04   0.156276E+04   0.229176E-04
   0.937012E+01   0.200808E+04   0.199744E+04   0.114091E-05  -0.572239E-06   0.000000E+00   0.200643E+04   0.200643E+04   0.200643E+04  -0.476893E-04   0.105194E+04   0.105147E+04   0.167275E-04
   0.117019E+02   0.134829E+04   0.134088E+04   0.491002E-06  -0.246376E-06   0.000000E+00   0.134714E+04   0.134714E+04   0.134714E+04  -0.320191E-04   0.706294E+03   0.705850E+03   0.126643E-04
   0.146139E+02   0.903369E+03   0.898130E+03   0.210820E-06  -0.105858E-06   0.000000E+00   0.902559E+03   0.902559E+03   0.902559E+03  -0.214522E-04   0.473213E+03   0.472781E+03   0.986492E-05
   0.182505E+02   0.604013E+03   0.600224E+03   0.903046E-07  -0.453919E-07   0.000000E+00   0.603427E+03   0.603427E+03   0.603427E+03  -0.143424E-04   0.316388E+03   0.315959E+03   0.784393E-05
   0.227921E+02   0.403003E+03   0.400176E+03   0.385818E-07  -0.194253E-07   0.000000E+00   0.402566E+03   0.402566E+03   0.402566E+03  -0.956826E-05   0.211083E+03   0.210651E+03   0.632371E-05
   0.284639E+02   0.268273E+03   0.266082E+03   0.164341E-07  -0.829555E-08   0.000000E+00   0.267934E+03   0.267934E+03   0.267934E+03  -0.636831E-05   0.140500E+03   0.140061E+03   0.514141E-05
   0.355471E+02   0.178114E+03   0.176339E+03   0.697368E-08  -0.353429E-08   0.000000E+00   0.177839E+03   0.177839E+03   0.177839E+03  -0.422692E-05   0.932670E+02   0.928197E+02   0.419803E-05
   0.443930E+02   0.117864E+03   0.116360E+03   0.294419E-08  -0.150148E-08   0.000000E+00   0.117631E+03   0.117631E+03   0.117631E+03  -0.279589E-05   0.617026E+02   0.612460E+02   0.343048E-05
   0.554402E+02   0.776470E+02   0.763191E+02   0.123401E-08  -0.635475E-09   0.000000E+00   0.774415E+02   0.774415E+02   0.774415E+02  -0.184065E-05   0.406329E+02   0.401682E+02   0.279625E-05
   0.692364E+02   0.508243E+02   0.496133E+02   0.511658E-09  -0.267515E-09   0.000000E+00   0.506370E+02   0.506370E+02   0.506370E+02  -0.120355E-05   0.265805E+02   0.261104E+02   0.226500E-05
   0.864658E+02   0.329451E+02   0.318179E+02   0.208664E-09  -0.111706E-09   0.000000E+00   0.327707E+02   0.327707E+02   0.327707E+02  -0.778901E-06   0.172139E+02   0.167437E+02   0.181390E-05
   0.107983E+03   0.210319E+02   0.199770E+02   0.829146E-10  -0.460499E-10   0.000000E+00   0.208687E+02   0.208687E+02   0.208687E+02  -0.496012E-06   0.109735E+02   0.105121E+02   0.142520E-05
   0.134854E+03   0.131001E+02   0.121251E+02   0.316081E-10  -0.185879E-10   0.000000E+00   0.129492E+02   0.129492E+02   0.129492E+02  -0.307780E-06   0.682004E+01   0.638129E+01   0.108529E-05
   0.168412E+03   0.783340E+01   0.696515E+01   0.112630E-10  -0.723903E-11   0.000000E+00   0.769908E+01   0.769908E+01   0.769908E+01  -0.182993E-06   0.406466E+01   0.366841E+01   0.784846E-06
   0.210322E+03   0.436701E+01   0.364938E+01   0.358550E-11  -0.264572E-11   0.000000E+00   0.425599E+01   0.425599E+01   0.425599E+01  -0.101157E-06   0.225485E+01   0.192687E+01   0.520200E-06
   0.262660E+03   0.214093E+01   0.162649E+01   0.936678E-12  -0.856996E-12   0.000000E+00   0.206134E+01   0.206134E+01   0.206134E+01  -0.489945E-07   0.109760E+01   0.865052E+00   0.295333E-06
   0.328022E+03   0.797826E+00   0.524517E+00   0.165740E-12  -0.212606E-12   0.000000E+00   0.755544E+00   0.755544E+00   0.755544E+00  -0.179579E-07   0.405010E+00   0.284582E+00   0.122468E-06
   0.409650E+03   0.103226E+00   0.547852E-01   0.831150E-14  -0.183902E-13   0.000000E+00   0.957323E-01   0.957323E-01   0.957323E-01  -0.227538E-08   0.517388E-01   0.313240E-01   0.166238E-07
   0.511591E+03  -0.127050E+00  -0.499721E-01  -0.268049E-14   0.150608E-13   0.000000E+00  -0.115126E+00  -0.115126E+00  -0.115126E+00   0.273634E-08  -0.627379E-01  -0.324596E-01  -0.197428E-07
