#           k/h    P           
   0.104501E-04   0.495834E+02
   0.127095E-04   0.599377E+02
   0.154573E-04   0.724543E+02
   0.187992E-04   0.875845E+02
   0.228637E-04   0.105874E+03
   0.278068E-04   0.127983E+03
   0.338188E-04   0.154708E+03
   0.411305E-04   0.187013E+03
   0.500230E-04   0.226061E+03
   0.608381E-04   0.273261E+03
   0.739915E-04   0.330311E+03
   0.899887E-04   0.399263E+03
   0.109444E-03   0.482594E+03
   0.133107E-03   0.583290E+03
   0.161885E-03   0.704950E+03
   0.196885E-03   0.851901E+03
   0.239452E-03   0.102934E+04
   0.291222E-03   0.124347E+04
   0.354185E-03   0.150170E+04
   0.430761E-03   0.181280E+04
   0.523892E-03   0.218706E+04
   0.637159E-03   0.263647E+04
   0.774915E-03   0.317484E+04
   0.942454E-03   0.381781E+04
   0.114621E-02   0.458276E+04
   0.139403E-02   0.548833E+04
   0.169542E-02   0.655356E+04
   0.206198E-02   0.779654E+04
   0.250778E-02   0.923222E+04
   0.304997E-02   0.108694E+05
   0.370939E-02   0.127067E+05
   0.451137E-02   0.147273E+05
   0.548674E-02   0.168928E+05
   0.667298E-02   0.191355E+05
   0.811570E-02   0.213507E+05
   0.987034E-02   0.233944E+05
   0.120043E-01   0.250591E+05
   0.145997E-01   0.261258E+05
   0.177562E-01   0.262989E+05
   0.215952E-01   0.253819E+05
   0.259142E-01   0.234615E+05
   0.302332E-01   0.211661E+05
   0.345522E-01   0.189000E+05
   0.388713E-01   0.169008E+05
   0.431903E-01   0.152697E+05
   0.475093E-01   0.140011E+05
   0.518284E-01   0.130684E+05
   0.561474E-01   0.123495E+05
   0.604664E-01   0.117599E+05
   0.647855E-01   0.112080E+05
   0.691045E-01   0.106311E+05
   0.734235E-01   0.999528E+04
   0.777425E-01   0.930118E+04
   0.820616E-01   0.857314E+04
   0.863806E-01   0.785142E+04
   0.906996E-01   0.717431E+04
   0.960627E-01   0.644126E+04
   0.101426E+00   0.586067E+04
   0.106789E+00   0.543653E+04
   0.112152E+00   0.513920E+04
   0.117515E+00   0.492001E+04
   0.122878E+00   0.473012E+04
   0.128241E+00   0.453110E+04
   0.133604E+00   0.429994E+04
   0.138967E+00   0.403298E+04
   0.144330E+00   0.374404E+04
   0.149694E+00   0.345522E+04
   0.155057E+00   0.318823E+04
   0.160420E+00   0.295997E+04
   0.165783E+00   0.277904E+04
   0.171146E+00   0.264298E+04
   0.176509E+00   0.254034E+04
   0.181872E+00   0.245640E+04
   0.187235E+00   0.237767E+04
   0.192598E+00   0.229357E+04
   0.197961E+00   0.219784E+04
   0.203324E+00   0.209027E+04
   0.208687E+00   0.197615E+04
   0.214050E+00   0.186312E+04
   0.219414E+00   0.175814E+04
   0.224777E+00   0.166607E+04
   0.230140E+00   0.158900E+04
   0.235503E+00   0.152614E+04
   0.240866E+00   0.147441E+04
   0.246229E+00   0.142953E+04
   0.251592E+00   0.138701E+04
   0.256955E+00   0.134313E+04
   0.262318E+00   0.129592E+04
   0.267681E+00   0.124556E+04
   0.273044E+00   0.119367E+04
   0.278407E+00   0.114236E+04
   0.283771E+00   0.109367E+04
   0.289134E+00   0.104927E+04
   0.294497E+00   0.101011E+04
   0.299860E+00   0.976041E+03
   0.305223E+00   0.946054E+03
   0.310586E+00   0.918779E+03
   0.315949E+00   0.892874E+03
   0.321312E+00   0.867211E+03
   0.326675E+00   0.841056E+03
   0.332038E+00   0.814248E+03
   0.337401E+00   0.787169E+03
   0.342764E+00   0.760478E+03
   0.348127E+00   0.734840E+03
   0.353491E+00   0.710777E+03
   0.358854E+00   0.688594E+03
   0.364217E+00   0.668312E+03
   0.369580E+00   0.649682E+03
   0.374943E+00   0.632294E+03
   0.380306E+00   0.615726E+03
   0.385669E+00   0.599616E+03
   0.391032E+00   0.583691E+03
   0.396395E+00   0.567819E+03
   0.401758E+00   0.552050E+03
   0.407121E+00   0.536575E+03
   0.412484E+00   0.521603E+03
   0.417848E+00   0.507277E+03
   0.423211E+00   0.493680E+03
   0.428574E+00   0.480857E+03
   0.433937E+00   0.468785E+03
   0.439300E+00   0.457342E+03
   0.444663E+00   0.446364E+03
   0.450026E+00   0.435723E+03
   0.455389E+00   0.425349E+03
   0.460752E+00   0.415192E+03
   0.466115E+00   0.405216E+03
   0.471478E+00   0.395437E+03
   0.476841E+00   0.385924E+03
   0.482204E+00   0.376744E+03
   0.487568E+00   0.367917E+03
   0.492931E+00   0.359441E+03
   0.498294E+00   0.351311E+03
   0.503657E+00   0.343515E+03
   0.509020E+00   0.336008E+03
   0.514383E+00   0.328733E+03
   0.519746E+00   0.321651E+03
   0.525109E+00   0.314748E+03
   0.530472E+00   0.308014E+03
   0.535835E+00   0.301439E+03
   0.541198E+00   0.295025E+03
   0.546561E+00   0.288791E+03
   0.551925E+00   0.282756E+03
   0.557288E+00   0.276916E+03
   0.562651E+00   0.271261E+03
   0.568014E+00   0.265785E+03
   0.573377E+00   0.260483E+03
   0.578740E+00   0.255340E+03
   0.584103E+00   0.250334E+03
   0.589466E+00   0.245451E+03
   0.594829E+00   0.240691E+03
   0.600192E+00   0.236052E+03
   0.605555E+00   0.231527E+03
   0.610918E+00   0.227112E+03
   0.616281E+00   0.222813E+03
   0.621645E+00   0.218635E+03
   0.627008E+00   0.214574E+03
   0.680214E+00   0.179502E+03
   0.737935E+00   0.149886E+03
   0.800554E+00   0.124951E+03
   0.868486E+00   0.103995E+03
   0.942183E+00   0.864206E+02
   0.101542E+01   0.728065E+02
   0.126811E+01   0.434625E+02
   0.158368E+01   0.256971E+02
   0.197777E+01   0.150619E+02
   0.246994E+01   0.875899E+01
   0.308458E+01   0.505732E+01
   0.385217E+01   0.290102E+01
   0.481078E+01   0.165418E+01
   0.600794E+01   0.938051E+00
   0.750301E+01   0.529245E+00
   0.937012E+01   0.297177E+00
   0.117019E+02   0.166116E+00
   0.146139E+02   0.924464E-01
   0.182505E+02   0.512202E-01
   0.227921E+02   0.282454E-01
   0.284639E+02   0.154929E-01
   0.355471E+02   0.844255E-02
   0.443930E+02   0.456080E-02
   0.554402E+02   0.243363E-02
   0.692364E+02   0.127483E-02
   0.864658E+02   0.648899E-03
   0.107983E+03   0.315435E-03
   0.134854E+03   0.142142E-03
   0.168412E+03   0.562952E-04
   0.210322E+03   0.176661E-04
   0.262660E+03   0.344284E-05
   0.328022E+03   0.150675E-06
   0.409650E+03   0.661153E-07
   0.511591E+03   0.683248E-07
