#          k/h    CDM            baryon         photon         nu             mass_nu        total          no_nu          total_de       Weyl           v_CDM          v_b            v_b-v_c     
   0.104501E-04   0.198309E+08   0.198309E+08   0.264274E+08   0.264270E+08   0.000000E+00   0.198309E+08   0.198309E+08   0.198387E+08  -0.471824E+00   0.103990E+08   0.103990E+08   0.586017E+01
   0.127095E-04   0.198309E+08   0.198309E+08   0.264208E+08   0.264202E+08   0.000000E+00   0.198309E+08   0.198309E+08   0.198386E+08  -0.471824E+00   0.103990E+08   0.103990E+08   0.712667E+01
   0.154573E-04   0.198309E+08   0.198309E+08   0.264110E+08   0.264102E+08   0.000000E+00   0.198309E+08   0.198309E+08   0.198386E+08  -0.471823E+00   0.103990E+08   0.103990E+08   0.866662E+01
   0.187992E-04   0.198308E+08   0.198308E+08   0.263966E+08   0.263953E+08   0.000000E+00   0.198308E+08   0.198308E+08   0.198386E+08  -0.471823E+00   0.103990E+08   0.103990E+08   0.105388E+02
   0.228637E-04   0.198308E+08   0.198308E+08   0.263752E+08   0.263734E+08   0.000000E+00   0.198308E+08   0.198308E+08   0.198385E+08  -0.471821E+00   0.103989E+08   0.103989E+08   0.128146E+02
   0.278068E-04   0.198307E+08   0.198307E+08   0.263436E+08   0.263409E+08   0.000000E+00   0.198307E+08   0.198307E+08   0.198385E+08  -0.471819E+00   0.103989E+08   0.103989E+08   0.155801E+02
   0.338188E-04   0.198306E+08   0.198306E+08   0.262969E+08   0.262929E+08   0.000000E+00   0.198306E+08   0.198306E+08   0.198384E+08  -0.471817E+00   0.103989E+08   0.103988E+08   0.189396E+02
   0.411305E-04   0.198305E+08   0.198305E+08   0.262280E+08   0.262221E+08   0.000000E+00   0.198305E+08   0.198305E+08   0.198382E+08  -0.471812E+00   0.103988E+08   0.103988E+08   0.230183E+02
   0.500230E-04   0.198303E+08   0.198303E+08   0.261263E+08   0.261177E+08   0.000000E+00   0.198303E+08   0.198303E+08   0.198380E+08  -0.471806E+00   0.103987E+08   0.103987E+08   0.279659E+02
   0.608381E-04   0.198300E+08   0.198300E+08   0.259767E+08   0.259640E+08   0.000000E+00   0.198300E+08   0.198300E+08   0.198376E+08  -0.471797E+00   0.103985E+08   0.103985E+08   0.339601E+02
   0.739915E-04   0.198296E+08   0.198295E+08   0.257568E+08   0.257381E+08   0.000000E+00   0.198296E+08   0.198296E+08   0.198371E+08  -0.471784E+00   0.103983E+08   0.103983E+08   0.412090E+02
   0.899887E-04   0.198289E+08   0.198289E+08   0.254346E+08   0.254073E+08   0.000000E+00   0.198289E+08   0.198289E+08   0.198364E+08  -0.471765E+00   0.103979E+08   0.103979E+08   0.499511E+02
   0.109444E-03   0.198280E+08   0.198279E+08   0.249649E+08   0.249252E+08   0.000000E+00   0.198280E+08   0.198280E+08   0.198353E+08  -0.471736E+00   0.103974E+08   0.103974E+08   0.604513E+02
   0.133107E-03   0.198266E+08   0.198265E+08   0.242848E+08   0.242273E+08   0.000000E+00   0.198266E+08   0.198266E+08   0.198337E+08  -0.471694E+00   0.103967E+08   0.103967E+08   0.729873E+02
   0.161885E-03   0.198245E+08   0.198244E+08   0.233100E+08   0.232278E+08   0.000000E+00   0.198245E+08   0.198245E+08   0.198313E+08  -0.471631E+00   0.103956E+08   0.103955E+08   0.878196E+02
   0.196885E-03   0.198215E+08   0.198213E+08   0.219344E+08   0.218187E+08   0.000000E+00   0.198214E+08   0.198214E+08   0.198279E+08  -0.471541E+00   0.103940E+08   0.103939E+08   0.105134E+03
   0.239452E-03   0.198170E+08   0.198167E+08   0.200370E+08   0.198781E+08   0.000000E+00   0.198170E+08   0.198170E+08   0.198228E+08  -0.471409E+00   0.103916E+08   0.103915E+08   0.124939E+03
   0.291222E-03   0.198105E+08   0.198101E+08   0.175089E+08   0.172986E+08   0.000000E+00   0.198104E+08   0.198104E+08   0.198155E+08  -0.471219E+00   0.103881E+08   0.103880E+08   0.146903E+03
   0.354185E-03   0.198010E+08   0.198004E+08   0.143125E+08   0.140497E+08   0.000000E+00   0.198010E+08   0.198010E+08   0.198051E+08  -0.470948E+00   0.103831E+08   0.103829E+08   0.170119E+03
   0.430761E-03   0.197874E+08   0.197865E+08   0.105847E+08   0.102842E+08   0.000000E+00   0.197873E+08   0.197873E+08   0.197904E+08  -0.470567E+00   0.103758E+08   0.103755E+08   0.192838E+03
   0.523892E-03   0.197680E+08   0.197668E+08   0.675524E+07   0.645835E+07   0.000000E+00   0.197678E+08   0.197678E+08   0.197698E+08  -0.470041E+00   0.103654E+08   0.103651E+08   0.212299E+03
   0.637159E-03   0.197408E+08   0.197391E+08   0.355552E+07   0.332986E+07   0.000000E+00   0.197405E+08   0.197405E+08   0.197415E+08  -0.469328E+00   0.103508E+08   0.103504E+08   0.224962E+03
   0.774915E-03   0.197030E+08   0.197008E+08   0.167721E+07   0.158427E+07   0.000000E+00   0.197027E+08   0.197027E+08   0.197032E+08  -0.468378E+00   0.103307E+08   0.103302E+08   0.227482E+03
   0.942454E-03   0.196517E+08   0.196489E+08   0.105472E+07   0.108379E+07   0.000000E+00   0.196512E+08   0.196512E+08   0.196516E+08  -0.467124E+00   0.103034E+08   0.103028E+08   0.218290E+03
   0.114621E-02   0.195828E+08   0.195796E+08   0.714772E+06   0.768131E+06   0.000000E+00   0.195823E+08   0.195823E+08   0.195825E+08  -0.465470E+00   0.102670E+08   0.102664E+08   0.198507E+03
   0.139403E-02   0.194917E+08   0.194882E+08   0.255380E+06   0.283404E+06   0.000000E+00   0.194912E+08   0.194912E+08   0.194913E+08  -0.463292E+00   0.102191E+08   0.102184E+08   0.171036E+03
   0.169542E-02   0.193726E+08   0.193689E+08   0.148031E+06  -0.168798E+06   0.000000E+00   0.193720E+08   0.193720E+08   0.193720E+08  -0.460450E+00   0.101565E+08   0.101558E+08   0.140051E+03
   0.206198E-02   0.192184E+08   0.192147E+08   0.260609E+04  -0.113191E+06   0.000000E+00   0.192178E+08   0.192178E+08   0.192178E+08  -0.456781E+00   0.100755E+08   0.100749E+08   0.111283E+03
   0.250778E-02   0.190212E+08   0.190174E+08   0.876017E+04  -0.757300E+05   0.000000E+00   0.190206E+08   0.190206E+08   0.190206E+08  -0.452091E+00   0.997206E+07   0.997139E+07   0.888875E+02
   0.304997E-02   0.187718E+08   0.187677E+08   0.240027E+04  -0.505230E+05   0.000000E+00   0.187712E+08   0.187712E+08   0.187712E+08  -0.446160E+00   0.984124E+07   0.984057E+07   0.728869E+02
   0.370939E-02   0.184603E+08   0.184557E+08  -0.169036E+05  -0.335881E+05   0.000000E+00   0.184596E+08   0.184596E+08   0.184596E+08  -0.438754E+00   0.967786E+07   0.967719E+07   0.598312E+02
   0.451137E-02   0.180761E+08   0.180710E+08  -0.135723E+05  -0.222342E+05   0.000000E+00   0.180753E+08   0.180753E+08   0.180753E+08  -0.429620E+00   0.947638E+07   0.947572E+07   0.484709E+02
   0.548674E-02   0.176083E+08   0.176021E+08  -0.121024E+05  -0.146422E+05   0.000000E+00   0.176073E+08   0.176073E+08   0.176073E+08  -0.418495E+00   0.923099E+07   0.923034E+07   0.396415E+02
   0.667298E-02   0.170455E+08   0.170380E+08  -0.102647E+05  -0.958241E+04   0.000000E+00   0.170443E+08   0.170443E+08   0.170443E+08  -0.405114E+00   0.893582E+07   0.893518E+07   0.322186E+02
   0.811570E-02   0.163765E+08   0.163671E+08  -0.635285E+04  -0.622391E+04   0.000000E+00   0.163751E+08   0.163751E+08   0.163751E+08  -0.389207E+00   0.858496E+07   0.858432E+07   0.262249E+02
   0.987034E-02   0.155921E+08   0.155800E+08   0.173798E+04  -0.400608E+04   0.000000E+00   0.155902E+08   0.155902E+08   0.155902E+08  -0.370552E+00   0.817347E+07   0.817284E+07   0.214611E+02
   0.120043E-01   0.146781E+08   0.146622E+08  -0.212043E+04  -0.254948E+04   0.000000E+00   0.146756E+08   0.146756E+08   0.146756E+08  -0.348813E+00   0.769398E+07   0.769335E+07   0.176451E+02
   0.145997E-01   0.136323E+08   0.136115E+08   0.361989E+03  -0.160071E+04   0.000000E+00   0.136291E+08   0.136291E+08   0.136291E+08  -0.323939E+00   0.714531E+07   0.714467E+07   0.146260E+02
   0.177562E-01   0.124412E+08   0.124143E+08  -0.115609E+04  -0.987544E+03   0.000000E+00   0.124371E+08   0.124371E+08   0.124371E+08  -0.295607E+00   0.652038E+07   0.651974E+07   0.121920E+02
   0.215952E-01   0.111182E+08   0.110841E+08  -0.737693E+02  -0.596573E+03   0.000000E+00   0.111129E+08   0.111129E+08   0.111129E+08  -0.264135E+00   0.582620E+07   0.582554E+07   0.101856E+02
   0.259142E-01   0.978733E+07   0.974655E+07   0.223267E+02  -0.364641E+03   0.000000E+00   0.978102E+07   0.978102E+07   0.978102E+07  -0.232477E+00   0.512792E+07   0.512726E+07   0.852433E+01
   0.302332E-01   0.862869E+07   0.858358E+07  -0.705587E+02  -0.236152E+03   0.000000E+00   0.862171E+07   0.862171E+07   0.862171E+07  -0.204923E+00   0.452014E+07   0.451949E+07   0.716895E+01
   0.345522E-01   0.764399E+07   0.759727E+07  -0.252275E+02  -0.160151E+03   0.000000E+00   0.763676E+07   0.763676E+07   0.763676E+07  -0.181512E+00   0.400376E+07   0.400314E+07   0.597973E+01
   0.388713E-01   0.682810E+07   0.678251E+07  -0.193402E+02  -0.113024E+03   0.000000E+00   0.682105E+07   0.682105E+07   0.682105E+07  -0.162124E+00   0.357611E+07   0.357554E+07   0.490953E+01
   0.431903E-01   0.616742E+07   0.612528E+07  -0.181961E+02  -0.826888E+02   0.000000E+00   0.616090E+07   0.616090E+07   0.616090E+07  -0.146434E+00   0.323001E+07   0.322950E+07   0.395323E+01
   0.475093E-01   0.563897E+07   0.560189E+07   0.124662E+03  -0.624841E+02   0.000000E+00   0.563323E+07   0.563323E+07   0.563323E+07  -0.133892E+00   0.295336E+07   0.295292E+07   0.312141E+01
   0.518284E-01   0.522256E+07   0.519133E+07   0.970271E+02  -0.486304E+02   0.000000E+00   0.521772E+07   0.521772E+07   0.521772E+07  -0.124016E+00   0.273552E+07   0.273514E+07   0.242726E+01
   0.561474E-01   0.488319E+07   0.485777E+07   0.773132E+02  -0.387478E+02   0.000000E+00   0.487925E+07   0.487925E+07   0.487925E+07  -0.115971E+00   0.255806E+07   0.255774E+07   0.187558E+01
   0.604664E-01   0.459661E+07   0.457625E+07   0.627599E+02  -0.314525E+02   0.000000E+00   0.459346E+07   0.459346E+07   0.459346E+07  -0.109178E+00   0.240822E+07   0.240796E+07   0.146299E+01
   0.647855E-01   0.433952E+07   0.432299E+07   0.516190E+02  -0.258683E+02   0.000000E+00   0.433696E+07   0.433696E+07   0.433696E+07  -0.103082E+00   0.227374E+07   0.227351E+07   0.117583E+01
   0.691045E-01   0.409604E+07   0.408190E+07   0.428255E+02  -0.214612E+02   0.000000E+00   0.409385E+07   0.409385E+07   0.409385E+07  -0.973035E-01   0.214628E+07   0.214608E+07   0.993101E+00
   0.734235E-01   0.385668E+07   0.384355E+07   0.357188E+02  -0.178999E+02   0.000000E+00   0.385465E+07   0.385465E+07   0.385465E+07  -0.916182E-01   0.202088E+07   0.202068E+07   0.889318E+00
   0.777425E-01   0.361890E+07   0.360564E+07   0.298944E+02  -0.149814E+02   0.000000E+00   0.361685E+07   0.361685E+07   0.361685E+07  -0.859661E-01   0.189621E+07   0.189601E+07   0.837983E+00
   0.820616E-01   0.338483E+07   0.337070E+07   0.250926E+02  -0.125754E+02   0.000000E+00   0.338264E+07   0.338264E+07   0.338264E+07  -0.803994E-01   0.177342E+07   0.177322E+07   0.814599E+00
   0.863806E-01   0.316005E+07   0.314476E+07   0.211395E+02  -0.105947E+02   0.000000E+00   0.315768E+07   0.315768E+07   0.315768E+07  -0.750524E-01   0.165549E+07   0.165528E+07   0.799169E+00
   0.906996E-01   0.295047E+07   0.293416E+07   0.179001E+02  -0.897158E+01   0.000000E+00   0.294794E+07   0.294794E+07   0.294794E+07  -0.700674E-01   0.154553E+07   0.154532E+07   0.777564E+00
   0.960627E-01   0.271923E+07   0.270231E+07   0.147047E+02  -0.737031E+01   0.000000E+00   0.271661E+07   0.271661E+07   0.271661E+07  -0.645690E-01   0.142425E+07   0.142404E+07   0.730976E+00
   0.101426E+00   0.252654E+07   0.250998E+07   0.122553E+02  -0.614270E+01   0.000000E+00   0.252398E+07   0.252398E+07   0.252398E+07  -0.599905E-01   0.132326E+07   0.132306E+07   0.660518E+00
   0.106789E+00   0.237336E+07   0.235811E+07   0.103853E+02  -0.520532E+01   0.000000E+00   0.237100E+07   0.237100E+07   0.237100E+07  -0.563545E-01   0.124306E+07   0.124287E+07   0.573215E+00
   0.112152E+00   0.225323E+07   0.223994E+07   0.894012E+01  -0.448081E+01   0.000000E+00   0.225118E+07   0.225118E+07   0.225118E+07  -0.535064E-01   0.118023E+07   0.118007E+07   0.480934E+00
   0.117515E+00   0.215508E+07   0.214395E+07   0.778913E+01  -0.390375E+01   0.000000E+00   0.215336E+07   0.215336E+07   0.215336E+07  -0.511815E-01   0.112895E+07   0.112881E+07   0.395872E+00
   0.122878E+00   0.206766E+07   0.205846E+07   0.683599E+01  -0.342591E+01   0.000000E+00   0.206624E+07   0.206624E+07   0.206624E+07  -0.491108E-01   0.108327E+07   0.108315E+07   0.327210E+00
   0.128241E+00   0.198209E+07   0.197426E+07   0.601700E+01  -0.301539E+01   0.000000E+00   0.198088E+07   0.198088E+07   0.198088E+07  -0.470820E-01   0.103852E+07   0.103841E+07   0.279262E+00
   0.133604E+00   0.189287E+07   0.188573E+07   0.529426E+01  -0.265317E+01   0.000000E+00   0.189177E+07   0.189177E+07   0.189177E+07  -0.449639E-01   0.991798E+06   0.991698E+06   0.251301E+00
   0.138967E+00   0.179860E+07   0.179152E+07   0.464963E+01  -0.233015E+01   0.000000E+00   0.179750E+07   0.179750E+07   0.179750E+07  -0.427234E-01   0.942378E+06   0.942278E+06   0.238749E+00
   0.144330E+00   0.170158E+07   0.169414E+07   0.407766E+01  -0.204357E+01   0.000000E+00   0.170043E+07   0.170043E+07   0.170043E+07  -0.404162E-01   0.891488E+06   0.891387E+06   0.235078E+00
   0.149694E+00   0.160614E+07   0.159818E+07   0.357769E+01  -0.179307E+01   0.000000E+00   0.160491E+07   0.160491E+07   0.160491E+07  -0.381458E-01   0.841410E+06   0.841305E+06   0.233727E+00
   0.155057E+00   0.151689E+07   0.150850E+07   0.314884E+01  -0.157819E+01   0.000000E+00   0.151559E+07   0.151559E+07   0.151559E+07  -0.360228E-01   0.794583E+06   0.794476E+06   0.229619E+00
   0.160420E+00   0.143779E+07   0.142927E+07   0.278821E+01  -0.139747E+01   0.000000E+00   0.143647E+07   0.143647E+07   0.143647E+07  -0.341423E-01   0.753103E+06   0.752997E+06   0.220028E+00
   0.165783E+00   0.137115E+07   0.136286E+07   0.248969E+01  -0.124786E+01   0.000000E+00   0.136987E+07   0.136987E+07   0.136987E+07  -0.325594E-01   0.718188E+06   0.718087E+06   0.204669E+00
   0.171146E+00   0.131667E+07   0.130893E+07   0.224334E+01  -0.112437E+01   0.000000E+00   0.131547E+07   0.131547E+07   0.131547E+07  -0.312664E-01   0.689667E+06   0.689572E+06   0.185145E+00
   0.176509E+00   0.127162E+07   0.126464E+07   0.203708E+01  -0.102097E+01   0.000000E+00   0.127054E+07   0.127054E+07   0.127054E+07  -0.301984E-01   0.666109E+06   0.666022E+06   0.164082E+00
   0.181872E+00   0.123234E+07   0.122616E+07   0.185961E+01  -0.931994E+00   0.000000E+00   0.123138E+07   0.123138E+07   0.123138E+07  -0.292678E-01   0.645581E+06   0.645502E+06   0.144230E+00
   0.187235E+00   0.119540E+07   0.118992E+07   0.170215E+01  -0.853057E+00   0.000000E+00   0.119455E+07   0.119455E+07   0.119455E+07  -0.283924E-01   0.626271E+06   0.626199E+06   0.127734E+00
   0.192598E+00   0.115806E+07   0.115309E+07   0.155851E+01  -0.781058E+00   0.000000E+00   0.115729E+07   0.115729E+07   0.115729E+07  -0.275068E-01   0.606736E+06   0.606670E+06   0.115688E+00
   0.197961E+00   0.111864E+07   0.111392E+07   0.142501E+01  -0.714150E+00   0.000000E+00   0.111791E+07   0.111791E+07   0.111791E+07  -0.265707E-01   0.586088E+06   0.586024E+06   0.108054E+00
   0.203324E+00   0.107691E+07   0.107223E+07   0.130040E+01  -0.651707E+00   0.000000E+00   0.107618E+07   0.107618E+07   0.107618E+07  -0.255789E-01   0.564211E+06   0.564148E+06   0.103892E+00
   0.208687E+00   0.103402E+07   0.102924E+07   0.118519E+01  -0.593981E+00   0.000000E+00   0.103328E+07   0.103328E+07   0.103328E+07  -0.245591E-01   0.541718E+06   0.541654E+06   0.101766E+00
   0.214050E+00   0.991793E+06   0.986864E+06   0.108047E+01  -0.541511E+00   0.000000E+00   0.991031E+06   0.991031E+06   0.991031E+06  -0.235550E-01   0.519570E+06   0.519506E+06   0.100180E+00
   0.219414E+00   0.952012E+06   0.946974E+06   0.986994E+00  -0.494670E+00   0.000000E+00   0.951233E+06   0.951233E+06   0.951233E+06  -0.226091E-01   0.498706E+06   0.498641E+06   0.979392E-01
   0.224777E+00   0.916001E+06   0.910955E+06   0.904847E+00  -0.453504E+00   0.000000E+00   0.915220E+06   0.915220E+06   0.915220E+06  -0.217532E-01   0.479826E+06   0.479762E+06   0.943672E-01
   0.230140E+00   0.884411E+06   0.879485E+06   0.833389E+00  -0.417691E+00   0.000000E+00   0.883649E+06   0.883649E+06   0.883649E+06  -0.210028E-01   0.463274E+06   0.463212E+06   0.893589E-01
   0.235503E+00   0.857107E+06   0.852414E+06   0.771308E+00  -0.386573E+00   0.000000E+00   0.856381E+06   0.856381E+06   0.856381E+06  -0.203546E-01   0.448978E+06   0.448919E+06   0.832783E-01
   0.240866E+00   0.833287E+06   0.828898E+06   0.716880E+00  -0.359290E+00   0.000000E+00   0.832608E+06   0.832608E+06   0.832608E+06  -0.197896E-01   0.436514E+06   0.436458E+06   0.767666E-01
   0.246229E+00   0.811768E+06   0.807701E+06   0.668309E+00  -0.334941E+00   0.000000E+00   0.811139E+06   0.811139E+06   0.811139E+06  -0.192793E-01   0.425258E+06   0.425206E+06   0.705200E-01
   0.251592E+00   0.791272E+06   0.787494E+06   0.623986E+00  -0.312723E+00   0.000000E+00   0.790687E+06   0.790687E+06   0.790687E+06  -0.187932E-01   0.414535E+06   0.414486E+06   0.650992E-01
   0.256955E+00   0.770718E+06   0.767159E+06   0.582688E+00  -0.292024E+00   0.000000E+00   0.770167E+06   0.770167E+06   0.770167E+06  -0.183055E-01   0.403777E+06   0.403730E+06   0.608138E-01
   0.262318E+00   0.749508E+06   0.746083E+06   0.543724E+00  -0.272496E+00   0.000000E+00   0.748978E+06   0.748978E+06   0.748978E+06  -0.178019E-01   0.392668E+06   0.392623E+06   0.576946E-01
   0.267681E+00   0.727637E+06   0.724268E+06   0.506912E+00  -0.254048E+00   0.000000E+00   0.727116E+06   0.727116E+06   0.727116E+06  -0.172822E-01   0.381206E+06   0.381162E+06   0.555374E-01
   0.273044E+00   0.705520E+06   0.702156E+06   0.472373E+00  -0.236740E+00   0.000000E+00   0.704999E+06   0.704999E+06   0.704999E+06  -0.167566E-01   0.369612E+06   0.369567E+06   0.539927E-01
   0.278407E+00   0.683734E+06   0.680352E+06   0.440304E+00  -0.220671E+00   0.000000E+00   0.683211E+06   0.683211E+06   0.683211E+06  -0.162387E-01   0.358189E+06   0.358145E+06   0.526726E-01
   0.283771E+00   0.662864E+06   0.659476E+06   0.410870E+00  -0.205921E+00   0.000000E+00   0.662340E+06   0.662340E+06   0.662340E+06  -0.157426E-01   0.347247E+06   0.347203E+06   0.512513E-01
   0.289134E+00   0.643420E+06   0.640057E+06   0.384151E+00  -0.192531E+00   0.000000E+00   0.642900E+06   0.642900E+06   0.642900E+06  -0.152806E-01   0.337055E+06   0.337012E+06   0.495303E-01
   0.294497E+00   0.625705E+06   0.622409E+06   0.360090E+00  -0.180472E+00   0.000000E+00   0.625195E+06   0.625195E+06   0.625195E+06  -0.148598E-01   0.327773E+06   0.327731E+06   0.474579E-01
   0.299860E+00   0.609704E+06   0.606515E+06   0.338445E+00  -0.169623E+00   0.000000E+00   0.609211E+06   0.609211E+06   0.609211E+06  -0.144798E-01   0.319393E+06   0.319352E+06   0.451083E-01
   0.305223E+00   0.595122E+06   0.592066E+06   0.318849E+00  -0.159801E+00   0.000000E+00   0.594650E+06   0.594650E+06   0.594650E+06  -0.141338E-01   0.311758E+06   0.311719E+06   0.426371E-01
   0.310586E+00   0.581541E+06   0.578626E+06   0.300912E+00  -0.150810E+00   0.000000E+00   0.581090E+06   0.581090E+06   0.581090E+06  -0.138115E-01   0.304649E+06   0.304612E+06   0.402272E-01
   0.315949E+00   0.568537E+06   0.565754E+06   0.284287E+00  -0.142478E+00   0.000000E+00   0.568107E+06   0.568107E+06   0.568107E+06  -0.135029E-01   0.297843E+06   0.297807E+06   0.380372E-01
   0.321312E+00   0.555749E+06   0.553075E+06   0.268698E+00  -0.134664E+00   0.000000E+00   0.555335E+06   0.555335E+06   0.555335E+06  -0.131993E-01   0.291147E+06   0.291112E+06   0.361648E-01
   0.326675E+00   0.542929E+06   0.540334E+06   0.253953E+00  -0.127274E+00   0.000000E+00   0.542527E+06   0.542527E+06   0.542527E+06  -0.128949E-01   0.284432E+06   0.284398E+06   0.346335E-01
   0.332038E+00   0.530009E+06   0.527467E+06   0.239965E+00  -0.120264E+00   0.000000E+00   0.529616E+06   0.529616E+06   0.529616E+06  -0.125880E-01   0.277663E+06   0.277630E+06   0.334005E-01
   0.337401E+00   0.517095E+06   0.514584E+06   0.226732E+00  -0.113632E+00   0.000000E+00   0.516707E+06   0.516707E+06   0.516707E+06  -0.122812E-01   0.270895E+06   0.270862E+06   0.323789E-01
   0.342764E+00   0.504390E+06   0.501900E+06   0.214291E+00  -0.107398E+00   0.000000E+00   0.504005E+06   0.504005E+06   0.504005E+06  -0.119793E-01   0.264236E+06   0.264204E+06   0.314651E-01
   0.348127E+00   0.492105E+06   0.489636E+06   0.202676E+00  -0.101577E+00   0.000000E+00   0.491723E+06   0.491723E+06   0.491723E+06  -0.116874E-01   0.257797E+06   0.257765E+06   0.305650E-01
   0.353491E+00   0.480413E+06   0.477974E+06   0.191900E+00  -0.961769E-01   0.000000E+00   0.480035E+06   0.480035E+06   0.480035E+06  -0.114096E-01   0.251669E+06   0.251638E+06   0.296143E-01
   0.358854E+00   0.469421E+06   0.467025E+06   0.181946E+00  -0.911880E-01   0.000000E+00   0.469050E+06   0.469050E+06   0.469050E+06  -0.111485E-01   0.245910E+06   0.245879E+06   0.285877E-01
   0.364217E+00   0.459143E+06   0.456804E+06   0.172760E+00  -0.865842E-01   0.000000E+00   0.458781E+06   0.458781E+06   0.458781E+06  -0.109044E-01   0.240526E+06   0.240496E+06   0.274961E-01
   0.369580E+00   0.449500E+06   0.447226E+06   0.164260E+00  -0.823238E-01   0.000000E+00   0.449148E+06   0.449148E+06   0.449148E+06  -0.106754E-01   0.235476E+06   0.235447E+06   0.263756E-01
   0.374943E+00   0.440355E+06   0.438151E+06   0.156349E+00  -0.783589E-01   0.000000E+00   0.440014E+06   0.440014E+06   0.440014E+06  -0.104583E-01   0.230687E+06   0.230659E+06   0.252742E-01
   0.380306E+00   0.431563E+06   0.429427E+06   0.148938E+00  -0.746444E-01   0.000000E+00   0.431233E+06   0.431233E+06   0.431233E+06  -0.102496E-01   0.226083E+06   0.226056E+06   0.242373E-01
   0.385669E+00   0.422997E+06   0.420921E+06   0.141951E+00  -0.711425E-01   0.000000E+00   0.422676E+06   0.422676E+06   0.422676E+06  -0.100462E-01   0.221597E+06   0.221570E+06   0.232965E-01
   0.391032E+00   0.414557E+06   0.412531E+06   0.135329E+00  -0.678237E-01   0.000000E+00   0.414244E+06   0.414244E+06   0.414244E+06  -0.984583E-02   0.217176E+06   0.217150E+06   0.224640E-01
   0.396395E+00   0.406191E+06   0.404206E+06   0.129035E+00  -0.646690E-01   0.000000E+00   0.405884E+06   0.405884E+06   0.405884E+06  -0.964714E-02   0.212794E+06   0.212768E+06   0.217325E-01
   0.401758E+00   0.397913E+06   0.395960E+06   0.123052E+00  -0.616707E-01   0.000000E+00   0.397610E+06   0.397610E+06   0.397610E+06  -0.945049E-02   0.208456E+06   0.208431E+06   0.210810E-01
   0.407121E+00   0.389785E+06   0.387859E+06   0.117383E+00  -0.588297E-01   0.000000E+00   0.389487E+06   0.389487E+06   0.389487E+06  -0.925740E-02   0.204197E+06   0.204172E+06   0.204817E-01
   0.412484E+00   0.381880E+06   0.379980E+06   0.112031E+00  -0.561474E-01   0.000000E+00   0.381586E+06   0.381586E+06   0.381586E+06  -0.906962E-02   0.200055E+06   0.200031E+06   0.199071E-01
   0.417848E+00   0.374251E+06   0.372377E+06   0.106992E+00  -0.536220E-01   0.000000E+00   0.373961E+06   0.373961E+06   0.373961E+06  -0.888838E-02   0.196057E+06   0.196033E+06   0.193356E-01
   0.423211E+00   0.366927E+06   0.365084E+06   0.102256E+00  -0.512485E-01   0.000000E+00   0.366642E+06   0.366642E+06   0.366642E+06  -0.871442E-02   0.192220E+06   0.192197E+06   0.187558E-01
   0.428574E+00   0.359927E+06   0.358119E+06   0.978104E-01  -0.490206E-01   0.000000E+00   0.359647E+06   0.359647E+06   0.359647E+06  -0.854817E-02   0.188553E+06   0.188530E+06   0.181668E-01
   0.433937E+00   0.353244E+06   0.351473E+06   0.936363E-01  -0.469285E-01   0.000000E+00   0.352970E+06   0.352970E+06   0.352970E+06  -0.838946E-02   0.185052E+06   0.185030E+06   0.175764E-01
   0.439300E+00   0.346834E+06   0.345103E+06   0.897064E-01  -0.449589E-01   0.000000E+00   0.346566E+06   0.346566E+06   0.346566E+06  -0.823725E-02   0.181695E+06   0.181673E+06   0.169962E-01
   0.444663E+00   0.340635E+06   0.338943E+06   0.859912E-01  -0.430969E-01   0.000000E+00   0.340373E+06   0.340373E+06   0.340373E+06  -0.809007E-02   0.178448E+06   0.178427E+06   0.164387E-01
   0.450026E+00   0.334600E+06   0.332944E+06   0.824666E-01  -0.413303E-01   0.000000E+00   0.334343E+06   0.334343E+06   0.334343E+06  -0.794674E-02   0.175287E+06   0.175266E+06   0.159137E-01
   0.455389E+00   0.328699E+06   0.327077E+06   0.791156E-01  -0.396509E-01   0.000000E+00   0.328448E+06   0.328448E+06   0.328448E+06  -0.780662E-02   0.172196E+06   0.172175E+06   0.154265E-01
   0.460752E+00   0.322913E+06   0.321320E+06   0.759241E-01  -0.380514E-01   0.000000E+00   0.322667E+06   0.322667E+06   0.322667E+06  -0.766921E-02   0.169165E+06   0.169144E+06   0.149772E-01
   0.466115E+00   0.317226E+06   0.315660E+06   0.728803E-01  -0.365259E-01   0.000000E+00   0.316983E+06   0.316983E+06   0.316983E+06  -0.753413E-02   0.166186E+06   0.166165E+06   0.145606E-01
   0.471478E+00   0.311642E+06   0.310100E+06   0.699778E-01  -0.350713E-01   0.000000E+00   0.311404E+06   0.311404E+06   0.311404E+06  -0.740150E-02   0.163260E+06   0.163240E+06   0.141692E-01
   0.476841E+00   0.306188E+06   0.304668E+06   0.672151E-01  -0.336867E-01   0.000000E+00   0.305953E+06   0.305953E+06   0.305953E+06  -0.727195E-02   0.160403E+06   0.160383E+06   0.137952E-01
   0.482204E+00   0.300889E+06   0.299392E+06   0.645906E-01  -0.323714E-01   0.000000E+00   0.300658E+06   0.300658E+06   0.300658E+06  -0.714609E-02   0.157626E+06   0.157607E+06   0.134316E-01
   0.487568E+00   0.295754E+06   0.294280E+06   0.620991E-01  -0.311228E-01   0.000000E+00   0.295526E+06   0.295526E+06   0.295526E+06  -0.702412E-02   0.154936E+06   0.154917E+06   0.130738E-01
   0.492931E+00   0.290781E+06   0.289331E+06   0.597337E-01  -0.299372E-01   0.000000E+00   0.290557E+06   0.290557E+06   0.290557E+06  -0.690602E-02   0.152331E+06   0.152312E+06   0.127197E-01
   0.498294E+00   0.285970E+06   0.284544E+06   0.574876E-01  -0.288116E-01   0.000000E+00   0.285750E+06   0.285750E+06   0.285750E+06  -0.679176E-02   0.149811E+06   0.149792E+06   0.123704E-01
   0.503657E+00   0.281315E+06   0.279915E+06   0.553540E-01  -0.277422E-01   0.000000E+00   0.281099E+06   0.281099E+06   0.281099E+06  -0.668121E-02   0.147372E+06   0.147354E+06   0.120284E-01
   0.509020E+00   0.276799E+06   0.275423E+06   0.533238E-01  -0.267247E-01   0.000000E+00   0.276586E+06   0.276586E+06   0.276586E+06  -0.657396E-02   0.145007E+06   0.144989E+06   0.116970E-01
   0.514383E+00   0.272398E+06   0.271047E+06   0.513875E-01  -0.257543E-01   0.000000E+00   0.272189E+06   0.272189E+06   0.272189E+06  -0.646945E-02   0.142701E+06   0.142684E+06   0.113789E-01
   0.519746E+00   0.268096E+06   0.266768E+06   0.495376E-01  -0.248272E-01   0.000000E+00   0.267891E+06   0.267891E+06   0.267891E+06  -0.636728E-02   0.140448E+06   0.140430E+06   0.110758E-01
   0.525109E+00   0.263887E+06   0.262580E+06   0.477690E-01  -0.239407E-01   0.000000E+00   0.263685E+06   0.263685E+06   0.263685E+06  -0.626732E-02   0.138243E+06   0.138226E+06   0.107885E-01
   0.530472E+00   0.259766E+06   0.258480E+06   0.460770E-01  -0.230928E-01   0.000000E+00   0.259567E+06   0.259567E+06   0.259567E+06  -0.616944E-02   0.136084E+06   0.136067E+06   0.105159E-01
   0.535835E+00   0.255728E+06   0.254461E+06   0.444573E-01  -0.222810E-01   0.000000E+00   0.255532E+06   0.255532E+06   0.255532E+06  -0.607355E-02   0.133969E+06   0.133952E+06   0.102562E-01
   0.541198E+00   0.251775E+06   0.250526E+06   0.429067E-01  -0.215039E-01   0.000000E+00   0.251581E+06   0.251581E+06   0.251581E+06  -0.597964E-02   0.131897E+06   0.131881E+06   0.100068E-01
   0.546561E+00   0.247913E+06   0.246682E+06   0.414235E-01  -0.207606E-01   0.000000E+00   0.247722E+06   0.247722E+06   0.247722E+06  -0.588792E-02   0.129874E+06   0.129858E+06   0.976556E-02
   0.551925E+00   0.244150E+06   0.242936E+06   0.400058E-01  -0.200500E-01   0.000000E+00   0.243962E+06   0.243962E+06   0.243962E+06  -0.579855E-02   0.127903E+06   0.127887E+06   0.953085E-02
   0.557288E+00   0.240486E+06   0.239290E+06   0.386505E-01  -0.193708E-01   0.000000E+00   0.240300E+06   0.240300E+06   0.240300E+06  -0.571151E-02   0.125983E+06   0.125967E+06   0.930155E-02
   0.562651E+00   0.236915E+06   0.235736E+06   0.373542E-01  -0.187211E-01   0.000000E+00   0.236732E+06   0.236732E+06   0.236732E+06  -0.562670E-02   0.124112E+06   0.124097E+06   0.907727E-02
   0.568014E+00   0.233435E+06   0.232274E+06   0.361138E-01  -0.180995E-01   0.000000E+00   0.233255E+06   0.233255E+06   0.233255E+06  -0.554406E-02   0.122289E+06   0.122274E+06   0.885837E-02
   0.573377E+00   0.230044E+06   0.228901E+06   0.349266E-01  -0.175045E-01   0.000000E+00   0.229867E+06   0.229867E+06   0.229867E+06  -0.546354E-02   0.120513E+06   0.120498E+06   0.864557E-02
   0.578740E+00   0.226736E+06   0.225610E+06   0.337893E-01  -0.169345E-01   0.000000E+00   0.226562E+06   0.226562E+06   0.226562E+06  -0.538497E-02   0.118780E+06   0.118766E+06   0.843959E-02
   0.584103E+00   0.223500E+06   0.222391E+06   0.326983E-01  -0.163877E-01   0.000000E+00   0.223329E+06   0.223329E+06   0.223329E+06  -0.530812E-02   0.117085E+06   0.117071E+06   0.824087E-02
   0.589466E+00   0.220331E+06   0.219238E+06   0.316508E-01  -0.158627E-01   0.000000E+00   0.220162E+06   0.220162E+06   0.220162E+06  -0.523286E-02   0.115425E+06   0.115411E+06   0.804961E-02
   0.594829E+00   0.217228E+06   0.216151E+06   0.306448E-01  -0.153585E-01   0.000000E+00   0.217061E+06   0.217061E+06   0.217061E+06  -0.515915E-02   0.113799E+06   0.113785E+06   0.786570E-02
   0.600192E+00   0.214190E+06   0.213128E+06   0.296787E-01  -0.148743E-01   0.000000E+00   0.214026E+06   0.214026E+06   0.214026E+06  -0.508701E-02   0.112208E+06   0.112194E+06   0.768870E-02
   0.605555E+00   0.211214E+06   0.210166E+06   0.287502E-01  -0.144090E-01   0.000000E+00   0.211052E+06   0.211052E+06   0.211052E+06  -0.501633E-02   0.110649E+06   0.110635E+06   0.751786E-02
   0.610918E+00   0.208298E+06   0.207264E+06   0.278577E-01  -0.139617E-01   0.000000E+00   0.208138E+06   0.208138E+06   0.208138E+06  -0.494707E-02   0.109121E+06   0.109108E+06   0.735239E-02
   0.616281E+00   0.205444E+06   0.204424E+06   0.269999E-01  -0.135318E-01   0.000000E+00   0.205287E+06   0.205287E+06   0.205287E+06  -0.487929E-02   0.107626E+06   0.107613E+06   0.719169E-02
   0.621645E+00   0.202656E+06   0.201649E+06   0.261758E-01  -0.131188E-01   0.000000E+00   0.202500E+06   0.202500E+06   0.202500E+06  -0.481306E-02   0.106165E+06   0.106152E+06   0.703531E-02
   0.627008E+00   0.199930E+06   0.198937E+06   0.253839E-01  -0.127219E-01   0.000000E+00   0.199777E+06   0.199777E+06   0.199777E+06  -0.474834E-02   0.104737E+06   0.104725E+06   0.688295E-02
   0.680214E+00   0.175779E+06   0.174907E+06   0.189628E-01  -0.950377E-02   0.000000E+00   0.175644E+06   0.175644E+06   0.175644E+06  -0.417475E-02   0.920856E+05   0.920742E+05   0.558645E-02
   0.737935E+00   0.154402E+06   0.153636E+06   0.141528E-01  -0.709309E-02   0.000000E+00   0.154283E+06   0.154283E+06   0.154283E+06  -0.366704E-02   0.808865E+05   0.808765E+05   0.453333E-02
   0.800554E+00   0.135511E+06   0.134839E+06   0.105540E-01  -0.528947E-02   0.000000E+00   0.135407E+06   0.135407E+06   0.135407E+06  -0.321838E-02   0.709901E+05   0.709813E+05   0.367765E-02
   0.868486E+00   0.118833E+06   0.118244E+06   0.786390E-02  -0.394123E-02   0.000000E+00   0.118742E+06   0.118742E+06   0.118742E+06  -0.282229E-02   0.622533E+05   0.622455E+05   0.298252E-02
   0.942183E+00   0.104126E+06   0.103609E+06   0.585482E-02  -0.293432E-02   0.000000E+00   0.104046E+06   0.104046E+06   0.104046E+06  -0.247299E-02   0.545485E+05   0.545417E+05   0.241829E-02
   0.101542E+01   0.921588E+05   0.917016E+05   0.446137E-02  -0.223595E-02   0.000000E+00   0.920880E+05   0.920880E+05   0.920880E+05  -0.218877E-02   0.482792E+05   0.482732E+05   0.199422E-02
   0.126811E+01   0.639065E+05   0.635894E+05   0.198360E-02  -0.994151E-03   0.000000E+00   0.638575E+05   0.638575E+05   0.638575E+05  -0.151778E-02   0.334787E+05   0.334744E+05   0.112600E-02
   0.158368E+01   0.440883E+05   0.438694E+05   0.877425E-03  -0.439756E-03   0.000000E+00   0.440544E+05   0.440544E+05   0.440544E+05  -0.104709E-02   0.230965E+05   0.230935E+05   0.638251E-03
   0.197777E+01   0.302671E+05   0.301168E+05   0.386219E-03  -0.193572E-03   0.000000E+00   0.302439E+05   0.302439E+05   0.302439E+05  -0.718842E-03   0.158560E+05   0.158539E+05   0.364829E-03
   0.246994E+01   0.206777E+05   0.205749E+05   0.169176E-03  -0.847923E-04   0.000000E+00   0.206618E+05   0.206618E+05   0.206618E+05  -0.491094E-03   0.108324E+05   0.108309E+05   0.211525E-03
   0.308458E+01   0.140539E+05   0.139839E+05   0.737230E-04  -0.369518E-04   0.000000E+00   0.140431E+05   0.140431E+05   0.140431E+05  -0.333778E-03   0.736242E+04   0.736126E+04   0.125273E-03
   0.385217E+01   0.949573E+04   0.944828E+04   0.319373E-04  -0.160087E-04   0.000000E+00   0.948839E+04   0.948839E+04   0.948839E+04  -0.225522E-03   0.497453E+04   0.497365E+04   0.763510E-04
   0.481078E+01   0.636858E+04   0.633660E+04   0.137330E-04  -0.688431E-05   0.000000E+00   0.636363E+04   0.636363E+04   0.636363E+04  -0.151252E-03   0.333631E+04   0.333561E+04   0.481879E-04
   0.600794E+01   0.422809E+04   0.420669E+04   0.584530E-05  -0.293062E-05   0.000000E+00   0.422478E+04   0.422478E+04   0.422478E+04  -0.100415E-03   0.221496E+04   0.221440E+04   0.315754E-04
   0.750301E+01   0.276516E+04   0.275100E+04   0.245075E-05  -0.122897E-05   0.000000E+00   0.276297E+04   0.276297E+04   0.276297E+04  -0.656708E-04   0.144858E+04   0.144810E+04   0.214027E-04
   0.937012E+01   0.176636E+04   0.175715E+04   0.100355E-05  -0.503411E-06   0.000000E+00   0.176493E+04   0.176493E+04   0.176493E+04  -0.419493E-04   0.925337E+03   0.924920E+03   0.148311E-04
   0.117019E+02   0.108562E+04   0.107980E+04   0.395331E-06  -0.198411E-06   0.000000E+00   0.108471E+04   0.108471E+04   0.108471E+04  -0.257817E-04   0.568716E+03   0.568355E+03   0.102803E-04
   0.146139E+02   0.624374E+03   0.620884E+03   0.145702E-06  -0.731844E-07   0.000000E+00   0.623834E+03   0.623834E+03   0.623834E+03  -0.148274E-04   0.327086E+03   0.326784E+03   0.687634E-05
   0.182505E+02   0.317774E+03   0.315885E+03   0.475052E-07  -0.238910E-07   0.000000E+00   0.317482E+03   0.317482E+03   0.317482E+03  -0.754598E-05   0.166468E+03   0.166240E+03   0.416463E-05
   0.227921E+02   0.124691E+03   0.123881E+03   0.119355E-07  -0.601438E-08   0.000000E+00   0.124565E+03   0.124565E+03   0.124565E+03  -0.296070E-05   0.653193E+02   0.651842E+02   0.197749E-05
   0.284639E+02   0.193570E+02   0.192164E+02   0.118536E-08  -0.599353E-09   0.000000E+00   0.193352E+02   0.193352E+02   0.193352E+02  -0.459564E-06   0.101404E+02   0.101081E+02   0.378105E-06
   0.355471E+02  -0.180624E+02  -0.179032E+02  -0.707035E-09   0.358865E-09   0.000000E+00  -0.180377E+02  -0.180377E+02  -0.180377E+02   0.428725E-06  -0.946093E+01  -0.941538E+01  -0.427425E-06
   0.443930E+02  -0.125757E+02  -0.124396E+02  -0.313982E-09   0.160570E-09   0.000000E+00  -0.125546E+02  -0.125546E+02  -0.125546E+02   0.298401E-06  -0.658685E+01  -0.653769E+01  -0.369356E-06
   0.554402E+02   0.156338E+01   0.154027E+01   0.248253E-10  -0.128373E-10   0.000000E+00   0.155980E+01   0.155980E+01   0.155980E+01  -0.370737E-07   0.818675E+00   0.809228E+00   0.568414E-07
   0.692364E+02   0.154500E+01   0.151578E+01   0.155258E-10  -0.818497E-11   0.000000E+00   0.154048E+01   0.154048E+01   0.154048E+01  -0.366144E-07   0.809134E+00   0.794560E+00   0.702187E-07
   0.864658E+02  -0.831556E+00  -0.809040E+00  -0.525385E-11   0.284422E-11   0.000000E+00  -0.828072E+00  -0.828072E+00  -0.828072E+00   0.196818E-07  -0.435334E+00  -0.423235E+00  -0.466772E-07
   0.107983E+03   0.291202E+00   0.279853E+00   0.114162E-11  -0.647488E-12   0.000000E+00   0.289446E+00   0.289446E+00   0.289446E+00  -0.687961E-08   0.152430E+00   0.145833E+00   0.203815E-07
   0.134854E+03   0.239837E-01   0.221620E-01   0.576348E-13  -0.344202E-13   0.000000E+00   0.237019E-01   0.237019E-01   0.237019E-01  -0.563352E-09   0.124994E-01   0.117027E-01   0.197076E-08
   0.168412E+03  -0.344685E-01  -0.315098E-01  -0.484429E-13   0.330432E-13   0.000000E+00  -0.340108E-01  -0.340108E-01  -0.340108E-01   0.808375E-09  -0.180235E-01  -0.161563E-01  -0.369836E-08
   0.210322E+03  -0.308012E-02  -0.277316E-02  -0.226445E-14   0.205070E-14   0.000000E+00  -0.303263E-02  -0.303263E-02  -0.303263E-02   0.720801E-10  -0.162315E-02  -0.133437E-02  -0.458028E-09
   0.262660E+03   0.674735E-02   0.531475E-02   0.260943E-14  -0.296532E-14   0.000000E+00   0.652572E-02   0.652572E-02   0.652572E-02  -0.155105E-09   0.351383E-02   0.268859E-02   0.104806E-08
   0.328022E+03   0.996613E-03   0.681177E-03   0.199880E-15  -0.282168E-15   0.000000E+00   0.947813E-03   0.947813E-03   0.947813E-03  -0.225278E-10   0.511813E-03   0.362584E-03   0.151756E-09
   0.409650E+03   0.966315E-03   0.518798E-03   0.282508E-16  -0.206524E-15   0.000000E+00   0.897081E-03   0.897081E-03   0.897081E-03  -0.213220E-10   0.497722E-03   0.275417E-03   0.181024E-09
   0.511591E+03  -0.129891E-03  -0.304229E-04   0.102928E-16   0.237535E-16   0.000000E+00  -0.114503E-03  -0.114503E-03  -0.114503E-03   0.272153E-11  -0.675578E-04  -0.246277E-04  -0.279923E-10
