#          k/h    CDM            baryon         photon         nu             mass_nu        total          no_nu          total_de       Weyl           v_CDM          v_b            v_b-v_c     
   0.104501E-04   0.198309E+08   0.198309E+08   0.264274E+08   0.264270E+08   0.000000E+00   0.198309E+08   0.198309E+08   0.198387E+08  -0.471824E+00   0.103990E+08   0.103990E+08   0.585769E+01
   0.127095E-04   0.198309E+08   0.198309E+08   0.264208E+08   0.264202E+08   0.000000E+00   0.198309E+08   0.198309E+08   0.198386E+08  -0.471824E+00   0.103990E+08   0.103990E+08   0.712366E+01
   0.154573E-04   0.198309E+08   0.198309E+08   0.264110E+08   0.264102E+08   0.000000E+00   0.198309E+08   0.198309E+08   0.198386E+08  -0.471823E+00   0.103990E+08   0.103990E+08   0.866296E+01
   0.187992E-04   0.198308E+08   0.198308E+08   0.263966E+08   0.263953E+08   0.000000E+00   0.198308E+08   0.198308E+08   0.198386E+08  -0.471823E+00   0.103990E+08   0.103990E+08   0.105344E+02
   0.228637E-04   0.198308E+08   0.198308E+08   0.263752E+08   0.263734E+08   0.000000E+00   0.198308E+08   0.198308E+08   0.198385E+08  -0.471821E+00   0.103989E+08   0.103989E+08   0.128092E+02
   0.278068E-04   0.198307E+08   0.198307E+08   0.263436E+08   0.263409E+08   0.000000E+00   0.198307E+08   0.198307E+08   0.198385E+08  -0.471819E+00   0.103989E+08   0.103989E+08   0.155735E+02
   0.338188E-04   0.198306E+08   0.198306E+08   0.262969E+08   0.262929E+08   0.000000E+00   0.198306E+08   0.198306E+08   0.198384E+08  -0.471817E+00   0.103989E+08   0.103988E+08   0.189316E+02
   0.411305E-04   0.198305E+08   0.198305E+08   0.262280E+08   0.262221E+08   0.000000E+00   0.198305E+08   0.198305E+08   0.198382E+08  -0.471812E+00   0.103988E+08   0.103988E+08   0.230086E+02
   0.500230E-04   0.198303E+08   0.198303E+08   0.261263E+08   0.261177E+08   0.000000E+00   0.198303E+08   0.198303E+08   0.198380E+08  -0.471806E+00   0.103987E+08   0.103987E+08   0.279541E+02
   0.608381E-04   0.198300E+08   0.198300E+08   0.259767E+08   0.259640E+08   0.000000E+00   0.198300E+08   0.198300E+08   0.198376E+08  -0.471797E+00   0.103985E+08   0.103985E+08   0.339458E+02
   0.739915E-04   0.198296E+08   0.198295E+08   0.257568E+08   0.257381E+08   0.000000E+00   0.198296E+08   0.198296E+08   0.198371E+08  -0.471784E+00   0.103983E+08   0.103983E+08   0.411916E+02
   0.899887E-04   0.198289E+08   0.198289E+08   0.254346E+08   0.254073E+08   0.000000E+00   0.198289E+08   0.198289E+08   0.198364E+08  -0.471765E+00   0.103979E+08   0.103979E+08   0.499300E+02
   0.109444E-03   0.198280E+08   0.198279E+08   0.249649E+08   0.249252E+08   0.000000E+00   0.198280E+08   0.198280E+08   0.198353E+08  -0.471736E+00   0.103974E+08   0.103974E+08   0.604257E+02
   0.133107E-03   0.198266E+08   0.198265E+08   0.242848E+08   0.242273E+08   0.000000E+00   0.198266E+08   0.198266E+08   0.198337E+08  -0.471694E+00   0.103967E+08   0.103967E+08   0.729564E+02
   0.161885E-03   0.198245E+08   0.198244E+08   0.233100E+08   0.232278E+08   0.000000E+00   0.198245E+08   0.198245E+08   0.198313E+08  -0.471631E+00   0.103956E+08   0.103955E+08   0.877823E+02
   0.196885E-03   0.198215E+08   0.198213E+08   0.219344E+08   0.218187E+08   0.000000E+00   0.198214E+08   0.198214E+08   0.198279E+08  -0.471541E+00   0.103940E+08   0.103939E+08   0.105089E+03
   0.239452E-03   0.198170E+08   0.198167E+08   0.200370E+08   0.198781E+08   0.000000E+00   0.198170E+08   0.198170E+08   0.198228E+08  -0.471409E+00   0.103916E+08   0.103915E+08   0.124885E+03
   0.291222E-03   0.198105E+08   0.198101E+08   0.175089E+08   0.172986E+08   0.000000E+00   0.198104E+08   0.198104E+08   0.198155E+08  -0.471219E+00   0.103881E+08   0.103880E+08   0.146839E+03
   0.354185E-03   0.198010E+08   0.198004E+08   0.143125E+08   0.140497E+08   0.000000E+00   0.198010E+08   0.198010E+08   0.198051E+08  -0.470948E+00   0.103831E+08   0.103829E+08   0.170045E+03
   0.430761E-03   0.197874E+08   0.197865E+08   0.105847E+08   0.102842E+08   0.000000E+00   0.197873E+08   0.197873E+08   0.197904E+08  -0.470567E+00   0.103758E+08   0.103755E+08   0.192752E+03
   0.523892E-03   0.197680E+08   0.197668E+08   0.675524E+07   0.645835E+07   0.000000E+00   0.197678E+08   0.197678E+08   0.197698E+08  -0.470041E+00   0.103654E+08   0.103651E+08   0.212203E+03
   0.637159E-03   0.197408E+08   0.197391E+08   0.355552E+07   0.332986E+07   0.000000E+00   0.197405E+08   0.197405E+08   0.197415E+08  -0.469328E+00   0.103508E+08   0.103504E+08   0.224858E+03
   0.774915E-03   0.197030E+08   0.197008E+08   0.167721E+07   0.158427E+07   0.000000E+00   0.197027E+08   0.197027E+08   0.197032E+08  -0.468378E+00   0.103307E+08   0.103302E+08   0.227373E+03
   0.942454E-03   0.196517E+08   0.196489E+08   0.105472E+07   0.108379E+07   0.000000E+00   0.196512E+08   0.196512E+08   0.196516E+08  -0.467124E+00   0.103034E+08   0.103028E+08   0.218183E+03
   0.114621E-02   0.195828E+08   0.195796E+08   0.714772E+06   0.768131E+06   0.000000E+00   0.195823E+08   0.195823E+08   0.195825E+08  -0.465470E+00   0.102670E+08   0.102664E+08   0.198408E+03
   0.139403E-02   0.194917E+08   0.194882E+08   0.255380E+06   0.283404E+06   0.000000E+00   0.194912E+08   0.194912E+08   0.194913E+08  -0.463292E+00   0.102191E+08   0.102184E+08   0.170950E+03
   0.169542E-02   0.193726E+08   0.193689E+08   0.148031E+06  -0.168798E+06   0.000000E+00   0.193720E+08   0.193720E+08   0.193720E+08  -0.460450E+00   0.101565E+08   0.101558E+08   0.139980E+03
   0.206198E-02   0.192184E+08   0.192147E+08   0.260609E+04  -0.113191E+06   0.000000E+00   0.192178E+08   0.192178E+08   0.192178E+08  -0.456781E+00   0.100755E+08   0.100749E+08   0.111226E+03
   0.250778E-02   0.190212E+08   0.190174E+08   0.876017E+04  -0.757300E+05   0.000000E+00   0.190206E+08   0.190206E+08   0.190206E+08  -0.452091E+00   0.997206E+07   0.997139E+07   0.888428E+02
   0.304997E-02   0.187718E+08   0.187677E+08   0.240027E+04  -0.505230E+05   0.000000E+00   0.187712E+08   0.187712E+08   0.187712E+08  -0.446160E+00   0.984124E+07   0.984057E+07   0.728501E+02
   0.370939E-02   0.184603E+08   0.184557E+08  -0.169036E+05  -0.335881E+05   0.000000E+00   0.184596E+08   0.184596E+08   0.184596E+08  -0.438754E+00   0.967786E+07   0.967719E+07   0.598009E+02
   0.451137E-02   0.180761E+08   0.180710E+08  -0.135723E+05  -0.222342E+05   0.000000E+00   0.180753E+08   0.180753E+08   0.180753E+08  -0.429620E+00   0.947638E+07   0.947572E+07   0.484463E+02
   0.548674E-02   0.176083E+08   0.176021E+08  -0.121024E+05  -0.146422E+05   0.000000E+00   0.176073E+08   0.176073E+08   0.176073E+08  -0.418495E+00   0.923099E+07   0.923034E+07   0.396213E+02
   0.667298E-02   0.170455E+08   0.170380E+08  -0.102647E+05  -0.958241E+04   0.000000E+00   0.170443E+08   0.170443E+08   0.170443E+08  -0.405114E+00   0.893582E+07   0.893518E+07   0.322021E+02
   0.811570E-02   0.163765E+08   0.163671E+08  -0.635285E+04  -0.622391E+04   0.000000E+00   0.163751E+08   0.163751E+08   0.163751E+08  -0.389207E+00   0.858496E+07   0.858432E+07   0.262113E+02
   0.987034E-02   0.155921E+08   0.155800E+08   0.173798E+04  -0.400608E+04   0.000000E+00   0.155902E+08   0.155902E+08   0.155902E+08  -0.370552E+00   0.817347E+07   0.817284E+07   0.214499E+02
   0.120043E-01   0.146781E+08   0.146622E+08  -0.212043E+04  -0.254948E+04   0.000000E+00   0.146756E+08   0.146756E+08   0.146756E+08  -0.348813E+00   0.769398E+07   0.769335E+07   0.176358E+02
   0.145997E-01   0.136323E+08   0.136115E+08   0.361989E+03  -0.160071E+04   0.000000E+00   0.136291E+08   0.136291E+08   0.136291E+08  -0.323939E+00   0.714531E+07   0.714467E+07   0.146182E+02
   0.177562E-01   0.124412E+08   0.124143E+08  -0.115609E+04  -0.987544E+03   0.000000E+00   0.124371E+08   0.124371E+08   0.124371E+08  -0.295607E+00   0.652038E+07   0.651974E+07   0.121854E+02
   0.215952E-01   0.111182E+08   0.110841E+08  -0.737693E+02  -0.596574E+03   0.000000E+00   0.111129E+08   0.111129E+08   0.111129E+08  -0.264135E+00   0.582620E+07   0.582554E+07   0.101800E+02
   0.259142E-01   0.978733E+07   0.974655E+07   0.223268E+02  -0.364641E+03   0.000000E+00   0.978102E+07   0.978102E+07   0.978102E+07  -0.232477E+00   0.512792E+07   0.512726E+07   0.851954E+01
   0.302332E-01   0.862869E+07   0.858358E+07  -0.705587E+02  -0.236152E+03   0.000000E+00   0.862171E+07   0.862171E+07   0.862171E+07  -0.204923E+00   0.452014E+07   0.451949E+07   0.716488E+01
   0.345522E-01   0.764399E+07   0.759727E+07  -0.252275E+02  -0.160151E+03   0.000000E+00   0.763676E+07   0.763676E+07   0.763676E+07  -0.181512E+00   0.400376E+07   0.400315E+07   0.597631E+01
   0.388713E-01   0.682810E+07   0.678251E+07  -0.193402E+02  -0.113024E+03   0.000000E+00   0.682105E+07   0.682105E+07   0.682105E+07  -0.162124E+00   0.357611E+07   0.357554E+07   0.490671E+01
   0.431903E-01   0.616743E+07   0.612528E+07  -0.181961E+02  -0.826888E+02   0.000000E+00   0.616091E+07   0.616091E+07   0.616091E+07  -0.146434E+00   0.323001E+07   0.322950E+07   0.395096E+01
   0.475093E-01   0.563897E+07   0.560189E+07   0.124663E+03  -0.624841E+02   0.000000E+00   0.563323E+07   0.563323E+07   0.563323E+07  -0.133892E+00   0.295336E+07   0.295292E+07   0.311963E+01
   0.518284E-01   0.522256E+07   0.519134E+07   0.970271E+02  -0.486304E+02   0.000000E+00   0.521773E+07   0.521773E+07   0.521773E+07  -0.124016E+00   0.273552E+07   0.273514E+07   0.242589E+01
   0.561474E-01   0.488319E+07   0.485777E+07   0.773132E+02  -0.387478E+02   0.000000E+00   0.487926E+07   0.487926E+07   0.487926E+07  -0.115971E+00   0.255806E+07   0.255774E+07   0.187453E+01
   0.604664E-01   0.459661E+07   0.457626E+07   0.627599E+02  -0.314525E+02   0.000000E+00   0.459346E+07   0.459346E+07   0.459346E+07  -0.109178E+00   0.240822E+07   0.240796E+07   0.146219E+01
   0.647855E-01   0.433952E+07   0.432300E+07   0.516191E+02  -0.258684E+02   0.000000E+00   0.433696E+07   0.433696E+07   0.433696E+07  -0.103082E+00   0.227374E+07   0.227351E+07   0.117519E+01
   0.691045E-01   0.409604E+07   0.408190E+07   0.428255E+02  -0.214612E+02   0.000000E+00   0.409385E+07   0.409385E+07   0.409385E+07  -0.973035E-01   0.214628E+07   0.214608E+07   0.992566E+00
   0.734235E-01   0.385669E+07   0.384355E+07   0.357189E+02  -0.178999E+02   0.000000E+00   0.385465E+07   0.385465E+07   0.385465E+07  -0.916182E-01   0.202088E+07   0.202069E+07   0.888838E+00
   0.777425E-01   0.361891E+07   0.360564E+07   0.298945E+02  -0.149814E+02   0.000000E+00   0.361685E+07   0.361685E+07   0.361685E+07  -0.859661E-01   0.189621E+07   0.189602E+07   0.837526E+00
   0.820616E-01   0.338483E+07   0.337070E+07   0.250926E+02  -0.125754E+02   0.000000E+00   0.338265E+07   0.338265E+07   0.338265E+07  -0.803994E-01   0.177343E+07   0.177323E+07   0.814150E+00
   0.863806E-01   0.316005E+07   0.314477E+07   0.211395E+02  -0.105947E+02   0.000000E+00   0.315768E+07   0.315768E+07   0.315768E+07  -0.750525E-01   0.165549E+07   0.165528E+07   0.798722E+00
   0.906996E-01   0.295047E+07   0.293417E+07   0.179001E+02  -0.897159E+01   0.000000E+00   0.294795E+07   0.294795E+07   0.294795E+07  -0.700674E-01   0.154553E+07   0.154532E+07   0.777125E+00
   0.960627E-01   0.271924E+07   0.270231E+07   0.147047E+02  -0.737032E+01   0.000000E+00   0.271662E+07   0.271662E+07   0.271662E+07  -0.645691E-01   0.142425E+07   0.142404E+07   0.730560E+00
   0.101426E+00   0.252655E+07   0.250999E+07   0.122553E+02  -0.614271E+01   0.000000E+00   0.252399E+07   0.252399E+07   0.252399E+07  -0.599906E-01   0.132326E+07   0.132306E+07   0.660141E+00
   0.106789E+00   0.237337E+07   0.235812E+07   0.103853E+02  -0.520534E+01   0.000000E+00   0.237101E+07   0.237101E+07   0.237101E+07  -0.563546E-01   0.124306E+07   0.124288E+07   0.572889E+00
   0.112152E+00   0.225324E+07   0.223994E+07   0.894014E+01  -0.448082E+01   0.000000E+00   0.225118E+07   0.225118E+07   0.225118E+07  -0.535065E-01   0.118024E+07   0.118007E+07   0.480663E+00
   0.117515E+00   0.215509E+07   0.214395E+07   0.778916E+01  -0.390376E+01   0.000000E+00   0.215337E+07   0.215337E+07   0.215337E+07  -0.511817E-01   0.112895E+07   0.112881E+07   0.395652E+00
   0.122878E+00   0.206767E+07   0.205846E+07   0.683601E+01  -0.342592E+01   0.000000E+00   0.206625E+07   0.206625E+07   0.206625E+07  -0.491110E-01   0.108327E+07   0.108315E+07   0.327030E+00
   0.128241E+00   0.198210E+07   0.197427E+07   0.601702E+01  -0.301540E+01   0.000000E+00   0.198089E+07   0.198089E+07   0.198089E+07  -0.470821E-01   0.103852E+07   0.103841E+07   0.279111E+00
   0.133604E+00   0.189288E+07   0.188574E+07   0.529428E+01  -0.265318E+01   0.000000E+00   0.189178E+07   0.189178E+07   0.189178E+07  -0.449641E-01   0.991802E+06   0.991702E+06   0.251165E+00
   0.138967E+00   0.179860E+07   0.179153E+07   0.464965E+01  -0.233016E+01   0.000000E+00   0.179751E+07   0.179751E+07   0.179751E+07  -0.427236E-01   0.942382E+06   0.942282E+06   0.238619E+00
   0.144330E+00   0.170159E+07   0.169415E+07   0.407768E+01  -0.204358E+01   0.000000E+00   0.170044E+07   0.170044E+07   0.170044E+07  -0.404164E-01   0.891493E+06   0.891391E+06   0.234949E+00
   0.149694E+00   0.160615E+07   0.159818E+07   0.357771E+01  -0.179308E+01   0.000000E+00   0.160492E+07   0.160492E+07   0.160492E+07  -0.381460E-01   0.841414E+06   0.841310E+06   0.233597E+00
   0.155057E+00   0.151690E+07   0.150851E+07   0.314886E+01  -0.157820E+01   0.000000E+00   0.151560E+07   0.151560E+07   0.151560E+07  -0.360230E-01   0.794588E+06   0.794481E+06   0.229491E+00
   0.160420E+00   0.143780E+07   0.142928E+07   0.278823E+01  -0.139748E+01   0.000000E+00   0.143648E+07   0.143648E+07   0.143648E+07  -0.341425E-01   0.753108E+06   0.753002E+06   0.219905E+00
   0.165783E+00   0.137116E+07   0.136287E+07   0.248971E+01  -0.124787E+01   0.000000E+00   0.136988E+07   0.136988E+07   0.136988E+07  -0.325596E-01   0.718194E+06   0.718092E+06   0.204554E+00
   0.171146E+00   0.131668E+07   0.130894E+07   0.224336E+01  -0.112438E+01   0.000000E+00   0.131548E+07   0.131548E+07   0.131548E+07  -0.312666E-01   0.689672E+06   0.689577E+06   0.185041E+00
   0.176509E+00   0.127163E+07   0.126465E+07   0.203710E+01  -0.102097E+01   0.000000E+00   0.127055E+07   0.127055E+07   0.127055E+07  -0.301987E-01   0.666115E+06   0.666028E+06   0.163990E+00
   0.181872E+00   0.123235E+07   0.122617E+07   0.185963E+01  -0.932003E+00   0.000000E+00   0.123140E+07   0.123140E+07   0.123140E+07  -0.292681E-01   0.645587E+06   0.645508E+06   0.144151E+00
   0.187235E+00   0.119541E+07   0.118994E+07   0.170217E+01  -0.853065E+00   0.000000E+00   0.119457E+07   0.119457E+07   0.119457E+07  -0.283927E-01   0.626277E+06   0.626205E+06   0.127664E+00
   0.192598E+00   0.115808E+07   0.115310E+07   0.155853E+01  -0.781066E+00   0.000000E+00   0.115731E+07   0.115731E+07   0.115731E+07  -0.275071E-01   0.606743E+06   0.606676E+06   0.115625E+00
   0.197961E+00   0.111865E+07   0.111393E+07   0.142503E+01  -0.714158E+00   0.000000E+00   0.111792E+07   0.111792E+07   0.111792E+07  -0.265710E-01   0.586094E+06   0.586030E+06   0.107995E+00
   0.203324E+00   0.107692E+07   0.107224E+07   0.130041E+01  -0.651714E+00   0.000000E+00   0.107619E+07   0.107619E+07   0.107619E+07  -0.255792E-01   0.564218E+06   0.564155E+06   0.103836E+00
   0.208687E+00   0.103403E+07   0.102925E+07   0.118521E+01  -0.593989E+00   0.000000E+00   0.103329E+07   0.103329E+07   0.103329E+07  -0.245594E-01   0.541725E+06   0.541661E+06   0.101711E+00
   0.214050E+00   0.991807E+06   0.986877E+06   0.108049E+01  -0.541518E+00   0.000000E+00   0.991044E+06   0.991044E+06   0.991044E+06  -0.235553E-01   0.519577E+06   0.519513E+06   0.100126E+00
   0.219414E+00   0.952026E+06   0.946987E+06   0.987009E+00  -0.494677E+00   0.000000E+00   0.951247E+06   0.951247E+06   0.951247E+06  -0.226094E-01   0.498713E+06   0.498649E+06   0.978853E-01
   0.224777E+00   0.916016E+06   0.910969E+06   0.904861E+00  -0.453511E+00   0.000000E+00   0.915235E+06   0.915235E+06   0.915235E+06  -0.217535E-01   0.479833E+06   0.479770E+06   0.943153E-01
   0.230140E+00   0.884426E+06   0.879499E+06   0.833403E+00  -0.417698E+00   0.000000E+00   0.883664E+06   0.883664E+06   0.883664E+06  -0.210031E-01   0.463281E+06   0.463220E+06   0.893097E-01
   0.235503E+00   0.857122E+06   0.852429E+06   0.771322E+00  -0.386580E+00   0.000000E+00   0.856396E+06   0.856396E+06   0.856396E+06  -0.203550E-01   0.448985E+06   0.448927E+06   0.832326E-01
   0.240866E+00   0.833303E+06   0.828914E+06   0.716894E+00  -0.359296E+00   0.000000E+00   0.832624E+06   0.832624E+06   0.832624E+06  -0.197900E-01   0.436522E+06   0.436467E+06   0.767248E-01
   0.246229E+00   0.811784E+06   0.807717E+06   0.668322E+00  -0.334948E+00   0.000000E+00   0.811154E+06   0.811154E+06   0.811154E+06  -0.192797E-01   0.425266E+06   0.425214E+06   0.704818E-01
   0.251592E+00   0.791288E+06   0.787510E+06   0.623999E+00  -0.312730E+00   0.000000E+00   0.790703E+06   0.790703E+06   0.790703E+06  -0.187936E-01   0.414544E+06   0.414495E+06   0.650642E-01
   0.256955E+00   0.770734E+06   0.767175E+06   0.582701E+00  -0.292030E+00   0.000000E+00   0.770184E+06   0.770184E+06   0.770184E+06  -0.183059E-01   0.403786E+06   0.403739E+06   0.607813E-01
   0.262318E+00   0.749525E+06   0.746100E+06   0.543737E+00  -0.272502E+00   0.000000E+00   0.748995E+06   0.748995E+06   0.748995E+06  -0.178023E-01   0.392677E+06   0.392632E+06   0.576638E-01
   0.267681E+00   0.727654E+06   0.724286E+06   0.506924E+00  -0.254054E+00   0.000000E+00   0.727133E+06   0.727133E+06   0.727133E+06  -0.172826E-01   0.381215E+06   0.381171E+06   0.555078E-01
   0.273044E+00   0.705537E+06   0.702173E+06   0.472385E+00  -0.236746E+00   0.000000E+00   0.705017E+06   0.705017E+06   0.705017E+06  -0.167570E-01   0.369621E+06   0.369577E+06   0.539638E-01
   0.278407E+00   0.683752E+06   0.680370E+06   0.440316E+00  -0.220677E+00   0.000000E+00   0.683229E+06   0.683229E+06   0.683229E+06  -0.162391E-01   0.358198E+06   0.358154E+06   0.526444E-01
   0.283771E+00   0.662882E+06   0.659494E+06   0.410881E+00  -0.205926E+00   0.000000E+00   0.662358E+06   0.662358E+06   0.662358E+06  -0.157431E-01   0.347256E+06   0.347213E+06   0.512238E-01
   0.289134E+00   0.643439E+06   0.640075E+06   0.384162E+00  -0.192537E+00   0.000000E+00   0.642918E+06   0.642918E+06   0.642918E+06  -0.152810E-01   0.337065E+06   0.337022E+06   0.495037E-01
   0.294497E+00   0.625724E+06   0.622428E+06   0.360101E+00  -0.180477E+00   0.000000E+00   0.625214E+06   0.625214E+06   0.625214E+06  -0.148602E-01   0.327783E+06   0.327741E+06   0.474325E-01
   0.299860E+00   0.609723E+06   0.606534E+06   0.338455E+00  -0.169629E+00   0.000000E+00   0.609230E+06   0.609230E+06   0.609230E+06  -0.144803E-01   0.319403E+06   0.319362E+06   0.450842E-01
   0.305223E+00   0.595142E+06   0.592086E+06   0.318860E+00  -0.159807E+00   0.000000E+00   0.594669E+06   0.594669E+06   0.594669E+06  -0.141342E-01   0.311769E+06   0.311730E+06   0.426144E-01
   0.310586E+00   0.581561E+06   0.578646E+06   0.300922E+00  -0.150816E+00   0.000000E+00   0.581110E+06   0.581110E+06   0.581110E+06  -0.138119E-01   0.304660E+06   0.304622E+06   0.402059E-01
   0.315949E+00   0.568558E+06   0.565774E+06   0.284298E+00  -0.142483E+00   0.000000E+00   0.568127E+06   0.568127E+06   0.568127E+06  -0.135034E-01   0.297853E+06   0.297817E+06   0.380172E-01
   0.321312E+00   0.555769E+06   0.553095E+06   0.268708E+00  -0.134669E+00   0.000000E+00   0.555356E+06   0.555356E+06   0.555356E+06  -0.131998E-01   0.291158E+06   0.291123E+06   0.361459E-01
   0.326675E+00   0.542950E+06   0.540355E+06   0.253962E+00  -0.127279E+00   0.000000E+00   0.542548E+06   0.542548E+06   0.542548E+06  -0.128954E-01   0.284443E+06   0.284409E+06   0.346154E-01
   0.332038E+00   0.530030E+06   0.527488E+06   0.239974E+00  -0.120268E+00   0.000000E+00   0.529637E+06   0.529637E+06   0.529637E+06  -0.125885E-01   0.277674E+06   0.277641E+06   0.333831E-01
   0.337401E+00   0.517117E+06   0.514606E+06   0.226741E+00  -0.113637E+00   0.000000E+00   0.516729E+06   0.516729E+06   0.516729E+06  -0.122817E-01   0.270906E+06   0.270874E+06   0.323621E-01
   0.342764E+00   0.504412E+06   0.501922E+06   0.214300E+00  -0.107402E+00   0.000000E+00   0.504027E+06   0.504027E+06   0.504027E+06  -0.119798E-01   0.264247E+06   0.264215E+06   0.314488E-01
   0.348127E+00   0.492127E+06   0.489658E+06   0.202686E+00  -0.101582E+00   0.000000E+00   0.491745E+06   0.491745E+06   0.491745E+06  -0.116879E-01   0.257808E+06   0.257777E+06   0.305491E-01
   0.353491E+00   0.480435E+06   0.477997E+06   0.191910E+00  -0.961814E-01   0.000000E+00   0.480058E+06   0.480058E+06   0.480058E+06  -0.114101E-01   0.251681E+06   0.251650E+06   0.295990E-01
   0.358854E+00   0.469444E+06   0.467048E+06   0.181955E+00  -0.911924E-01   0.000000E+00   0.469073E+06   0.469073E+06   0.469073E+06  -0.111490E-01   0.245922E+06   0.245891E+06   0.285729E-01
   0.364217E+00   0.459166E+06   0.456827E+06   0.172769E+00  -0.865886E-01   0.000000E+00   0.458804E+06   0.458804E+06   0.458804E+06  -0.109050E-01   0.240538E+06   0.240508E+06   0.274819E-01
   0.369580E+00   0.449523E+06   0.447250E+06   0.164269E+00  -0.823281E-01   0.000000E+00   0.449172E+06   0.449172E+06   0.449172E+06  -0.106760E-01   0.235488E+06   0.235459E+06   0.263621E-01
   0.374943E+00   0.440379E+06   0.438175E+06   0.156358E+00  -0.783631E-01   0.000000E+00   0.440038E+06   0.440038E+06   0.440038E+06  -0.104589E-01   0.230700E+06   0.230671E+06   0.252613E-01
   0.380306E+00   0.431588E+06   0.429451E+06   0.148947E+00  -0.746485E-01   0.000000E+00   0.431257E+06   0.431257E+06   0.431257E+06  -0.102502E-01   0.226096E+06   0.226069E+06   0.242250E-01
   0.385669E+00   0.423022E+06   0.420946E+06   0.141959E+00  -0.711466E-01   0.000000E+00   0.422700E+06   0.422700E+06   0.422700E+06  -0.100468E-01   0.221610E+06   0.221583E+06   0.232847E-01
   0.391032E+00   0.414582E+06   0.412556E+06   0.135338E+00  -0.678278E-01   0.000000E+00   0.414268E+06   0.414268E+06   0.414268E+06  -0.984642E-02   0.217189E+06   0.217163E+06   0.224527E-01
   0.396395E+00   0.406216E+06   0.404231E+06   0.129043E+00  -0.646730E-01   0.000000E+00   0.405909E+06   0.405909E+06   0.405909E+06  -0.964774E-02   0.212807E+06   0.212781E+06   0.217216E-01
   0.401758E+00   0.397938E+06   0.395985E+06   0.123060E+00  -0.616747E-01   0.000000E+00   0.397636E+06   0.397636E+06   0.397636E+06  -0.945110E-02   0.208470E+06   0.208444E+06   0.210705E-01
   0.407121E+00   0.389811E+06   0.387884E+06   0.117391E+00  -0.588336E-01   0.000000E+00   0.389513E+06   0.389513E+06   0.389513E+06  -0.925802E-02   0.204211E+06   0.204186E+06   0.204715E-01
   0.412484E+00   0.381907E+06   0.380006E+06   0.112039E+00  -0.561512E-01   0.000000E+00   0.381612E+06   0.381612E+06   0.381612E+06  -0.907025E-02   0.200069E+06   0.200044E+06   0.198971E-01
   0.417848E+00   0.374277E+06   0.372404E+06   0.106999E+00  -0.536258E-01   0.000000E+00   0.373988E+06   0.373988E+06   0.373988E+06  -0.888901E-02   0.196071E+06   0.196047E+06   0.193260E-01
   0.423211E+00   0.366954E+06   0.365111E+06   0.102263E+00  -0.512523E-01   0.000000E+00   0.366669E+06   0.366669E+06   0.366669E+06  -0.871506E-02   0.192234E+06   0.192211E+06   0.187465E-01
   0.428574E+00   0.359954E+06   0.358146E+06   0.978178E-01  -0.490242E-01   0.000000E+00   0.359674E+06   0.359674E+06   0.359674E+06  -0.854882E-02   0.188567E+06   0.188544E+06   0.181579E-01
   0.433937E+00   0.353271E+06   0.351501E+06   0.936436E-01  -0.469322E-01   0.000000E+00   0.352997E+06   0.352997E+06   0.352997E+06  -0.839011E-02   0.185067E+06   0.185044E+06   0.175678E-01
   0.439300E+00   0.346862E+06   0.345130E+06   0.897136E-01  -0.449625E-01   0.000000E+00   0.346594E+06   0.346594E+06   0.346594E+06  -0.823791E-02   0.181710E+06   0.181687E+06   0.169880E-01
   0.444663E+00   0.340663E+06   0.338971E+06   0.859983E-01  -0.431004E-01   0.000000E+00   0.340401E+06   0.340401E+06   0.340401E+06  -0.809073E-02   0.178463E+06   0.178441E+06   0.164307E-01
   0.450026E+00   0.334628E+06   0.332972E+06   0.824736E-01  -0.413338E-01   0.000000E+00   0.334372E+06   0.334372E+06   0.334372E+06  -0.794742E-02   0.175302E+06   0.175280E+06   0.159060E-01
   0.455389E+00   0.328728E+06   0.327105E+06   0.791225E-01  -0.396543E-01   0.000000E+00   0.328477E+06   0.328477E+06   0.328477E+06  -0.780730E-02   0.172211E+06   0.172190E+06   0.154191E-01
   0.460752E+00   0.322942E+06   0.321349E+06   0.759309E-01  -0.380548E-01   0.000000E+00   0.322696E+06   0.322696E+06   0.322696E+06  -0.766989E-02   0.169180E+06   0.169160E+06   0.149700E-01
   0.466115E+00   0.317255E+06   0.315689E+06   0.728871E-01  -0.365293E-01   0.000000E+00   0.317013E+06   0.317013E+06   0.317013E+06  -0.753482E-02   0.166201E+06   0.166181E+06   0.145536E-01
   0.471478E+00   0.311672E+06   0.310129E+06   0.699844E-01  -0.350746E-01   0.000000E+00   0.311433E+06   0.311433E+06   0.311433E+06  -0.740220E-02   0.163276E+06   0.163256E+06   0.141625E-01
   0.476841E+00   0.306218E+06   0.304698E+06   0.672216E-01  -0.336900E-01   0.000000E+00   0.305983E+06   0.305983E+06   0.305983E+06  -0.727266E-02   0.160418E+06   0.160399E+06   0.137887E-01
   0.482204E+00   0.300919E+06   0.299422E+06   0.645971E-01  -0.323746E-01   0.000000E+00   0.300688E+06   0.300688E+06   0.300688E+06  -0.714681E-02   0.157642E+06   0.157623E+06   0.134253E-01
   0.487568E+00   0.295784E+06   0.294310E+06   0.621056E-01  -0.311259E-01   0.000000E+00   0.295556E+06   0.295556E+06   0.295556E+06  -0.702485E-02   0.154952E+06   0.154933E+06   0.130677E-01
   0.492931E+00   0.290812E+06   0.289361E+06   0.597400E-01  -0.299404E-01   0.000000E+00   0.290588E+06   0.290588E+06   0.290588E+06  -0.690675E-02   0.152347E+06   0.152328E+06   0.127138E-01
   0.498294E+00   0.286001E+06   0.284575E+06   0.574939E-01  -0.288147E-01   0.000000E+00   0.285781E+06   0.285781E+06   0.285781E+06  -0.679249E-02   0.149827E+06   0.149808E+06   0.123647E-01
   0.503657E+00   0.281347E+06   0.279946E+06   0.553602E-01  -0.277453E-01   0.000000E+00   0.281130E+06   0.281130E+06   0.281130E+06  -0.668195E-02   0.147389E+06   0.147371E+06   0.120229E-01
   0.509020E+00   0.276831E+06   0.275455E+06   0.533299E-01  -0.267278E-01   0.000000E+00   0.276618E+06   0.276618E+06   0.276618E+06  -0.657471E-02   0.145023E+06   0.145005E+06   0.116917E-01
   0.514383E+00   0.272430E+06   0.271078E+06   0.513935E-01  -0.257573E-01   0.000000E+00   0.272221E+06   0.272221E+06   0.272221E+06  -0.647020E-02   0.142718E+06   0.142700E+06   0.113737E-01
   0.519746E+00   0.268128E+06   0.266800E+06   0.495436E-01  -0.248301E-01   0.000000E+00   0.267923E+06   0.267923E+06   0.267923E+06  -0.636805E-02   0.140465E+06   0.140447E+06   0.110709E-01
   0.525109E+00   0.263919E+06   0.262612E+06   0.477749E-01  -0.239437E-01   0.000000E+00   0.263717E+06   0.263717E+06   0.263717E+06  -0.626809E-02   0.138260E+06   0.138243E+06   0.107837E-01
   0.530472E+00   0.259799E+06   0.258512E+06   0.460828E-01  -0.230957E-01   0.000000E+00   0.259600E+06   0.259600E+06   0.259600E+06  -0.617022E-02   0.136101E+06   0.136084E+06   0.105113E-01
   0.535835E+00   0.255761E+06   0.254494E+06   0.444631E-01  -0.222839E-01   0.000000E+00   0.255565E+06   0.255565E+06   0.255565E+06  -0.607433E-02   0.133986E+06   0.133969E+06   0.102516E-01
   0.541198E+00   0.251808E+06   0.250559E+06   0.429124E-01  -0.215068E-01   0.000000E+00   0.251615E+06   0.251615E+06   0.251615E+06  -0.598043E-02   0.131915E+06   0.131898E+06   0.100024E-01
   0.546561E+00   0.247947E+06   0.246715E+06   0.414292E-01  -0.207634E-01   0.000000E+00   0.247756E+06   0.247756E+06   0.247756E+06  -0.588872E-02   0.129892E+06   0.129876E+06   0.976129E-02
   0.551925E+00   0.244184E+06   0.242970E+06   0.400114E-01  -0.200528E-01   0.000000E+00   0.243996E+06   0.243996E+06   0.243996E+06  -0.579935E-02   0.127920E+06   0.127905E+06   0.952671E-02
   0.557288E+00   0.240520E+06   0.239324E+06   0.386560E-01  -0.193736E-01   0.000000E+00   0.240335E+06   0.240335E+06   0.240335E+06  -0.571232E-02   0.126001E+06   0.125985E+06   0.929753E-02
   0.562651E+00   0.236949E+06   0.235771E+06   0.373596E-01  -0.187238E-01   0.000000E+00   0.236767E+06   0.236767E+06   0.236767E+06  -0.562752E-02   0.124130E+06   0.124115E+06   0.907338E-02
   0.568014E+00   0.233470E+06   0.232309E+06   0.361192E-01  -0.181022E-01   0.000000E+00   0.233290E+06   0.233290E+06   0.233290E+06  -0.554489E-02   0.122308E+06   0.122292E+06   0.885460E-02
   0.573377E+00   0.230079E+06   0.228936E+06   0.349320E-01  -0.175071E-01   0.000000E+00   0.229902E+06   0.229902E+06   0.229902E+06  -0.546437E-02   0.120532E+06   0.120517E+06   0.864192E-02
   0.578740E+00   0.226771E+06   0.225645E+06   0.337946E-01  -0.169371E-01   0.000000E+00   0.226597E+06   0.226597E+06   0.226597E+06  -0.538581E-02   0.118799E+06   0.118784E+06   0.843605E-02
   0.584103E+00   0.223536E+06   0.222427E+06   0.327035E-01  -0.163903E-01   0.000000E+00   0.223364E+06   0.223364E+06   0.223364E+06  -0.530897E-02   0.117104E+06   0.117089E+06   0.823745E-02
   0.589466E+00   0.220367E+06   0.219274E+06   0.316559E-01  -0.158653E-01   0.000000E+00   0.220198E+06   0.220198E+06   0.220198E+06  -0.523371E-02   0.115444E+06   0.115429E+06   0.804629E-02
   0.594829E+00   0.217264E+06   0.216186E+06   0.306499E-01  -0.153611E-01   0.000000E+00   0.217097E+06   0.217097E+06   0.217097E+06  -0.516001E-02   0.113818E+06   0.113804E+06   0.786249E-02
   0.600192E+00   0.214226E+06   0.213164E+06   0.296837E-01  -0.148768E-01   0.000000E+00   0.214062E+06   0.214062E+06   0.214062E+06  -0.508787E-02   0.112227E+06   0.112213E+06   0.768558E-02
   0.605555E+00   0.211251E+06   0.210203E+06   0.287552E-01  -0.144115E-01   0.000000E+00   0.211089E+06   0.211089E+06   0.211089E+06  -0.501720E-02   0.110668E+06   0.110654E+06   0.751483E-02
   0.610918E+00   0.208335E+06   0.207301E+06   0.278626E-01  -0.139641E-01   0.000000E+00   0.208175E+06   0.208175E+06   0.208175E+06  -0.494795E-02   0.109140E+06   0.109127E+06   0.734945E-02
   0.616281E+00   0.205482E+06   0.204461E+06   0.270048E-01  -0.135342E-01   0.000000E+00   0.205324E+06   0.205324E+06   0.205324E+06  -0.488018E-02   0.107646E+06   0.107632E+06   0.718884E-02
   0.621645E+00   0.202693E+06   0.201687E+06   0.261807E-01  -0.131212E-01   0.000000E+00   0.202538E+06   0.202538E+06   0.202538E+06  -0.481395E-02   0.106185E+06   0.106172E+06   0.703255E-02
   0.627008E+00   0.199968E+06   0.198975E+06   0.253887E-01  -0.127243E-01   0.000000E+00   0.199814E+06   0.199814E+06   0.199814E+06  -0.474923E-02   0.104757E+06   0.104744E+06   0.688028E-02
   0.680214E+00   0.175820E+06   0.174947E+06   0.189672E-01  -0.950595E-02   0.000000E+00   0.175685E+06   0.175685E+06   0.175685E+06  -0.417571E-02   0.921067E+05   0.920953E+05   0.558448E-02
   0.737935E+00   0.154445E+06   0.153679E+06   0.141568E-01  -0.709507E-02   0.000000E+00   0.154326E+06   0.154326E+06   0.154326E+06  -0.366806E-02   0.809091E+05   0.808991E+05   0.453194E-02
   0.800554E+00   0.135557E+06   0.134884E+06   0.105576E-01  -0.529126E-02   0.000000E+00   0.135453E+06   0.135453E+06   0.135453E+06  -0.321947E-02   0.710142E+05   0.710054E+05   0.367672E-02
   0.868486E+00   0.118883E+06   0.118293E+06   0.786715E-02  -0.394286E-02   0.000000E+00   0.118791E+06   0.118791E+06   0.118791E+06  -0.282346E-02   0.622790E+05   0.622713E+05   0.298197E-02
   0.942183E+00   0.104178E+06   0.103661E+06   0.585776E-02  -0.293579E-02   0.000000E+00   0.104098E+06   0.104098E+06   0.104098E+06  -0.247423E-02   0.545759E+05   0.545691E+05   0.241805E-02
   0.101542E+01   0.922142E+05   0.917566E+05   0.446405E-02  -0.223730E-02   0.000000E+00   0.921434E+05   0.921434E+05   0.921434E+05  -0.219008E-02   0.483082E+05   0.483022E+05   0.199420E-02
   0.126811E+01   0.639718E+05   0.636544E+05   0.198563E-02  -0.995166E-03   0.000000E+00   0.639227E+05   0.639227E+05   0.639227E+05  -0.151933E-02   0.335129E+05   0.335086E+05   0.112642E-02
   0.158368E+01   0.441647E+05   0.439454E+05   0.878948E-03  -0.440518E-03   0.000000E+00   0.441308E+05   0.441308E+05   0.441308E+05  -0.104891E-02   0.231366E+05   0.231335E+05   0.638916E-03
   0.197777E+01   0.303561E+05   0.302052E+05   0.387355E-03  -0.194140E-03   0.000000E+00   0.303327E+05   0.303327E+05   0.303327E+05  -0.720954E-03   0.159026E+05   0.159005E+05   0.365621E-03
   0.246994E+01   0.207805E+05   0.206770E+05   0.170017E-03  -0.852132E-04   0.000000E+00   0.207645E+05   0.207645E+05   0.207645E+05  -0.493534E-03   0.108863E+05   0.108847E+05   0.212392E-03
   0.308458E+01   0.141720E+05   0.141012E+05   0.743424E-04  -0.372618E-04   0.000000E+00   0.141610E+05   0.141610E+05   0.141610E+05  -0.336582E-03   0.742425E+04   0.742308E+04   0.126197E-03
   0.385217E+01   0.963047E+04   0.958222E+04   0.323906E-04  -0.162355E-04   0.000000E+00   0.962301E+04   0.962301E+04   0.962301E+04  -0.228722E-03   0.504510E+04   0.504421E+04   0.773400E-04
   0.481078E+01   0.652132E+04   0.648845E+04   0.140625E-04  -0.704924E-05   0.000000E+00   0.651624E+04   0.651624E+04   0.651624E+04  -0.154879E-03   0.341630E+04   0.341559E+04   0.492713E-04
   0.600794E+01   0.439992E+04   0.437752E+04   0.608290E-05  -0.304960E-05   0.000000E+00   0.439646E+04   0.439646E+04   0.439646E+04  -0.104496E-03   0.230496E+04   0.230437E+04   0.328010E-04
   0.750301E+01   0.295669E+04   0.294141E+04   0.262054E-05  -0.131402E-05   0.000000E+00   0.295433E+04   0.295433E+04   0.295433E+04  -0.702191E-04   0.154890E+04   0.154838E+04   0.228378E-04
   0.937012E+01   0.197726E+04   0.196680E+04   0.112339E-05  -0.563464E-06   0.000000E+00   0.197564E+04   0.197564E+04   0.197564E+04  -0.469574E-04   0.103580E+04   0.103533E+04   0.165618E-04
   0.117019E+02   0.131389E+04   0.130669E+04   0.478472E-06  -0.240096E-06   0.000000E+00   0.131278E+04   0.131278E+04   0.131278E+04  -0.312024E-04   0.688279E+03   0.687844E+03   0.124071E-04
   0.146139E+02   0.865229E+03   0.860231E+03   0.201917E-06  -0.101392E-06   0.000000E+00   0.864455E+03   0.864455E+03   0.864455E+03  -0.205466E-04   0.453237E+03   0.452821E+03   0.949764E-05
   0.182505E+02   0.562045E+03   0.558539E+03   0.840282E-07  -0.422400E-07   0.000000E+00   0.561502E+03   0.561502E+03   0.561502E+03  -0.133459E-04   0.294407E+03   0.294006E+03   0.733638E-05
   0.227921E+02   0.357285E+03   0.354799E+03   0.342040E-07  -0.172230E-07   0.000000E+00   0.356901E+03   0.356901E+03   0.356901E+03  -0.848289E-05   0.187140E+03   0.186755E+03   0.563499E-05
   0.284639E+02   0.219171E+03   0.217401E+03   0.134255E-07  -0.677805E-08   0.000000E+00   0.218897E+03   0.218897E+03   0.218897E+03  -0.520279E-05   0.114787E+03   0.114427E+03   0.422200E-05
   0.355471E+02   0.126469E+03   0.125227E+03   0.495128E-08  -0.251000E-08   0.000000E+00   0.126277E+03   0.126277E+03   0.126277E+03  -0.300138E-05   0.662267E+02   0.659074E+02   0.299645E-05
   0.443930E+02   0.652597E+02   0.644413E+02   0.162996E-08  -0.831603E-09   0.000000E+00   0.651331E+02   0.651331E+02   0.651331E+02  -0.154810E-05   0.341660E+02   0.339119E+02   0.190976E-05
   0.554402E+02   0.266861E+02   0.262389E+02   0.424024E-09  -0.218512E-09   0.000000E+00   0.266169E+02   0.266169E+02   0.266169E+02  -0.632636E-06   0.139663E+02   0.138057E+02   0.966646E-06
   0.692364E+02   0.520608E+01   0.508498E+01   0.523897E-10  -0.274274E-10   0.000000E+00   0.518735E+01   0.518735E+01   0.518735E+01  -0.123294E-06   0.272320E+01   0.267471E+01   0.233654E-06
   0.864658E+02  -0.316946E+01  -0.306324E+01  -0.200664E-10   0.107559E-10   0.000000E+00  -0.315303E+01  -0.315303E+01  -0.315303E+01   0.749418E-07  -0.165636E+01  -0.161089E+01  -0.175446E-06
   0.107983E+03  -0.289220E+01  -0.275038E+01  -0.113923E-10   0.634300E-11   0.000000E+00  -0.287026E+01  -0.287026E+01  -0.287026E+01   0.682210E-07  -0.150953E+01  -0.144563E+01  -0.197371E-06
   0.134854E+03  -0.339236E-01  -0.315542E-01  -0.815984E-13   0.483941E-13   0.000000E+00  -0.335570E-01  -0.335570E-01  -0.335570E-01   0.797590E-09  -0.176828E-01  -0.165256E-01  -0.286243E-08
   0.168412E+03   0.471206E+00   0.420000E+00   0.675244E-12  -0.437415E-12   0.000000E+00   0.463284E+00   0.463284E+00   0.463284E+00  -0.110114E-07   0.244702E+00   0.220608E+00   0.477240E-07
   0.210322E+03  -0.188106E+00  -0.157665E+00  -0.153510E-12   0.114663E-12   0.000000E+00  -0.183397E+00  -0.183397E+00  -0.183397E+00   0.435901E-08  -0.972301E-01  -0.829268E-01  -0.226856E-07
   0.262660E+03   0.745367E-01   0.568092E-01   0.321595E-13  -0.301482E-13   0.000000E+00   0.717941E-01   0.717941E-01   0.717941E-01  -0.170642E-08   0.382745E-01   0.300498E-01   0.104454E-07
   0.328022E+03  -0.232798E-01  -0.153353E-01  -0.467816E-14   0.630423E-14   0.000000E+00  -0.220507E-01  -0.220507E-01  -0.220507E-01   0.524106E-09  -0.118443E-01  -0.826067E-02  -0.364433E-08
   0.409650E+03  -0.100957E-01  -0.535121E-02  -0.753332E-15   0.183611E-14   0.000000E+00  -0.936173E-02  -0.936173E-02  -0.936173E-02   0.222512E-09  -0.507379E-02  -0.303770E-02  -0.165800E-08
   0.511591E+03  -0.409282E-02  -0.159458E-02  -0.642494E-16   0.500856E-15   0.000000E+00  -0.370633E-02  -0.370633E-02  -0.370633E-02   0.880928E-10  -0.202917E-02  -0.103392E-02  -0.648945E-09
