#          k/h    CDM            baryon         photon         nu             mass_nu        total          no_nu          total_de       Weyl           v_CDM          v_b            v_b-v_c     
   0.104501E-04   0.198309E+08   0.198309E+08   0.264274E+08   0.264270E+08   0.000000E+00   0.198309E+08   0.198309E+08   0.198387E+08  -0.471824E+00   0.103990E+08   0.103990E+08   0.584748E+01
   0.127095E-04   0.198309E+08   0.198309E+08   0.264208E+08   0.264202E+08   0.000000E+00   0.198309E+08   0.198309E+08   0.198386E+08  -0.471824E+00   0.103990E+08   0.103990E+08   0.711125E+01
   0.154573E-04   0.198309E+08   0.198309E+08   0.264110E+08   0.264102E+08   0.000000E+00   0.198309E+08   0.198309E+08   0.198386E+08  -0.471823E+00   0.103990E+08   0.103990E+08   0.864787E+01
   0.187992E-04   0.198308E+08   0.198308E+08   0.263966E+08   0.263953E+08   0.000000E+00   0.198308E+08   0.198308E+08   0.198386E+08  -0.471823E+00   0.103990E+08   0.103990E+08   0.105160E+02
   0.228637E-04   0.198308E+08   0.198308E+08   0.263752E+08   0.263734E+08   0.000000E+00   0.198308E+08   0.198308E+08   0.198385E+08  -0.471821E+00   0.103989E+08   0.103989E+08   0.127868E+02
   0.278068E-04   0.198307E+08   0.198307E+08   0.263436E+08   0.263409E+08   0.000000E+00   0.198307E+08   0.198307E+08   0.198385E+08  -0.471819E+00   0.103989E+08   0.103989E+08   0.155464E+02
   0.338188E-04   0.198306E+08   0.198306E+08   0.262969E+08   0.262929E+08   0.000000E+00   0.198306E+08   0.198306E+08   0.198384E+08  -0.471817E+00   0.103989E+08   0.103988E+08   0.188986E+02
   0.411305E-04   0.198305E+08   0.198305E+08   0.262280E+08   0.262221E+08   0.000000E+00   0.198305E+08   0.198305E+08   0.198382E+08  -0.471812E+00   0.103988E+08   0.103988E+08   0.229684E+02
   0.500230E-04   0.198303E+08   0.198303E+08   0.261263E+08   0.261177E+08   0.000000E+00   0.198303E+08   0.198303E+08   0.198380E+08  -0.471806E+00   0.103987E+08   0.103987E+08   0.279053E+02
   0.608381E-04   0.198300E+08   0.198300E+08   0.259767E+08   0.259640E+08   0.000000E+00   0.198300E+08   0.198300E+08   0.198376E+08  -0.471797E+00   0.103985E+08   0.103985E+08   0.338866E+02
   0.739915E-04   0.198296E+08   0.198295E+08   0.257568E+08   0.257381E+08   0.000000E+00   0.198296E+08   0.198296E+08   0.198371E+08  -0.471784E+00   0.103983E+08   0.103983E+08   0.411197E+02
   0.899887E-04   0.198289E+08   0.198289E+08   0.254346E+08   0.254073E+08   0.000000E+00   0.198289E+08   0.198289E+08   0.198364E+08  -0.471765E+00   0.103979E+08   0.103979E+08   0.498428E+02
   0.109444E-03   0.198280E+08   0.198279E+08   0.249649E+08   0.249252E+08   0.000000E+00   0.198280E+08   0.198280E+08   0.198353E+08  -0.471736E+00   0.103974E+08   0.103974E+08   0.603201E+02
   0.133107E-03   0.198266E+08   0.198265E+08   0.242848E+08   0.242273E+08   0.000000E+00   0.198266E+08   0.198266E+08   0.198337E+08  -0.471694E+00   0.103967E+08   0.103967E+08   0.728286E+02
   0.161885E-03   0.198245E+08   0.198244E+08   0.233100E+08   0.232278E+08   0.000000E+00   0.198245E+08   0.198245E+08   0.198313E+08  -0.471631E+00   0.103956E+08   0.103955E+08   0.876282E+02
   0.196885E-03   0.198215E+08   0.198213E+08   0.219344E+08   0.218187E+08   0.000000E+00   0.198214E+08   0.198214E+08   0.198279E+08  -0.471541E+00   0.103940E+08   0.103939E+08   0.104904E+03
   0.239452E-03   0.198170E+08   0.198167E+08   0.200370E+08   0.198781E+08   0.000000E+00   0.198170E+08   0.198170E+08   0.198228E+08  -0.471409E+00   0.103916E+08   0.103915E+08   0.124664E+03
   0.291222E-03   0.198105E+08   0.198101E+08   0.175089E+08   0.172986E+08   0.000000E+00   0.198104E+08   0.198104E+08   0.198155E+08  -0.471219E+00   0.103881E+08   0.103880E+08   0.146577E+03
   0.354185E-03   0.198010E+08   0.198004E+08   0.143125E+08   0.140497E+08   0.000000E+00   0.198010E+08   0.198010E+08   0.198051E+08  -0.470948E+00   0.103831E+08   0.103829E+08   0.169738E+03
   0.430761E-03   0.197874E+08   0.197865E+08   0.105847E+08   0.102842E+08   0.000000E+00   0.197873E+08   0.197873E+08   0.197904E+08  -0.470567E+00   0.103758E+08   0.103755E+08   0.192400E+03
   0.523892E-03   0.197680E+08   0.197668E+08   0.675524E+07   0.645835E+07   0.000000E+00   0.197678E+08   0.197678E+08   0.197698E+08  -0.470041E+00   0.103654E+08   0.103651E+08   0.211808E+03
   0.637159E-03   0.197408E+08   0.197391E+08   0.355552E+07   0.332986E+07   0.000000E+00   0.197405E+08   0.197405E+08   0.197415E+08  -0.469328E+00   0.103508E+08   0.103504E+08   0.224429E+03
   0.774915E-03   0.197030E+08   0.197008E+08   0.167721E+07   0.158427E+07   0.000000E+00   0.197027E+08   0.197027E+08   0.197032E+08  -0.468378E+00   0.103307E+08   0.103302E+08   0.226927E+03
   0.942454E-03   0.196517E+08   0.196489E+08   0.105472E+07   0.108379E+07   0.000000E+00   0.196512E+08   0.196512E+08   0.196516E+08  -0.467124E+00   0.103034E+08   0.103028E+08   0.217743E+03
   0.114621E-02   0.195828E+08   0.195796E+08   0.714772E+06   0.768131E+06   0.000000E+00   0.195823E+08   0.195823E+08   0.195825E+08  -0.465470E+00   0.102670E+08   0.102664E+08   0.198000E+03
   0.139403E-02   0.194917E+08   0.194882E+08   0.255380E+06   0.283404E+06   0.000000E+00   0.194912E+08   0.194912E+08   0.194913E+08  -0.463292E+00   0.102191E+08   0.102184E+08   0.170594E+03
   0.169542E-02   0.193726E+08   0.193689E+08   0.148031E+06  -0.168798E+06   0.000000E+00   0.193720E+08   0.193720E+08   0.193720E+08  -0.460450E+00   0.101565E+08   0.101558E+08   0.139687E+03
   0.206198E-02   0.192184E+08   0.192147E+08   0.260608E+04  -0.113191E+06   0.000000E+00   0.192178E+08   0.192178E+08   0.192178E+08  -0.456781E+00   0.100755E+08   0.100749E+08   0.110994E+03
   0.250778E-02   0.190212E+08   0.190174E+08   0.876017E+04  -0.757300E+05   0.000000E+00   0.190206E+08   0.190206E+08   0.190206E+08  -0.452091E+00   0.997206E+07   0.997140E+07   0.886581E+02
   0.304997E-02   0.187718E+08   0.187677E+08   0.240027E+04  -0.505230E+05   0.000000E+00   0.187712E+08   0.187712E+08   0.187712E+08  -0.446160E+00   0.984124E+07   0.984057E+07   0.726984E+02
   0.370939E-02   0.184603E+08   0.184557E+08  -0.169036E+05  -0.335881E+05   0.000000E+00   0.184596E+08   0.184596E+08   0.184596E+08  -0.438754E+00   0.967786E+07   0.967720E+07   0.596759E+02
   0.451137E-02   0.180761E+08   0.180710E+08  -0.135723E+05  -0.222342E+05   0.000000E+00   0.180753E+08   0.180753E+08   0.180753E+08  -0.429620E+00   0.947638E+07   0.947572E+07   0.483449E+02
   0.548674E-02   0.176083E+08   0.176021E+08  -0.121024E+05  -0.146422E+05   0.000000E+00   0.176073E+08   0.176073E+08   0.176073E+08  -0.418495E+00   0.923099E+07   0.923034E+07   0.395380E+02
   0.667298E-02   0.170455E+08   0.170380E+08  -0.102647E+05  -0.958241E+04   0.000000E+00   0.170443E+08   0.170443E+08   0.170443E+08  -0.405114E+00   0.893582E+07   0.893518E+07   0.321340E+02
   0.811570E-02   0.163765E+08   0.163671E+08  -0.635285E+04  -0.622391E+04   0.000000E+00   0.163751E+08   0.163751E+08   0.163751E+08  -0.389207E+00   0.858496E+07   0.858432E+07   0.261556E+02
   0.987034E-02   0.155921E+08   0.155800E+08   0.173798E+04  -0.400608E+04   0.000000E+00   0.155902E+08   0.155902E+08   0.155902E+08  -0.370552E+00   0.817347E+07   0.817284E+07   0.214039E+02
   0.120043E-01   0.146781E+08   0.146622E+08  -0.212043E+04  -0.254948E+04   0.000000E+00   0.146756E+08   0.146756E+08   0.146756E+08  -0.348813E+00   0.769398E+07   0.769335E+07   0.175975E+02
   0.145997E-01   0.136323E+08   0.136115E+08   0.361989E+03  -0.160071E+04   0.000000E+00   0.136291E+08   0.136291E+08   0.136291E+08  -0.323939E+00   0.714531E+07   0.714467E+07   0.145860E+02
   0.177562E-01   0.124412E+08   0.124143E+08  -0.115609E+04  -0.987544E+03   0.000000E+00   0.124371E+08   0.124371E+08   0.124371E+08  -0.295607E+00   0.652038E+07   0.651974E+07   0.121581E+02
   0.215952E-01   0.111182E+08   0.110841E+08  -0.737693E+02  -0.596573E+03   0.000000E+00   0.111129E+08   0.111129E+08   0.111129E+08  -0.264135E+00   0.582620E+07   0.582554E+07   0.101568E+02
   0.259142E-01   0.978732E+07   0.974655E+07   0.223269E+02  -0.364641E+03   0.000000E+00   0.978102E+07   0.978102E+07   0.978102E+07  -0.232477E+00   0.512792E+07   0.512726E+07   0.849981E+01
   0.302332E-01   0.862869E+07   0.858358E+07  -0.705588E+02  -0.236151E+03   0.000000E+00   0.862171E+07   0.862171E+07   0.862171E+07  -0.204923E+00   0.452014E+07   0.451949E+07   0.714810E+01
   0.345522E-01   0.764399E+07   0.759727E+07  -0.252274E+02  -0.160151E+03   0.000000E+00   0.763676E+07   0.763676E+07   0.763676E+07  -0.181512E+00   0.400376E+07   0.400314E+07   0.596222E+01
   0.388713E-01   0.682810E+07   0.678251E+07  -0.193401E+02  -0.113024E+03   0.000000E+00   0.682104E+07   0.682104E+07   0.682104E+07  -0.162124E+00   0.357611E+07   0.357554E+07   0.489511E+01
   0.431903E-01   0.616742E+07   0.612527E+07  -0.181961E+02  -0.826887E+02   0.000000E+00   0.616090E+07   0.616090E+07   0.616090E+07  -0.146434E+00   0.323001E+07   0.322950E+07   0.394163E+01
   0.475093E-01   0.563896E+07   0.560189E+07   0.124662E+03  -0.624840E+02   0.000000E+00   0.563323E+07   0.563323E+07   0.563323E+07  -0.133892E+00   0.295336E+07   0.295292E+07   0.311229E+01
   0.518284E-01   0.522255E+07   0.519133E+07   0.970270E+02  -0.486303E+02   0.000000E+00   0.521772E+07   0.521772E+07   0.521772E+07  -0.124016E+00   0.273551E+07   0.273514E+07   0.242024E+01
   0.561474E-01   0.488318E+07   0.485777E+07   0.773131E+02  -0.387477E+02   0.000000E+00   0.487925E+07   0.487925E+07   0.487925E+07  -0.115971E+00   0.255806E+07   0.255774E+07   0.187021E+01
   0.604664E-01   0.459660E+07   0.457625E+07   0.627598E+02  -0.314525E+02   0.000000E+00   0.459345E+07   0.459345E+07   0.459345E+07  -0.109178E+00   0.240822E+07   0.240795E+07   0.145886E+01
   0.647855E-01   0.433951E+07   0.432299E+07   0.516190E+02  -0.258683E+02   0.000000E+00   0.433695E+07   0.433695E+07   0.433695E+07  -0.103082E+00   0.227374E+07   0.227351E+07   0.117256E+01
   0.691045E-01   0.409603E+07   0.408189E+07   0.428254E+02  -0.214612E+02   0.000000E+00   0.409384E+07   0.409384E+07   0.409384E+07  -0.973033E-01   0.214628E+07   0.214607E+07   0.990354E+00
   0.734235E-01   0.385668E+07   0.384354E+07   0.357188E+02  -0.178999E+02   0.000000E+00   0.385464E+07   0.385464E+07   0.385464E+07  -0.916180E-01   0.202088E+07   0.202068E+07   0.886853E+00
   0.777425E-01   0.361890E+07   0.360563E+07   0.298944E+02  -0.149814E+02   0.000000E+00   0.361684E+07   0.361684E+07   0.361684E+07  -0.859659E-01   0.189621E+07   0.189601E+07   0.835639E+00
   0.820616E-01   0.338482E+07   0.337069E+07   0.250925E+02  -0.125754E+02   0.000000E+00   0.338264E+07   0.338264E+07   0.338264E+07  -0.803992E-01   0.177342E+07   0.177322E+07   0.812292E+00
   0.863806E-01   0.316004E+07   0.314476E+07   0.211394E+02  -0.105947E+02   0.000000E+00   0.315767E+07   0.315767E+07   0.315767E+07  -0.750523E-01   0.165548E+07   0.165528E+07   0.796877E+00
   0.906996E-01   0.295046E+07   0.293416E+07   0.179001E+02  -0.897156E+01   0.000000E+00   0.294794E+07   0.294794E+07   0.294794E+07  -0.700672E-01   0.154553E+07   0.154532E+07   0.775312E+00
   0.960627E-01   0.271922E+07   0.270230E+07   0.147047E+02  -0.737029E+01   0.000000E+00   0.271661E+07   0.271661E+07   0.271661E+07  -0.645689E-01   0.142425E+07   0.142404E+07   0.728843E+00
   0.101426E+00   0.252654E+07   0.250998E+07   0.122553E+02  -0.614269E+01   0.000000E+00   0.252398E+07   0.252398E+07   0.252398E+07  -0.599904E-01   0.132326E+07   0.132306E+07   0.658586E+00
   0.106789E+00   0.237336E+07   0.235811E+07   0.103853E+02  -0.520531E+01   0.000000E+00   0.237100E+07   0.237100E+07   0.237100E+07  -0.563544E-01   0.124305E+07   0.124287E+07   0.571543E+00
   0.112152E+00   0.225323E+07   0.223993E+07   0.894011E+01  -0.448080E+01   0.000000E+00   0.225117E+07   0.225117E+07   0.225117E+07  -0.535063E-01   0.118023E+07   0.118007E+07   0.479542E+00
   0.117515E+00   0.215508E+07   0.214394E+07   0.778912E+01  -0.390374E+01   0.000000E+00   0.215336E+07   0.215336E+07   0.215336E+07  -0.511814E-01   0.112895E+07   0.112881E+07   0.394739E+00
   0.122878E+00   0.206766E+07   0.205845E+07   0.683598E+01  -0.342590E+01   0.000000E+00   0.206624E+07   0.206624E+07   0.206624E+07  -0.491107E-01   0.108327E+07   0.108315E+07   0.326285E+00
   0.128241E+00   0.198209E+07   0.197426E+07   0.601699E+01  -0.301538E+01   0.000000E+00   0.198088E+07   0.198088E+07   0.198088E+07  -0.470819E-01   0.103852E+07   0.103841E+07   0.278481E+00
   0.133604E+00   0.189287E+07   0.188573E+07   0.529426E+01  -0.265317E+01   0.000000E+00   0.189176E+07   0.189176E+07   0.189176E+07  -0.449639E-01   0.991797E+06   0.991697E+06   0.250600E+00
   0.138967E+00   0.179859E+07   0.179152E+07   0.464963E+01  -0.233015E+01   0.000000E+00   0.179750E+07   0.179750E+07   0.179750E+07  -0.427233E-01   0.942377E+06   0.942278E+06   0.238079E+00
   0.144330E+00   0.170158E+07   0.169414E+07   0.407766E+01  -0.204357E+01   0.000000E+00   0.170043E+07   0.170043E+07   0.170043E+07  -0.404162E-01   0.891488E+06   0.891386E+06   0.234412E+00
   0.149694E+00   0.160614E+07   0.159818E+07   0.357769E+01  -0.179307E+01   0.000000E+00   0.160491E+07   0.160491E+07   0.160491E+07  -0.381458E-01   0.841410E+06   0.841305E+06   0.233057E+00
   0.155057E+00   0.151689E+07   0.150850E+07   0.314884E+01  -0.157819E+01   0.000000E+00   0.151559E+07   0.151559E+07   0.151559E+07  -0.360228E-01   0.794583E+06   0.794476E+06   0.228956E+00
   0.160420E+00   0.143779E+07   0.142927E+07   0.278821E+01  -0.139748E+01   0.000000E+00   0.143647E+07   0.143647E+07   0.143647E+07  -0.341423E-01   0.753104E+06   0.752998E+06   0.219390E+00
   0.165783E+00   0.137116E+07   0.136287E+07   0.248969E+01  -0.124786E+01   0.000000E+00   0.136987E+07   0.136987E+07   0.136987E+07  -0.325594E-01   0.718189E+06   0.718088E+06   0.204074E+00
   0.171146E+00   0.131667E+07   0.130893E+07   0.224335E+01  -0.112437E+01   0.000000E+00   0.131547E+07   0.131547E+07   0.131547E+07  -0.312664E-01   0.689668E+06   0.689573E+06   0.184609E+00
   0.176509E+00   0.127162E+07   0.126464E+07   0.203709E+01  -0.102097E+01   0.000000E+00   0.127054E+07   0.127054E+07   0.127054E+07  -0.301985E-01   0.666111E+06   0.666024E+06   0.163610E+00
   0.181872E+00   0.123234E+07   0.122616E+07   0.185962E+01  -0.931997E+00   0.000000E+00   0.123139E+07   0.123139E+07   0.123139E+07  -0.292679E-01   0.645583E+06   0.645504E+06   0.143819E+00
   0.187235E+00   0.119541E+07   0.118993E+07   0.170216E+01  -0.853060E+00   0.000000E+00   0.119456E+07   0.119456E+07   0.119456E+07  -0.283925E-01   0.626273E+06   0.626202E+06   0.127372E+00
   0.192598E+00   0.115807E+07   0.115309E+07   0.155852E+01  -0.781062E+00   0.000000E+00   0.115730E+07   0.115730E+07   0.115730E+07  -0.275069E-01   0.606739E+06   0.606672E+06   0.115362E+00
   0.197961E+00   0.111864E+07   0.111393E+07   0.142502E+01  -0.714154E+00   0.000000E+00   0.111791E+07   0.111791E+07   0.111791E+07  -0.265708E-01   0.586091E+06   0.586027E+06   0.107750E+00
   0.203324E+00   0.107691E+07   0.107223E+07   0.130041E+01  -0.651710E+00   0.000000E+00   0.107619E+07   0.107619E+07   0.107619E+07  -0.255791E-01   0.564215E+06   0.564152E+06   0.103599E+00
   0.208687E+00   0.103402E+07   0.102924E+07   0.118520E+01  -0.593985E+00   0.000000E+00   0.103328E+07   0.103328E+07   0.103328E+07  -0.245593E-01   0.541722E+06   0.541658E+06   0.101477E+00
   0.214050E+00   0.991801E+06   0.986872E+06   0.108048E+01  -0.541515E+00   0.000000E+00   0.991038E+06   0.991038E+06   0.991038E+06  -0.235552E-01   0.519574E+06   0.519510E+06   0.998945E-01
   0.219414E+00   0.952021E+06   0.946982E+06   0.987003E+00  -0.494675E+00   0.000000E+00   0.951241E+06   0.951241E+06   0.951241E+06  -0.226093E-01   0.498710E+06   0.498646E+06   0.976583E-01
   0.224777E+00   0.916010E+06   0.910964E+06   0.904856E+00  -0.453509E+00   0.000000E+00   0.915230E+06   0.915230E+06   0.915230E+06  -0.217534E-01   0.479830E+06   0.479767E+06   0.940959E-01
   0.230140E+00   0.884421E+06   0.879495E+06   0.833399E+00  -0.417695E+00   0.000000E+00   0.883659E+06   0.883659E+06   0.883659E+06  -0.210030E-01   0.463279E+06   0.463217E+06   0.891019E-01
   0.235503E+00   0.857117E+06   0.852424E+06   0.771318E+00  -0.386578E+00   0.000000E+00   0.856391E+06   0.856391E+06   0.856391E+06  -0.203549E-01   0.448983E+06   0.448924E+06   0.830394E-01
   0.240866E+00   0.833298E+06   0.828910E+06   0.716890E+00  -0.359294E+00   0.000000E+00   0.832619E+06   0.832619E+06   0.832619E+06  -0.197899E-01   0.436520E+06   0.436464E+06   0.765472E-01
   0.246229E+00   0.811779E+06   0.807713E+06   0.668319E+00  -0.334946E+00   0.000000E+00   0.811150E+06   0.811150E+06   0.811150E+06  -0.192796E-01   0.425264E+06   0.425212E+06   0.703194E-01
   0.251592E+00   0.791284E+06   0.787506E+06   0.623996E+00  -0.312728E+00   0.000000E+00   0.790699E+06   0.790699E+06   0.790699E+06  -0.187935E-01   0.414542E+06   0.414493E+06   0.649149E-01
   0.256955E+00   0.770730E+06   0.767172E+06   0.582698E+00  -0.292028E+00   0.000000E+00   0.770180E+06   0.770180E+06   0.770180E+06  -0.183058E-01   0.403784E+06   0.403737E+06   0.606422E-01
   0.262318E+00   0.749521E+06   0.746096E+06   0.543734E+00  -0.272500E+00   0.000000E+00   0.748992E+06   0.748992E+06   0.748992E+06  -0.178022E-01   0.392675E+06   0.392630E+06   0.575319E-01
   0.267681E+00   0.727650E+06   0.724282E+06   0.506922E+00  -0.254053E+00   0.000000E+00   0.727129E+06   0.727129E+06   0.727129E+06  -0.172826E-01   0.381214E+06   0.381169E+06   0.553807E-01
   0.273044E+00   0.705534E+06   0.702170E+06   0.472383E+00  -0.236745E+00   0.000000E+00   0.705014E+06   0.705014E+06   0.705014E+06  -0.167569E-01   0.369619E+06   0.369575E+06   0.538399E-01
   0.278407E+00   0.683749E+06   0.680367E+06   0.440314E+00  -0.220676E+00   0.000000E+00   0.683226E+06   0.683226E+06   0.683226E+06  -0.162390E-01   0.358196E+06   0.358152E+06   0.525231E-01
   0.283771E+00   0.662879E+06   0.659491E+06   0.410879E+00  -0.205925E+00   0.000000E+00   0.662355E+06   0.662355E+06   0.662355E+06  -0.157430E-01   0.347255E+06   0.347211E+06   0.511055E-01
   0.289134E+00   0.643436E+06   0.640073E+06   0.384161E+00  -0.192536E+00   0.000000E+00   0.642916E+06   0.642916E+06   0.642916E+06  -0.152810E-01   0.337063E+06   0.337020E+06   0.493892E-01
   0.294497E+00   0.625722E+06   0.622426E+06   0.360099E+00  -0.180477E+00   0.000000E+00   0.625212E+06   0.625212E+06   0.625212E+06  -0.148602E-01   0.327782E+06   0.327740E+06   0.473227E-01
   0.299860E+00   0.609721E+06   0.606532E+06   0.338454E+00  -0.169628E+00   0.000000E+00   0.609228E+06   0.609228E+06   0.609228E+06  -0.144802E-01   0.319401E+06   0.319361E+06   0.449800E-01
   0.305223E+00   0.595140E+06   0.592084E+06   0.318859E+00  -0.159806E+00   0.000000E+00   0.594667E+06   0.594667E+06   0.594667E+06  -0.141342E-01   0.311768E+06   0.311729E+06   0.425161E-01
   0.310586E+00   0.581559E+06   0.578644E+06   0.300921E+00  -0.150815E+00   0.000000E+00   0.581108E+06   0.581108E+06   0.581108E+06  -0.138119E-01   0.304659E+06   0.304621E+06   0.401133E-01
   0.315949E+00   0.568556E+06   0.565773E+06   0.284297E+00  -0.142482E+00   0.000000E+00   0.568125E+06   0.568125E+06   0.568125E+06  -0.135033E-01   0.297852E+06   0.297816E+06   0.379298E-01
   0.321312E+00   0.555768E+06   0.553094E+06   0.268707E+00  -0.134668E+00   0.000000E+00   0.555354E+06   0.555354E+06   0.555354E+06  -0.131998E-01   0.291157E+06   0.291122E+06   0.360630E-01
   0.326675E+00   0.542948E+06   0.540354E+06   0.253962E+00  -0.127278E+00   0.000000E+00   0.542547E+06   0.542547E+06   0.542547E+06  -0.128954E-01   0.284442E+06   0.284408E+06   0.345361E-01
   0.332038E+00   0.530029E+06   0.527486E+06   0.239974E+00  -0.120268E+00   0.000000E+00   0.529636E+06   0.529636E+06   0.529636E+06  -0.125885E-01   0.277673E+06   0.277640E+06   0.333065E-01
   0.337401E+00   0.517116E+06   0.514605E+06   0.226741E+00  -0.113637E+00   0.000000E+00   0.516727E+06   0.516727E+06   0.516727E+06  -0.122817E-01   0.270906E+06   0.270873E+06   0.322878E-01
   0.342764E+00   0.504411E+06   0.501921E+06   0.214300E+00  -0.107402E+00   0.000000E+00   0.504026E+06   0.504026E+06   0.504026E+06  -0.119798E-01   0.264247E+06   0.264215E+06   0.313764E-01
   0.348127E+00   0.492126E+06   0.489657E+06   0.202685E+00  -0.101582E+00   0.000000E+00   0.491744E+06   0.491744E+06   0.491744E+06  -0.116879E-01   0.257808E+06   0.257776E+06   0.304788E-01
   0.353491E+00   0.480434E+06   0.477996E+06   0.191909E+00  -0.961812E-01   0.000000E+00   0.480057E+06   0.480057E+06   0.480057E+06  -0.114101E-01   0.251681E+06   0.251650E+06   0.295308E-01
   0.358854E+00   0.469443E+06   0.467047E+06   0.181955E+00  -0.911923E-01   0.000000E+00   0.469072E+06   0.469072E+06   0.469072E+06  -0.111490E-01   0.245922E+06   0.245891E+06   0.285071E-01
   0.364217E+00   0.459166E+06   0.456826E+06   0.172769E+00  -0.865885E-01   0.000000E+00   0.458804E+06   0.458804E+06   0.458804E+06  -0.109049E-01   0.240538E+06   0.240508E+06   0.274186E-01
   0.369580E+00   0.449523E+06   0.447250E+06   0.164269E+00  -0.823281E-01   0.000000E+00   0.449171E+06   0.449171E+06   0.449171E+06  -0.106760E-01   0.235488E+06   0.235459E+06   0.263014E-01
   0.374943E+00   0.440378E+06   0.438175E+06   0.156358E+00  -0.783631E-01   0.000000E+00   0.440038E+06   0.440038E+06   0.440038E+06  -0.104589E-01   0.230700E+06   0.230671E+06   0.252033E-01
   0.380306E+00   0.431587E+06   0.429451E+06   0.148947E+00  -0.746485E-01   0.000000E+00   0.431257E+06   0.431257E+06   0.431257E+06  -0.102502E-01   0.226096E+06   0.226069E+06   0.241693E-01
   0.385669E+00   0.423022E+06   0.420946E+06   0.141959E+00  -0.711466E-01   0.000000E+00   0.422700E+06   0.422700E+06   0.422700E+06  -0.100468E-01   0.221610E+06   0.221583E+06   0.232313E-01
   0.391032E+00   0.414582E+06   0.412556E+06   0.135338E+00  -0.678278E-01   0.000000E+00   0.414268E+06   0.414268E+06   0.414268E+06  -0.984642E-02   0.217189E+06   0.217163E+06   0.224012E-01
   0.396395E+00   0.406216E+06   0.404231E+06   0.129043E+00  -0.646730E-01   0.000000E+00   0.405909E+06   0.405909E+06   0.405909E+06  -0.964774E-02   0.212807E+06   0.212781E+06   0.216718E-01
   0.401758E+00   0.397938E+06   0.395985E+06   0.123060E+00  -0.616747E-01   0.000000E+00   0.397636E+06   0.397636E+06   0.397636E+06  -0.945110E-02   0.208470E+06   0.208444E+06   0.210221E-01
   0.407121E+00   0.389811E+06   0.387885E+06   0.117391E+00  -0.588336E-01   0.000000E+00   0.389513E+06   0.389513E+06   0.389513E+06  -0.925802E-02   0.204211E+06   0.204186E+06   0.204245E-01
   0.412484E+00   0.381907E+06   0.380006E+06   0.112039E+00  -0.561513E-01   0.000000E+00   0.381613E+06   0.381613E+06   0.381613E+06  -0.907026E-02   0.200069E+06   0.200045E+06   0.198515E-01
   0.417848E+00   0.374278E+06   0.372404E+06   0.106999E+00  -0.536258E-01   0.000000E+00   0.373988E+06   0.373988E+06   0.373988E+06  -0.888903E-02   0.196072E+06   0.196047E+06   0.192816E-01
   0.423211E+00   0.366955E+06   0.365112E+06   0.102264E+00  -0.512524E-01   0.000000E+00   0.366669E+06   0.366669E+06   0.366669E+06  -0.871508E-02   0.192235E+06   0.192211E+06   0.187034E-01
   0.428574E+00   0.359955E+06   0.358147E+06   0.978180E-01  -0.490243E-01   0.000000E+00   0.359675E+06   0.359675E+06   0.359675E+06  -0.854884E-02   0.188568E+06   0.188545E+06   0.181162E-01
   0.433937E+00   0.353272E+06   0.351502E+06   0.936439E-01  -0.469323E-01   0.000000E+00   0.352998E+06   0.352998E+06   0.352998E+06  -0.839013E-02   0.185067E+06   0.185044E+06   0.175275E-01
   0.439300E+00   0.346863E+06   0.345131E+06   0.897139E-01  -0.449626E-01   0.000000E+00   0.346595E+06   0.346595E+06   0.346595E+06  -0.823793E-02   0.181710E+06   0.181688E+06   0.169490E-01
   0.444663E+00   0.340664E+06   0.338972E+06   0.859986E-01  -0.431005E-01   0.000000E+00   0.340402E+06   0.340402E+06   0.340402E+06  -0.809076E-02   0.178464E+06   0.178442E+06   0.163930E-01
   0.450026E+00   0.334629E+06   0.332973E+06   0.824739E-01  -0.413340E-01   0.000000E+00   0.334373E+06   0.334373E+06   0.334373E+06  -0.794744E-02   0.175302E+06   0.175281E+06   0.158695E-01
   0.455389E+00   0.328729E+06   0.327107E+06   0.791228E-01  -0.396545E-01   0.000000E+00   0.328478E+06   0.328478E+06   0.328478E+06  -0.780733E-02   0.172212E+06   0.172191E+06   0.153838E-01
   0.460752E+00   0.322943E+06   0.321351E+06   0.759313E-01  -0.380550E-01   0.000000E+00   0.322697E+06   0.322697E+06   0.322697E+06  -0.766992E-02   0.169181E+06   0.169160E+06   0.149357E-01
   0.466115E+00   0.317256E+06   0.315690E+06   0.728874E-01  -0.365295E-01   0.000000E+00   0.317014E+06   0.317014E+06   0.317014E+06  -0.753486E-02   0.166202E+06   0.166181E+06   0.145203E-01
   0.471478E+00   0.311673E+06   0.310131E+06   0.699848E-01  -0.350748E-01   0.000000E+00   0.311434E+06   0.311434E+06   0.311434E+06  -0.740224E-02   0.163277E+06   0.163257E+06   0.141301E-01
   0.476841E+00   0.306220E+06   0.304700E+06   0.672220E-01  -0.336902E-01   0.000000E+00   0.305984E+06   0.305984E+06   0.305984E+06  -0.727270E-02   0.160419E+06   0.160400E+06   0.137571E-01
   0.482204E+00   0.300921E+06   0.299423E+06   0.645975E-01  -0.323748E-01   0.000000E+00   0.300689E+06   0.300689E+06   0.300689E+06  -0.714685E-02   0.157643E+06   0.157624E+06   0.133946E-01
   0.487568E+00   0.295786E+06   0.294312E+06   0.621059E-01  -0.311261E-01   0.000000E+00   0.295558E+06   0.295558E+06   0.295558E+06  -0.702489E-02   0.154953E+06   0.154934E+06   0.130377E-01
   0.492931E+00   0.290814E+06   0.289363E+06   0.597404E-01  -0.299406E-01   0.000000E+00   0.290589E+06   0.290589E+06   0.290589E+06  -0.690679E-02   0.152348E+06   0.152329E+06   0.126847E-01
   0.498294E+00   0.286003E+06   0.284577E+06   0.574943E-01  -0.288149E-01   0.000000E+00   0.285782E+06   0.285782E+06   0.285782E+06  -0.679254E-02   0.149828E+06   0.149809E+06   0.123364E-01
   0.503657E+00   0.281349E+06   0.279948E+06   0.553606E-01  -0.277455E-01   0.000000E+00   0.281132E+06   0.281132E+06   0.281132E+06  -0.668200E-02   0.147390E+06   0.147372E+06   0.119954E-01
   0.509020E+00   0.276833E+06   0.275457E+06   0.533303E-01  -0.267280E-01   0.000000E+00   0.276620E+06   0.276620E+06   0.276620E+06  -0.657476E-02   0.145024E+06   0.145006E+06   0.116649E-01
   0.514383E+00   0.272432E+06   0.271080E+06   0.513939E-01  -0.257575E-01   0.000000E+00   0.272223E+06   0.272223E+06   0.272223E+06  -0.647025E-02   0.142719E+06   0.142702E+06   0.113477E-01
   0.519746E+00   0.268131E+06   0.266802E+06   0.495440E-01  -0.248303E-01   0.000000E+00   0.267925E+06   0.267925E+06   0.267925E+06  -0.636810E-02   0.140466E+06   0.140448E+06   0.110455E-01
   0.525109E+00   0.263922E+06   0.262615E+06   0.477753E-01  -0.239439E-01   0.000000E+00   0.263720E+06   0.263720E+06   0.263720E+06  -0.626814E-02   0.138261E+06   0.138244E+06   0.107590E-01
   0.530472E+00   0.259801E+06   0.258514E+06   0.460833E-01  -0.230959E-01   0.000000E+00   0.259602E+06   0.259602E+06   0.259602E+06  -0.617028E-02   0.136102E+06   0.136086E+06   0.104873E-01
   0.535835E+00   0.255764E+06   0.254496E+06   0.444635E-01  -0.222841E-01   0.000000E+00   0.255568E+06   0.255568E+06   0.255568E+06  -0.607439E-02   0.133987E+06   0.133971E+06   0.102282E-01
   0.541198E+00   0.251810E+06   0.250561E+06   0.429129E-01  -0.215070E-01   0.000000E+00   0.251617E+06   0.251617E+06   0.251617E+06  -0.598049E-02   0.131916E+06   0.131900E+06   0.997953E-02
   0.546561E+00   0.247949E+06   0.246718E+06   0.414296E-01  -0.207636E-01   0.000000E+00   0.247759E+06   0.247759E+06   0.247759E+06  -0.588878E-02   0.129893E+06   0.129877E+06   0.973900E-02
   0.551925E+00   0.244187E+06   0.242973E+06   0.400118E-01  -0.200530E-01   0.000000E+00   0.243999E+06   0.243999E+06   0.243999E+06  -0.579941E-02   0.127922E+06   0.127906E+06   0.950496E-02
   0.557288E+00   0.240522E+06   0.239326E+06   0.386565E-01  -0.193738E-01   0.000000E+00   0.240337E+06   0.240337E+06   0.240337E+06  -0.571239E-02   0.126002E+06   0.125987E+06   0.927631E-02
   0.562651E+00   0.236952E+06   0.235773E+06   0.373601E-01  -0.187241E-01   0.000000E+00   0.236769E+06   0.236769E+06   0.236769E+06  -0.562759E-02   0.124132E+06   0.124116E+06   0.905268E-02
   0.568014E+00   0.233472E+06   0.232312E+06   0.361196E-01  -0.181024E-01   0.000000E+00   0.233293E+06   0.233293E+06   0.233293E+06  -0.554495E-02   0.122309E+06   0.122294E+06   0.883440E-02
   0.573377E+00   0.230082E+06   0.228939E+06   0.349324E-01  -0.175073E-01   0.000000E+00   0.229905E+06   0.229905E+06   0.229905E+06  -0.546444E-02   0.120533E+06   0.120518E+06   0.862221E-02
   0.578740E+00   0.226774E+06   0.225648E+06   0.337951E-01  -0.169373E-01   0.000000E+00   0.226600E+06   0.226600E+06   0.226600E+06  -0.538588E-02   0.118800E+06   0.118786E+06   0.841682E-02
   0.584103E+00   0.223539E+06   0.222430E+06   0.327040E-01  -0.163905E-01   0.000000E+00   0.223367E+06   0.223367E+06   0.223367E+06  -0.530904E-02   0.117105E+06   0.117091E+06   0.821867E-02
   0.589466E+00   0.220370E+06   0.219277E+06   0.316564E-01  -0.158655E-01   0.000000E+00   0.220201E+06   0.220201E+06   0.220201E+06  -0.523378E-02   0.115445E+06   0.115431E+06   0.802796E-02
   0.594829E+00   0.217267E+06   0.216190E+06   0.306504E-01  -0.153613E-01   0.000000E+00   0.217100E+06   0.217100E+06   0.217100E+06  -0.516008E-02   0.113820E+06   0.113806E+06   0.784457E-02
   0.600192E+00   0.214230E+06   0.213167E+06   0.296842E-01  -0.148771E-01   0.000000E+00   0.214065E+06   0.214065E+06   0.214065E+06  -0.508794E-02   0.112228E+06   0.112215E+06   0.766808E-02
   0.605555E+00   0.211254E+06   0.210206E+06   0.287557E-01  -0.144117E-01   0.000000E+00   0.211092E+06   0.211092E+06   0.211092E+06  -0.501727E-02   0.110670E+06   0.110656E+06   0.749772E-02
   0.610918E+00   0.208338E+06   0.207304E+06   0.278631E-01  -0.139644E-01   0.000000E+00   0.208178E+06   0.208178E+06   0.208178E+06  -0.494802E-02   0.109142E+06   0.109129E+06   0.733272E-02
   0.616281E+00   0.205485E+06   0.204465E+06   0.270052E-01  -0.135344E-01   0.000000E+00   0.205327E+06   0.205327E+06   0.205327E+06  -0.488026E-02   0.107647E+06   0.107634E+06   0.717248E-02
   0.621645E+00   0.202697E+06   0.201690E+06   0.261811E-01  -0.131214E-01   0.000000E+00   0.202541E+06   0.202541E+06   0.202541E+06  -0.481404E-02   0.106187E+06   0.106174E+06   0.701655E-02
   0.627008E+00   0.199972E+06   0.198978E+06   0.253892E-01  -0.127245E-01   0.000000E+00   0.199818E+06   0.199818E+06   0.199818E+06  -0.474931E-02   0.104759E+06   0.104746E+06   0.686463E-02
   0.680214E+00   0.175824E+06   0.174951E+06   0.189676E-01  -0.950616E-02   0.000000E+00   0.175689E+06   0.175689E+06   0.175689E+06  -0.417581E-02   0.921088E+05   0.920974E+05   0.557182E-02
   0.737935E+00   0.154450E+06   0.153683E+06   0.141572E-01  -0.709527E-02   0.000000E+00   0.154331E+06   0.154331E+06   0.154331E+06  -0.366817E-02   0.809115E+05   0.809015E+05   0.452170E-02
   0.800554E+00   0.135562E+06   0.134889E+06   0.105580E-01  -0.529146E-02   0.000000E+00   0.135458E+06   0.135458E+06   0.135458E+06  -0.321959E-02   0.710169E+05   0.710081E+05   0.366845E-02
   0.868486E+00   0.118888E+06   0.118298E+06   0.786752E-02  -0.394304E-02   0.000000E+00   0.118797E+06   0.118797E+06   0.118797E+06  -0.282359E-02   0.622819E+05   0.622742E+05   0.297530E-02
   0.942183E+00   0.104184E+06   0.103668E+06   0.585810E-02  -0.293596E-02   0.000000E+00   0.104104E+06   0.104104E+06   0.104104E+06  -0.247438E-02   0.545791E+05   0.545723E+05   0.241267E-02
   0.101542E+01   0.922207E+05   0.917631E+05   0.446437E-02  -0.223745E-02   0.000000E+00   0.921499E+05   0.921499E+05   0.921499E+05  -0.219024E-02   0.483117E+05   0.483056E+05   0.198980E-02
   0.126811E+01   0.639799E+05   0.636623E+05   0.198588E-02  -0.995291E-03   0.000000E+00   0.639307E+05   0.639307E+05   0.639307E+05  -0.151952E-02   0.335171E+05   0.335129E+05   0.112401E-02
   0.158368E+01   0.441743E+05   0.439550E+05   0.879140E-03  -0.440613E-03   0.000000E+00   0.441404E+05   0.441404E+05   0.441404E+05  -0.104914E-02   0.231416E+05   0.231386E+05   0.637615E-03
   0.197777E+01   0.303674E+05   0.302164E+05   0.387499E-03  -0.194212E-03   0.000000E+00   0.303440E+05   0.303440E+05   0.303440E+05  -0.721223E-03   0.159085E+05   0.159064E+05   0.364942E-03
   0.246994E+01   0.207937E+05   0.206901E+05   0.170125E-03  -0.852671E-04   0.000000E+00   0.207776E+05   0.207776E+05   0.207776E+05  -0.493847E-03   0.108932E+05   0.108916E+05   0.212059E-03
   0.308458E+01   0.141872E+05   0.141163E+05   0.744222E-04  -0.373018E-04   0.000000E+00   0.141762E+05   0.141762E+05   0.141762E+05  -0.336943E-03   0.743221E+04   0.743104E+04   0.126060E-03
   0.385217E+01   0.964790E+04   0.959955E+04   0.324492E-04  -0.162649E-04   0.000000E+00   0.964042E+04   0.964042E+04   0.964042E+04  -0.229135E-03   0.505422E+04   0.505333E+04   0.773168E-04
   0.481078E+01   0.654117E+04   0.650818E+04   0.141053E-04  -0.707068E-05   0.000000E+00   0.653607E+04   0.653607E+04   0.653607E+04  -0.155351E-03   0.342670E+04   0.342599E+04   0.493202E-04
   0.600794E+01   0.442241E+04   0.439988E+04   0.611401E-05  -0.306518E-05   0.000000E+00   0.441893E+04   0.441893E+04   0.441893E+04  -0.105030E-03   0.231674E+04   0.231615E+04   0.329033E-04
   0.750301E+01   0.298205E+04   0.296661E+04   0.264301E-05  -0.132528E-05   0.000000E+00   0.297966E+04   0.297966E+04   0.297966E+04  -0.708211E-04   0.156218E+04   0.156166E+04   0.229893E-04
   0.937012E+01   0.200569E+04   0.199506E+04   0.113955E-05  -0.571559E-06   0.000000E+00   0.200404E+04   0.200404E+04   0.200404E+04  -0.476325E-04   0.105069E+04   0.105022E+04   0.167684E-04
   0.117019E+02   0.134559E+04   0.133820E+04   0.490019E-06  -0.245884E-06   0.000000E+00   0.134445E+04   0.134445E+04   0.134445E+04  -0.319551E-04   0.704883E+03   0.704438E+03   0.126830E-04
   0.146139E+02   0.900353E+03   0.895132E+03   0.210115E-06  -0.105504E-06   0.000000E+00   0.899545E+03   0.899545E+03   0.899545E+03  -0.213806E-04   0.471633E+03   0.471201E+03   0.986505E-05
   0.182505E+02   0.600655E+03   0.596887E+03   0.898018E-07  -0.451397E-07   0.000000E+00   0.600072E+03   0.600072E+03   0.600072E+03  -0.142626E-04   0.314629E+03   0.314201E+03   0.782589E-05
   0.227921E+02   0.399284E+03   0.396483E+03   0.382254E-07  -0.192461E-07   0.000000E+00   0.398851E+03   0.398851E+03   0.398851E+03  -0.947996E-05   0.209135E+03   0.208705E+03   0.628553E-05
   0.284639E+02   0.264175E+03   0.262018E+03   0.161827E-07  -0.816890E-08   0.000000E+00   0.263841E+03   0.263841E+03   0.263841E+03  -0.627103E-05   0.138354E+03   0.137921E+03   0.507900E-05
   0.355471E+02   0.173623E+03   0.171893E+03   0.679766E-08  -0.344522E-08   0.000000E+00   0.173355E+03   0.173355E+03   0.173355E+03  -0.412035E-05   0.909155E+02   0.904780E+02   0.410514E-05
   0.443930E+02   0.112975E+03   0.111534E+03   0.282194E-08  -0.143923E-08   0.000000E+00   0.112752E+03   0.112752E+03   0.112752E+03  -0.267991E-05   0.591432E+02   0.587043E+02   0.329857E-05
   0.554402E+02   0.723703E+02   0.711334E+02   0.115007E-08  -0.592310E-09   0.000000E+00   0.721789E+02   0.721789E+02   0.721789E+02  -0.171556E-05   0.378718E+02   0.374373E+02   0.261448E-05
   0.692364E+02   0.451989E+02   0.441227E+02   0.454979E-09  -0.237918E-09   0.000000E+00   0.450324E+02   0.450324E+02   0.450324E+02  -0.107034E-05   0.236387E+02   0.232193E+02   0.202073E-05
   0.864658E+02   0.270565E+02   0.261314E+02   0.171339E-09  -0.917474E-10   0.000000E+00   0.269134E+02   0.269134E+02   0.269134E+02  -0.639683E-06   0.141372E+02   0.137499E+02   0.149449E-05
   0.107983E+03   0.150398E+02   0.142860E+02   0.592760E-10  -0.329346E-10   0.000000E+00   0.149232E+02   0.149232E+02   0.149232E+02  -0.354698E-06   0.784724E+01   0.751624E+01   0.102252E-05
   0.134854E+03   0.727165E+01   0.673077E+01   0.175373E-10  -0.103201E-10   0.000000E+00   0.718797E+01   0.718797E+01   0.718797E+01  -0.170845E-06   0.378581E+01   0.354144E+01   0.604477E-06
   0.168412E+03   0.256708E+01   0.228265E+01   0.368811E-11  -0.237317E-11   0.000000E+00   0.252308E+01   0.252308E+01   0.252308E+01  -0.599691E-07   0.133209E+01   0.120178E+01   0.258119E-06
   0.210322E+03   0.165120E+00   0.137997E+00   0.135312E-12  -0.100157E-12   0.000000E+00   0.160924E+00   0.160924E+00   0.160924E+00  -0.382487E-08   0.852704E-01   0.728138E-01   0.197566E-07
   0.262660E+03  -0.544638E+00  -0.413721E+00  -0.237726E-12   0.218150E-12   0.000000E+00  -0.524384E+00  -0.524384E+00  -0.524384E+00   0.124637E-07  -0.279239E+00  -0.219860E+00  -0.754114E-07
   0.328022E+03  -0.290841E+00  -0.191131E+00  -0.601218E-13   0.775889E-13   0.000000E+00  -0.275416E+00  -0.275416E+00  -0.275416E+00   0.654614E-08  -0.147658E+00  -0.103583E+00  -0.448222E-07
   0.409650E+03   0.554296E-01   0.293893E-01   0.441495E-14  -0.988910E-14   0.000000E+00   0.514010E-01   0.514010E-01   0.514010E-01  -0.122171E-08   0.277854E-01   0.167802E-01   0.896160E-08
   0.511591E+03   0.330752E-01   0.129846E-01   0.670967E-15  -0.393342E-14   0.000000E+00   0.299670E-01   0.299670E-01   0.299670E-01  -0.712263E-09   0.163383E-01   0.842423E-02   0.516029E-08
