#          k/h    CDM            baryon         photon         nu             mass_nu        total          no_nu          total_de       Weyl           v_CDM          v_b            v_b-v_c     
   0.104501E-04   0.198309E+08   0.198309E+08   0.264274E+08   0.264270E+08   0.000000E+00   0.198309E+08   0.198309E+08   0.198387E+08  -0.471824E+00   0.103990E+08   0.103990E+08   0.585464E+01
   0.127095E-04   0.198309E+08   0.198309E+08   0.264208E+08   0.264202E+08   0.000000E+00   0.198309E+08   0.198309E+08   0.198386E+08  -0.471824E+00   0.103990E+08   0.103990E+08   0.711995E+01
   0.154573E-04   0.198309E+08   0.198309E+08   0.264110E+08   0.264102E+08   0.000000E+00   0.198309E+08   0.198309E+08   0.198386E+08  -0.471823E+00   0.103990E+08   0.103990E+08   0.865845E+01
   0.187992E-04   0.198308E+08   0.198308E+08   0.263966E+08   0.263953E+08   0.000000E+00   0.198308E+08   0.198308E+08   0.198386E+08  -0.471823E+00   0.103990E+08   0.103990E+08   0.105289E+02
   0.228637E-04   0.198308E+08   0.198308E+08   0.263752E+08   0.263734E+08   0.000000E+00   0.198308E+08   0.198308E+08   0.198385E+08  -0.471821E+00   0.103989E+08   0.103989E+08   0.128025E+02
   0.278068E-04   0.198307E+08   0.198307E+08   0.263436E+08   0.263409E+08   0.000000E+00   0.198307E+08   0.198307E+08   0.198385E+08  -0.471819E+00   0.103989E+08   0.103989E+08   0.155654E+02
   0.338188E-04   0.198306E+08   0.198306E+08   0.262969E+08   0.262929E+08   0.000000E+00   0.198306E+08   0.198306E+08   0.198384E+08  -0.471817E+00   0.103989E+08   0.103988E+08   0.189217E+02
   0.411305E-04   0.198305E+08   0.198305E+08   0.262280E+08   0.262221E+08   0.000000E+00   0.198305E+08   0.198305E+08   0.198382E+08  -0.471812E+00   0.103988E+08   0.103988E+08   0.229966E+02
   0.500230E-04   0.198303E+08   0.198303E+08   0.261263E+08   0.261177E+08   0.000000E+00   0.198303E+08   0.198303E+08   0.198380E+08  -0.471806E+00   0.103987E+08   0.103987E+08   0.279395E+02
   0.608381E-04   0.198300E+08   0.198300E+08   0.259767E+08   0.259640E+08   0.000000E+00   0.198300E+08   0.198300E+08   0.198376E+08  -0.471797E+00   0.103985E+08   0.103985E+08   0.339281E+02
   0.739915E-04   0.198296E+08   0.198295E+08   0.257568E+08   0.257381E+08   0.000000E+00   0.198296E+08   0.198296E+08   0.198371E+08  -0.471784E+00   0.103983E+08   0.103983E+08   0.411701E+02
   0.899887E-04   0.198289E+08   0.198289E+08   0.254346E+08   0.254073E+08   0.000000E+00   0.198289E+08   0.198289E+08   0.198364E+08  -0.471765E+00   0.103979E+08   0.103979E+08   0.499039E+02
   0.109444E-03   0.198280E+08   0.198279E+08   0.249649E+08   0.249252E+08   0.000000E+00   0.198280E+08   0.198280E+08   0.198353E+08  -0.471736E+00   0.103974E+08   0.103974E+08   0.603941E+02
   0.133107E-03   0.198266E+08   0.198265E+08   0.242848E+08   0.242273E+08   0.000000E+00   0.198266E+08   0.198266E+08   0.198337E+08  -0.471694E+00   0.103967E+08   0.103967E+08   0.729182E+02
   0.161885E-03   0.198245E+08   0.198244E+08   0.233100E+08   0.232278E+08   0.000000E+00   0.198245E+08   0.198245E+08   0.198313E+08  -0.471631E+00   0.103956E+08   0.103955E+08   0.877362E+02
   0.196885E-03   0.198215E+08   0.198213E+08   0.219344E+08   0.218187E+08   0.000000E+00   0.198214E+08   0.198214E+08   0.198279E+08  -0.471541E+00   0.103940E+08   0.103939E+08   0.105034E+03
   0.239452E-03   0.198170E+08   0.198167E+08   0.200370E+08   0.198781E+08   0.000000E+00   0.198170E+08   0.198170E+08   0.198228E+08  -0.471409E+00   0.103916E+08   0.103915E+08   0.124819E+03
   0.291222E-03   0.198105E+08   0.198101E+08   0.175089E+08   0.172986E+08   0.000000E+00   0.198104E+08   0.198104E+08   0.198155E+08  -0.471219E+00   0.103881E+08   0.103880E+08   0.146761E+03
   0.354185E-03   0.198010E+08   0.198004E+08   0.143125E+08   0.140497E+08   0.000000E+00   0.198010E+08   0.198010E+08   0.198051E+08  -0.470948E+00   0.103831E+08   0.103829E+08   0.169953E+03
   0.430761E-03   0.197874E+08   0.197865E+08   0.105847E+08   0.102842E+08   0.000000E+00   0.197873E+08   0.197873E+08   0.197904E+08  -0.470567E+00   0.103758E+08   0.103755E+08   0.192647E+03
   0.523892E-03   0.197680E+08   0.197668E+08   0.675524E+07   0.645835E+07   0.000000E+00   0.197678E+08   0.197678E+08   0.197698E+08  -0.470041E+00   0.103654E+08   0.103651E+08   0.212085E+03
   0.637159E-03   0.197408E+08   0.197391E+08   0.355552E+07   0.332986E+07   0.000000E+00   0.197405E+08   0.197405E+08   0.197415E+08  -0.469328E+00   0.103508E+08   0.103504E+08   0.224730E+03
   0.774915E-03   0.197030E+08   0.197008E+08   0.167721E+07   0.158427E+07   0.000000E+00   0.197027E+08   0.197027E+08   0.197032E+08  -0.468378E+00   0.103307E+08   0.103302E+08   0.227240E+03
   0.942454E-03   0.196517E+08   0.196489E+08   0.105472E+07   0.108379E+07   0.000000E+00   0.196512E+08   0.196512E+08   0.196516E+08  -0.467124E+00   0.103034E+08   0.103028E+08   0.218052E+03
   0.114621E-02   0.195828E+08   0.195796E+08   0.714772E+06   0.768131E+06   0.000000E+00   0.195823E+08   0.195823E+08   0.195825E+08  -0.465470E+00   0.102670E+08   0.102664E+08   0.198286E+03
   0.139403E-02   0.194917E+08   0.194882E+08   0.255380E+06   0.283404E+06   0.000000E+00   0.194912E+08   0.194912E+08   0.194913E+08  -0.463292E+00   0.102191E+08   0.102184E+08   0.170843E+03
   0.169542E-02   0.193726E+08   0.193689E+08   0.148031E+06  -0.168798E+06   0.000000E+00   0.193720E+08   0.193720E+08   0.193720E+08  -0.460450E+00   0.101565E+08   0.101558E+08   0.139893E+03
   0.206198E-02   0.192184E+08   0.192147E+08   0.260608E+04  -0.113191E+06   0.000000E+00   0.192178E+08   0.192178E+08   0.192178E+08  -0.456781E+00   0.100755E+08   0.100749E+08   0.111157E+03
   0.250778E-02   0.190212E+08   0.190174E+08   0.876017E+04  -0.757300E+05   0.000000E+00   0.190206E+08   0.190206E+08   0.190206E+08  -0.452091E+00   0.997206E+07   0.997139E+07   0.887875E+02
   0.304997E-02   0.187718E+08   0.187677E+08   0.240027E+04  -0.505230E+05   0.000000E+00   0.187712E+08   0.187712E+08   0.187712E+08  -0.446160E+00   0.984124E+07   0.984057E+07   0.728047E+02
   0.370939E-02   0.184603E+08   0.184557E+08  -0.169036E+05  -0.335881E+05   0.000000E+00   0.184596E+08   0.184596E+08   0.184596E+08  -0.438754E+00   0.967786E+07   0.967719E+07   0.597635E+02
   0.451137E-02   0.180761E+08   0.180710E+08  -0.135723E+05  -0.222342E+05   0.000000E+00   0.180753E+08   0.180753E+08   0.180753E+08  -0.429620E+00   0.947638E+07   0.947572E+07   0.484160E+02
   0.548674E-02   0.176083E+08   0.176021E+08  -0.121024E+05  -0.146422E+05   0.000000E+00   0.176073E+08   0.176073E+08   0.176073E+08  -0.418495E+00   0.923099E+07   0.923034E+07   0.395964E+02
   0.667298E-02   0.170455E+08   0.170380E+08  -0.102647E+05  -0.958241E+04   0.000000E+00   0.170443E+08   0.170443E+08   0.170443E+08  -0.405114E+00   0.893582E+07   0.893518E+07   0.321817E+02
   0.811570E-02   0.163765E+08   0.163671E+08  -0.635285E+04  -0.622391E+04   0.000000E+00   0.163751E+08   0.163751E+08   0.163751E+08  -0.389207E+00   0.858496E+07   0.858432E+07   0.261947E+02
   0.987034E-02   0.155921E+08   0.155800E+08   0.173798E+04  -0.400608E+04   0.000000E+00   0.155902E+08   0.155902E+08   0.155902E+08  -0.370552E+00   0.817347E+07   0.817284E+07   0.214361E+02
   0.120043E-01   0.146781E+08   0.146622E+08  -0.212043E+04  -0.254948E+04   0.000000E+00   0.146756E+08   0.146756E+08   0.146756E+08  -0.348813E+00   0.769398E+07   0.769335E+07   0.176243E+02
   0.145997E-01   0.136323E+08   0.136115E+08   0.361989E+03  -0.160071E+04   0.000000E+00   0.136291E+08   0.136291E+08   0.136291E+08  -0.323939E+00   0.714531E+07   0.714467E+07   0.146086E+02
   0.177562E-01   0.124412E+08   0.124143E+08  -0.115609E+04  -0.987544E+03   0.000000E+00   0.124371E+08   0.124371E+08   0.124371E+08  -0.295607E+00   0.652038E+07   0.651974E+07   0.121772E+02
   0.215952E-01   0.111182E+08   0.110841E+08  -0.737693E+02  -0.596574E+03   0.000000E+00   0.111129E+08   0.111129E+08   0.111129E+08  -0.264135E+00   0.582620E+07   0.582554E+07   0.101731E+02
   0.259142E-01   0.978733E+07   0.974655E+07   0.223268E+02  -0.364641E+03   0.000000E+00   0.978102E+07   0.978102E+07   0.978102E+07  -0.232477E+00   0.512792E+07   0.512726E+07   0.851363E+01
   0.302332E-01   0.862869E+07   0.858358E+07  -0.705587E+02  -0.236152E+03   0.000000E+00   0.862171E+07   0.862171E+07   0.862171E+07  -0.204923E+00   0.452014E+07   0.451949E+07   0.715986E+01
   0.345522E-01   0.764399E+07   0.759727E+07  -0.252275E+02  -0.160151E+03   0.000000E+00   0.763676E+07   0.763676E+07   0.763676E+07  -0.181512E+00   0.400376E+07   0.400315E+07   0.597209E+01
   0.388713E-01   0.682810E+07   0.678251E+07  -0.193402E+02  -0.113024E+03   0.000000E+00   0.682105E+07   0.682105E+07   0.682105E+07  -0.162124E+00   0.357611E+07   0.357554E+07   0.490324E+01
   0.431903E-01   0.616742E+07   0.612528E+07  -0.181961E+02  -0.826888E+02   0.000000E+00   0.616090E+07   0.616090E+07   0.616090E+07  -0.146434E+00   0.323001E+07   0.322950E+07   0.394817E+01
   0.475093E-01   0.563897E+07   0.560189E+07   0.124662E+03  -0.624841E+02   0.000000E+00   0.563323E+07   0.563323E+07   0.563323E+07  -0.133892E+00   0.295336E+07   0.295292E+07   0.311743E+01
   0.518284E-01   0.522255E+07   0.519133E+07   0.970271E+02  -0.486304E+02   0.000000E+00   0.521772E+07   0.521772E+07   0.521772E+07  -0.124016E+00   0.273552E+07   0.273514E+07   0.242420E+01
   0.561474E-01   0.488318E+07   0.485777E+07   0.773132E+02  -0.387478E+02   0.000000E+00   0.487925E+07   0.487925E+07   0.487925E+07  -0.115971E+00   0.255806E+07   0.255774E+07   0.187324E+01
   0.604664E-01   0.459661E+07   0.457625E+07   0.627599E+02  -0.314525E+02   0.000000E+00   0.459346E+07   0.459346E+07   0.459346E+07  -0.109178E+00   0.240822E+07   0.240795E+07   0.146119E+01
   0.647855E-01   0.433952E+07   0.432299E+07   0.516190E+02  -0.258683E+02   0.000000E+00   0.433696E+07   0.433696E+07   0.433696E+07  -0.103082E+00   0.227374E+07   0.227351E+07   0.117440E+01
   0.691045E-01   0.409604E+07   0.408190E+07   0.428255E+02  -0.214612E+02   0.000000E+00   0.409385E+07   0.409385E+07   0.409385E+07  -0.973034E-01   0.214628E+07   0.214608E+07   0.991904E+00
   0.734235E-01   0.385668E+07   0.384355E+07   0.357188E+02  -0.178999E+02   0.000000E+00   0.385465E+07   0.385465E+07   0.385465E+07  -0.916182E-01   0.202088E+07   0.202068E+07   0.888244E+00
   0.777425E-01   0.361890E+07   0.360564E+07   0.298944E+02  -0.149814E+02   0.000000E+00   0.361685E+07   0.361685E+07   0.361685E+07  -0.859661E-01   0.189621E+07   0.189601E+07   0.836962E+00
   0.820616E-01   0.338483E+07   0.337070E+07   0.250926E+02  -0.125754E+02   0.000000E+00   0.338264E+07   0.338264E+07   0.338264E+07  -0.803994E-01   0.177342E+07   0.177322E+07   0.813594E+00
   0.863806E-01   0.316005E+07   0.314476E+07   0.211395E+02  -0.105947E+02   0.000000E+00   0.315768E+07   0.315768E+07   0.315768E+07  -0.750524E-01   0.165549E+07   0.165528E+07   0.798170E+00
   0.906996E-01   0.295047E+07   0.293417E+07   0.179001E+02  -0.897158E+01   0.000000E+00   0.294795E+07   0.294795E+07   0.294795E+07  -0.700674E-01   0.154553E+07   0.154532E+07   0.776582E+00
   0.960627E-01   0.271923E+07   0.270231E+07   0.147047E+02  -0.737031E+01   0.000000E+00   0.271661E+07   0.271661E+07   0.271661E+07  -0.645691E-01   0.142425E+07   0.142404E+07   0.730046E+00
   0.101426E+00   0.252655E+07   0.250998E+07   0.122553E+02  -0.614270E+01   0.000000E+00   0.252398E+07   0.252398E+07   0.252398E+07  -0.599906E-01   0.132326E+07   0.132306E+07   0.659676E+00
   0.106789E+00   0.237337E+07   0.235811E+07   0.103853E+02  -0.520533E+01   0.000000E+00   0.237101E+07   0.237101E+07   0.237101E+07  -0.563546E-01   0.124306E+07   0.124288E+07   0.572487E+00
   0.112152E+00   0.225324E+07   0.223994E+07   0.894014E+01  -0.448082E+01   0.000000E+00   0.225118E+07   0.225118E+07   0.225118E+07  -0.535065E-01   0.118023E+07   0.118007E+07   0.480328E+00
   0.117515E+00   0.215509E+07   0.214395E+07   0.778915E+01  -0.390376E+01   0.000000E+00   0.215336E+07   0.215336E+07   0.215336E+07  -0.511816E-01   0.112895E+07   0.112881E+07   0.395379E+00
   0.122878E+00   0.206767E+07   0.205846E+07   0.683601E+01  -0.342592E+01   0.000000E+00   0.206624E+07   0.206624E+07   0.206624E+07  -0.491109E-01   0.108327E+07   0.108315E+07   0.326807E+00
   0.128241E+00   0.198210E+07   0.197427E+07   0.601701E+01  -0.301539E+01   0.000000E+00   0.198089E+07   0.198089E+07   0.198089E+07  -0.470821E-01   0.103852E+07   0.103841E+07   0.278923E+00
   0.133604E+00   0.189288E+07   0.188574E+07   0.529428E+01  -0.265318E+01   0.000000E+00   0.189177E+07   0.189177E+07   0.189177E+07  -0.449641E-01   0.991801E+06   0.991701E+06   0.250996E+00
   0.138967E+00   0.179860E+07   0.179153E+07   0.464965E+01  -0.233016E+01   0.000000E+00   0.179751E+07   0.179751E+07   0.179751E+07  -0.427235E-01   0.942381E+06   0.942282E+06   0.238458E+00
   0.144330E+00   0.170159E+07   0.169415E+07   0.407768E+01  -0.204358E+01   0.000000E+00   0.170044E+07   0.170044E+07   0.170044E+07  -0.404164E-01   0.891492E+06   0.891390E+06   0.234789E+00
   0.149694E+00   0.160615E+07   0.159818E+07   0.357771E+01  -0.179308E+01   0.000000E+00   0.160492E+07   0.160492E+07   0.160492E+07  -0.381460E-01   0.841414E+06   0.841309E+06   0.233436E+00
   0.155057E+00   0.151689E+07   0.150851E+07   0.314886E+01  -0.157820E+01   0.000000E+00   0.151560E+07   0.151560E+07   0.151560E+07  -0.360230E-01   0.794587E+06   0.794480E+06   0.229331E+00
   0.160420E+00   0.143779E+07   0.142928E+07   0.278823E+01  -0.139748E+01   0.000000E+00   0.143648E+07   0.143648E+07   0.143648E+07  -0.341425E-01   0.753107E+06   0.753002E+06   0.219751E+00
   0.165783E+00   0.137116E+07   0.136287E+07   0.248971E+01  -0.124787E+01   0.000000E+00   0.136988E+07   0.136988E+07   0.136988E+07  -0.325596E-01   0.718193E+06   0.718091E+06   0.204410E+00
   0.171146E+00   0.131668E+07   0.130894E+07   0.224336E+01  -0.112438E+01   0.000000E+00   0.131548E+07   0.131548E+07   0.131548E+07  -0.312666E-01   0.689671E+06   0.689577E+06   0.184912E+00
   0.176509E+00   0.127163E+07   0.126465E+07   0.203710E+01  -0.102097E+01   0.000000E+00   0.127055E+07   0.127055E+07   0.127055E+07  -0.301987E-01   0.666114E+06   0.666028E+06   0.163877E+00
   0.181872E+00   0.123235E+07   0.122617E+07   0.185963E+01  -0.932002E+00   0.000000E+00   0.123139E+07   0.123139E+07   0.123139E+07  -0.292680E-01   0.645586E+06   0.645508E+06   0.144051E+00
   0.187235E+00   0.119541E+07   0.118994E+07   0.170217E+01  -0.853065E+00   0.000000E+00   0.119456E+07   0.119456E+07   0.119456E+07  -0.283927E-01   0.626277E+06   0.626205E+06   0.127577E+00
   0.192598E+00   0.115808E+07   0.115310E+07   0.155853E+01  -0.781066E+00   0.000000E+00   0.115731E+07   0.115731E+07   0.115731E+07  -0.275071E-01   0.606742E+06   0.606676E+06   0.115547E+00
   0.197961E+00   0.111865E+07   0.111393E+07   0.142502E+01  -0.714158E+00   0.000000E+00   0.111792E+07   0.111792E+07   0.111792E+07  -0.265710E-01   0.586094E+06   0.586030E+06   0.107922E+00
   0.203324E+00   0.107692E+07   0.107224E+07   0.130041E+01  -0.651714E+00   0.000000E+00   0.107619E+07   0.107619E+07   0.107619E+07  -0.255792E-01   0.564218E+06   0.564155E+06   0.103765E+00
   0.208687E+00   0.103403E+07   0.102925E+07   0.118521E+01  -0.593988E+00   0.000000E+00   0.103329E+07   0.103329E+07   0.103329E+07  -0.245594E-01   0.541725E+06   0.541661E+06   0.101641E+00
   0.214050E+00   0.991807E+06   0.986877E+06   0.108049E+01  -0.541518E+00   0.000000E+00   0.991044E+06   0.991044E+06   0.991044E+06  -0.235553E-01   0.519577E+06   0.519513E+06   0.100057E+00
   0.219414E+00   0.952026E+06   0.946987E+06   0.987008E+00  -0.494677E+00   0.000000E+00   0.951247E+06   0.951247E+06   0.951247E+06  -0.226094E-01   0.498713E+06   0.498649E+06   0.978175E-01
   0.224777E+00   0.916015E+06   0.910969E+06   0.904861E+00  -0.453511E+00   0.000000E+00   0.915235E+06   0.915235E+06   0.915235E+06  -0.217535E-01   0.479833E+06   0.479770E+06   0.942498E-01
   0.230140E+00   0.884426E+06   0.879500E+06   0.833403E+00  -0.417698E+00   0.000000E+00   0.883664E+06   0.883664E+06   0.883664E+06  -0.210031E-01   0.463281E+06   0.463220E+06   0.892477E-01
   0.235503E+00   0.857122E+06   0.852429E+06   0.771322E+00  -0.386580E+00   0.000000E+00   0.856396E+06   0.856396E+06   0.856396E+06  -0.203550E-01   0.448986E+06   0.448927E+06   0.831749E-01
   0.240866E+00   0.833303E+06   0.828914E+06   0.716894E+00  -0.359296E+00   0.000000E+00   0.832624E+06   0.832624E+06   0.832624E+06  -0.197900E-01   0.436522E+06   0.436467E+06   0.766718E-01
   0.246229E+00   0.811784E+06   0.807718E+06   0.668322E+00  -0.334948E+00   0.000000E+00   0.811155E+06   0.811155E+06   0.811155E+06  -0.192797E-01   0.425266E+06   0.425214E+06   0.704333E-01
   0.251592E+00   0.791288E+06   0.787511E+06   0.623999E+00  -0.312730E+00   0.000000E+00   0.790704E+06   0.790704E+06   0.790704E+06  -0.187936E-01   0.414544E+06   0.414495E+06   0.650196E-01
   0.256955E+00   0.770735E+06   0.767176E+06   0.582701E+00  -0.292030E+00   0.000000E+00   0.770184E+06   0.770184E+06   0.770184E+06  -0.183059E-01   0.403786E+06   0.403739E+06   0.607398E-01
   0.262318E+00   0.749526E+06   0.746100E+06   0.543737E+00  -0.272502E+00   0.000000E+00   0.748996E+06   0.748996E+06   0.748996E+06  -0.178023E-01   0.392677E+06   0.392632E+06   0.576244E-01
   0.267681E+00   0.727654E+06   0.724286E+06   0.506925E+00  -0.254054E+00   0.000000E+00   0.727133E+06   0.727133E+06   0.727133E+06  -0.172827E-01   0.381216E+06   0.381171E+06   0.554699E-01
   0.273044E+00   0.705538E+06   0.702174E+06   0.472385E+00  -0.236746E+00   0.000000E+00   0.705018E+06   0.705018E+06   0.705018E+06  -0.167570E-01   0.369621E+06   0.369577E+06   0.539269E-01
   0.278407E+00   0.683753E+06   0.680371E+06   0.440317E+00  -0.220677E+00   0.000000E+00   0.683229E+06   0.683229E+06   0.683229E+06  -0.162391E-01   0.358198E+06   0.358154E+06   0.526082E-01
   0.283771E+00   0.662883E+06   0.659494E+06   0.410881E+00  -0.205927E+00   0.000000E+00   0.662359E+06   0.662359E+06   0.662359E+06  -0.157431E-01   0.347257E+06   0.347213E+06   0.511885E-01
   0.289134E+00   0.643440E+06   0.640076E+06   0.384163E+00  -0.192537E+00   0.000000E+00   0.642919E+06   0.642919E+06   0.642919E+06  -0.152810E-01   0.337065E+06   0.337022E+06   0.494695E-01
   0.294497E+00   0.625725E+06   0.622429E+06   0.360101E+00  -0.180478E+00   0.000000E+00   0.625215E+06   0.625215E+06   0.625215E+06  -0.148602E-01   0.327783E+06   0.327741E+06   0.473997E-01
   0.299860E+00   0.609724E+06   0.606535E+06   0.338456E+00  -0.169629E+00   0.000000E+00   0.609231E+06   0.609231E+06   0.609231E+06  -0.144803E-01   0.319403E+06   0.319363E+06   0.450531E-01
   0.305223E+00   0.595143E+06   0.592087E+06   0.318860E+00  -0.159807E+00   0.000000E+00   0.594670E+06   0.594670E+06   0.594670E+06  -0.141342E-01   0.311769E+06   0.311730E+06   0.425851E-01
   0.310586E+00   0.581562E+06   0.578647E+06   0.300923E+00  -0.150816E+00   0.000000E+00   0.581111E+06   0.581111E+06   0.581111E+06  -0.138120E-01   0.304660E+06   0.304623E+06   0.401783E-01
   0.315949E+00   0.568559E+06   0.565776E+06   0.284298E+00  -0.142483E+00   0.000000E+00   0.568128E+06   0.568128E+06   0.568128E+06  -0.135034E-01   0.297854E+06   0.297818E+06   0.379911E-01
   0.321312E+00   0.555770E+06   0.553096E+06   0.268708E+00  -0.134669E+00   0.000000E+00   0.555357E+06   0.555357E+06   0.555357E+06  -0.131998E-01   0.291158E+06   0.291123E+06   0.361212E-01
   0.326675E+00   0.542951E+06   0.540357E+06   0.253963E+00  -0.127279E+00   0.000000E+00   0.542550E+06   0.542550E+06   0.542550E+06  -0.128954E-01   0.284444E+06   0.284410E+06   0.345918E-01
   0.332038E+00   0.530032E+06   0.527489E+06   0.239975E+00  -0.120269E+00   0.000000E+00   0.529638E+06   0.529638E+06   0.529638E+06  -0.125886E-01   0.277675E+06   0.277641E+06   0.333603E-01
   0.337401E+00   0.517118E+06   0.514607E+06   0.226742E+00  -0.113637E+00   0.000000E+00   0.516730E+06   0.516730E+06   0.516730E+06  -0.122817E-01   0.270907E+06   0.270874E+06   0.323399E-01
   0.342764E+00   0.504414E+06   0.501923E+06   0.214301E+00  -0.107403E+00   0.000000E+00   0.504028E+06   0.504028E+06   0.504028E+06  -0.119798E-01   0.264248E+06   0.264216E+06   0.314272E-01
   0.348127E+00   0.492129E+06   0.489660E+06   0.202686E+00  -0.101582E+00   0.000000E+00   0.491747E+06   0.491747E+06   0.491747E+06  -0.116879E-01   0.257809E+06   0.257777E+06   0.305282E-01
   0.353491E+00   0.480437E+06   0.477998E+06   0.191910E+00  -0.961817E-01   0.000000E+00   0.480060E+06   0.480060E+06   0.480060E+06  -0.114102E-01   0.251682E+06   0.251651E+06   0.295787E-01
   0.358854E+00   0.469445E+06   0.467050E+06   0.181956E+00  -0.911927E-01   0.000000E+00   0.469075E+06   0.469075E+06   0.469075E+06  -0.111491E-01   0.245923E+06   0.245892E+06   0.285533E-01
   0.364217E+00   0.459168E+06   0.456828E+06   0.172770E+00  -0.865889E-01   0.000000E+00   0.458806E+06   0.458806E+06   0.458806E+06  -0.109050E-01   0.240539E+06   0.240509E+06   0.274630E-01
   0.369580E+00   0.449525E+06   0.447251E+06   0.164269E+00  -0.823284E-01   0.000000E+00   0.449173E+06   0.449173E+06   0.449173E+06  -0.106760E-01   0.235489E+06   0.235460E+06   0.263440E-01
   0.374943E+00   0.440381E+06   0.438177E+06   0.156358E+00  -0.783634E-01   0.000000E+00   0.440040E+06   0.440040E+06   0.440040E+06  -0.104590E-01   0.230701E+06   0.230672E+06   0.252440E-01
   0.380306E+00   0.431589E+06   0.429453E+06   0.148947E+00  -0.746488E-01   0.000000E+00   0.431259E+06   0.431259E+06   0.431259E+06  -0.102502E-01   0.226097E+06   0.226069E+06   0.242084E-01
   0.385669E+00   0.423023E+06   0.420947E+06   0.141960E+00  -0.711469E-01   0.000000E+00   0.422702E+06   0.422702E+06   0.422702E+06  -0.100469E-01   0.221611E+06   0.221584E+06   0.232688E-01
   0.391032E+00   0.414584E+06   0.412558E+06   0.135338E+00  -0.678281E-01   0.000000E+00   0.414270E+06   0.414270E+06   0.414270E+06  -0.984646E-02   0.217190E+06   0.217164E+06   0.224373E-01
   0.396395E+00   0.406218E+06   0.404233E+06   0.129043E+00  -0.646733E-01   0.000000E+00   0.405911E+06   0.405911E+06   0.405911E+06  -0.964778E-02   0.212808E+06   0.212782E+06   0.217068E-01
   0.401758E+00   0.397940E+06   0.395987E+06   0.123061E+00  -0.616750E-01   0.000000E+00   0.397638E+06   0.397638E+06   0.397638E+06  -0.945114E-02   0.208471E+06   0.208445E+06   0.210561E-01
   0.407121E+00   0.389812E+06   0.387886E+06   0.117391E+00  -0.588339E-01   0.000000E+00   0.389514E+06   0.389514E+06   0.389514E+06  -0.925806E-02   0.204212E+06   0.204187E+06   0.204575E-01
   0.412484E+00   0.381908E+06   0.380008E+06   0.112039E+00  -0.561515E-01   0.000000E+00   0.381614E+06   0.381614E+06   0.381614E+06  -0.907029E-02   0.200070E+06   0.200045E+06   0.198836E-01
   0.417848E+00   0.374279E+06   0.372406E+06   0.107000E+00  -0.536261E-01   0.000000E+00   0.373990E+06   0.373990E+06   0.373990E+06  -0.888906E-02   0.196072E+06   0.196048E+06   0.193128E-01
   0.423211E+00   0.366956E+06   0.365113E+06   0.102264E+00  -0.512526E-01   0.000000E+00   0.366671E+06   0.366671E+06   0.366671E+06  -0.871511E-02   0.192235E+06   0.192212E+06   0.187337E-01
   0.428574E+00   0.359956E+06   0.358148E+06   0.978184E-01  -0.490245E-01   0.000000E+00   0.359677E+06   0.359677E+06   0.359677E+06  -0.854887E-02   0.188569E+06   0.188545E+06   0.181455E-01
   0.433937E+00   0.353273E+06   0.351503E+06   0.936442E-01  -0.469325E-01   0.000000E+00   0.353000E+06   0.353000E+06   0.353000E+06  -0.839016E-02   0.185068E+06   0.185045E+06   0.175558E-01
   0.439300E+00   0.346864E+06   0.345132E+06   0.897142E-01  -0.449628E-01   0.000000E+00   0.346596E+06   0.346596E+06   0.346596E+06  -0.823796E-02   0.181711E+06   0.181688E+06   0.169764E-01
   0.444663E+00   0.340666E+06   0.338973E+06   0.859988E-01  -0.431007E-01   0.000000E+00   0.340404E+06   0.340404E+06   0.340404E+06  -0.809079E-02   0.178464E+06   0.178442E+06   0.164195E-01
   0.450026E+00   0.334630E+06   0.332974E+06   0.824741E-01  -0.413341E-01   0.000000E+00   0.334374E+06   0.334374E+06   0.334374E+06  -0.794747E-02   0.175303E+06   0.175282E+06   0.158952E-01
   0.455389E+00   0.328730E+06   0.327108E+06   0.791230E-01  -0.396546E-01   0.000000E+00   0.328479E+06   0.328479E+06   0.328479E+06  -0.780736E-02   0.172212E+06   0.172191E+06   0.154086E-01
   0.460752E+00   0.322944E+06   0.321352E+06   0.759315E-01  -0.380551E-01   0.000000E+00   0.322698E+06   0.322698E+06   0.322698E+06  -0.766995E-02   0.169182E+06   0.169161E+06   0.149598E-01
   0.466115E+00   0.317257E+06   0.315691E+06   0.728876E-01  -0.365296E-01   0.000000E+00   0.317015E+06   0.317015E+06   0.317015E+06  -0.753488E-02   0.166202E+06   0.166182E+06   0.145438E-01
   0.471478E+00   0.311674E+06   0.310132E+06   0.699850E-01  -0.350749E-01   0.000000E+00   0.311435E+06   0.311435E+06   0.311435E+06  -0.740226E-02   0.163277E+06   0.163257E+06   0.141529E-01
   0.476841E+00   0.306220E+06   0.304700E+06   0.672222E-01  -0.336903E-01   0.000000E+00   0.305985E+06   0.305985E+06   0.305985E+06  -0.727272E-02   0.160420E+06   0.160400E+06   0.137793E-01
   0.482204E+00   0.300922E+06   0.299424E+06   0.645976E-01  -0.323749E-01   0.000000E+00   0.300690E+06   0.300690E+06   0.300690E+06  -0.714687E-02   0.157644E+06   0.157624E+06   0.134162E-01
   0.487568E+00   0.295787E+06   0.294312E+06   0.621061E-01  -0.311262E-01   0.000000E+00   0.295559E+06   0.295559E+06   0.295559E+06  -0.702491E-02   0.154953E+06   0.154934E+06   0.130588E-01
   0.492931E+00   0.290815E+06   0.289364E+06   0.597405E-01  -0.299407E-01   0.000000E+00   0.290590E+06   0.290590E+06   0.290590E+06  -0.690681E-02   0.152348E+06   0.152330E+06   0.127052E-01
   0.498294E+00   0.286004E+06   0.284578E+06   0.574944E-01  -0.288149E-01   0.000000E+00   0.285783E+06   0.285783E+06   0.285783E+06  -0.679255E-02   0.149828E+06   0.149810E+06   0.123563E-01
   0.503657E+00   0.281349E+06   0.279948E+06   0.553607E-01  -0.277456E-01   0.000000E+00   0.281133E+06   0.281133E+06   0.281133E+06  -0.668202E-02   0.147390E+06   0.147372E+06   0.120147E-01
   0.509020E+00   0.276833E+06   0.275457E+06   0.533304E-01  -0.267280E-01   0.000000E+00   0.276621E+06   0.276621E+06   0.276621E+06  -0.657478E-02   0.145025E+06   0.145007E+06   0.116837E-01
   0.514383E+00   0.272433E+06   0.271081E+06   0.513940E-01  -0.257575E-01   0.000000E+00   0.272224E+06   0.272224E+06   0.272224E+06  -0.647027E-02   0.142719E+06   0.142702E+06   0.113660E-01
   0.519746E+00   0.268131E+06   0.266802E+06   0.495441E-01  -0.248304E-01   0.000000E+00   0.267926E+06   0.267926E+06   0.267926E+06  -0.636811E-02   0.140466E+06   0.140449E+06   0.110634E-01
   0.525109E+00   0.263922E+06   0.262615E+06   0.477754E-01  -0.239439E-01   0.000000E+00   0.263720E+06   0.263720E+06   0.263720E+06  -0.626815E-02   0.138261E+06   0.138244E+06   0.107764E-01
   0.530472E+00   0.259802E+06   0.258515E+06   0.460833E-01  -0.230959E-01   0.000000E+00   0.259603E+06   0.259603E+06   0.259603E+06  -0.617029E-02   0.136102E+06   0.136086E+06   0.105042E-01
   0.535835E+00   0.255764E+06   0.254497E+06   0.444636E-01  -0.222841E-01   0.000000E+00   0.255568E+06   0.255568E+06   0.255568E+06  -0.607440E-02   0.133987E+06   0.133971E+06   0.102447E-01
   0.541198E+00   0.251811E+06   0.250562E+06   0.429129E-01  -0.215070E-01   0.000000E+00   0.251618E+06   0.251618E+06   0.251618E+06  -0.598050E-02   0.131916E+06   0.131900E+06   0.999561E-02
   0.546561E+00   0.247949E+06   0.246718E+06   0.414296E-01  -0.207636E-01   0.000000E+00   0.247759E+06   0.247759E+06   0.247759E+06  -0.588879E-02   0.129893E+06   0.129877E+06   0.975470E-02
   0.551925E+00   0.244187E+06   0.242973E+06   0.400118E-01  -0.200531E-01   0.000000E+00   0.243999E+06   0.243999E+06   0.243999E+06  -0.579942E-02   0.127922E+06   0.127906E+06   0.952028E-02
   0.557288E+00   0.240523E+06   0.239327E+06   0.386565E-01  -0.193738E-01   0.000000E+00   0.240338E+06   0.240338E+06   0.240338E+06  -0.571239E-02   0.126002E+06   0.125987E+06   0.929126E-02
   0.562651E+00   0.236952E+06   0.235774E+06   0.373601E-01  -0.187241E-01   0.000000E+00   0.236770E+06   0.236770E+06   0.236770E+06  -0.562759E-02   0.124132E+06   0.124117E+06   0.906726E-02
   0.568014E+00   0.233473E+06   0.232312E+06   0.361197E-01  -0.181024E-01   0.000000E+00   0.233293E+06   0.233293E+06   0.233293E+06  -0.554496E-02   0.122309E+06   0.122294E+06   0.884863E-02
   0.573377E+00   0.230082E+06   0.228939E+06   0.349324E-01  -0.175074E-01   0.000000E+00   0.229905E+06   0.229905E+06   0.229905E+06  -0.546444E-02   0.120533E+06   0.120518E+06   0.863610E-02
   0.578740E+00   0.226774E+06   0.225649E+06   0.337951E-01  -0.169373E-01   0.000000E+00   0.226600E+06   0.226600E+06   0.226600E+06  -0.538588E-02   0.118800E+06   0.118786E+06   0.843037E-02
   0.584103E+00   0.223539E+06   0.222430E+06   0.327040E-01  -0.163905E-01   0.000000E+00   0.223367E+06   0.223367E+06   0.223367E+06  -0.530904E-02   0.117105E+06   0.117091E+06   0.823190E-02
   0.589466E+00   0.220370E+06   0.219277E+06   0.316564E-01  -0.158655E-01   0.000000E+00   0.220201E+06   0.220201E+06   0.220201E+06  -0.523378E-02   0.115445E+06   0.115431E+06   0.804088E-02
   0.594829E+00   0.217267E+06   0.216190E+06   0.306504E-01  -0.153613E-01   0.000000E+00   0.217100E+06   0.217100E+06   0.217100E+06  -0.516009E-02   0.113820E+06   0.113806E+06   0.785720E-02
   0.600192E+00   0.214230E+06   0.213167E+06   0.296842E-01  -0.148771E-01   0.000000E+00   0.214065E+06   0.214065E+06   0.214065E+06  -0.508795E-02   0.112228E+06   0.112215E+06   0.768041E-02
   0.605555E+00   0.211254E+06   0.210206E+06   0.287557E-01  -0.144117E-01   0.000000E+00   0.211092E+06   0.211092E+06   0.211092E+06  -0.501727E-02   0.110670E+06   0.110656E+06   0.750978E-02
   0.610918E+00   0.208338E+06   0.207304E+06   0.278631E-01  -0.139644E-01   0.000000E+00   0.208178E+06   0.208178E+06   0.208178E+06  -0.494802E-02   0.109142E+06   0.109129E+06   0.734452E-02
   0.616281E+00   0.205485E+06   0.204465E+06   0.270052E-01  -0.135344E-01   0.000000E+00   0.205327E+06   0.205327E+06   0.205327E+06  -0.488026E-02   0.107647E+06   0.107634E+06   0.718402E-02
   0.621645E+00   0.202697E+06   0.201690E+06   0.261811E-01  -0.131214E-01   0.000000E+00   0.202541E+06   0.202541E+06   0.202541E+06  -0.481403E-02   0.106187E+06   0.106173E+06   0.702783E-02
   0.627008E+00   0.199971E+06   0.198978E+06   0.253891E-01  -0.127245E-01   0.000000E+00   0.199818E+06   0.199818E+06   0.199818E+06  -0.474931E-02   0.104759E+06   0.104746E+06   0.687566E-02
   0.680214E+00   0.175823E+06   0.174951E+06   0.189676E-01  -0.950614E-02   0.000000E+00   0.175688E+06   0.175688E+06   0.175688E+06  -0.417580E-02   0.921086E+05   0.920972E+05   0.558076E-02
   0.737935E+00   0.154449E+06   0.153682E+06   0.141571E-01  -0.709525E-02   0.000000E+00   0.154330E+06   0.154330E+06   0.154330E+06  -0.366816E-02   0.809111E+05   0.809011E+05   0.452894E-02
   0.800554E+00   0.135561E+06   0.134888E+06   0.105580E-01  -0.529143E-02   0.000000E+00   0.135457E+06   0.135457E+06   0.135457E+06  -0.321957E-02   0.710164E+05   0.710076E+05   0.367431E-02
   0.868486E+00   0.118887E+06   0.118297E+06   0.786745E-02  -0.394301E-02   0.000000E+00   0.118796E+06   0.118796E+06   0.118796E+06  -0.282356E-02   0.622814E+05   0.622736E+05   0.298004E-02
   0.942183E+00   0.104183E+06   0.103666E+06   0.585803E-02  -0.293593E-02   0.000000E+00   0.104103E+06   0.104103E+06   0.104103E+06  -0.247435E-02   0.545785E+05   0.545717E+05   0.241650E-02
   0.101542E+01   0.922193E+05   0.917617E+05   0.446430E-02  -0.223742E-02   0.000000E+00   0.921485E+05   0.921485E+05   0.921485E+05  -0.219021E-02   0.483109E+05   0.483049E+05   0.199294E-02
   0.126811E+01   0.639780E+05   0.636605E+05   0.198582E-02  -0.995261E-03   0.000000E+00   0.639288E+05   0.639288E+05   0.639288E+05  -0.151947E-02   0.335161E+05   0.335119E+05   0.112576E-02
   0.158368E+01   0.441719E+05   0.439526E+05   0.879092E-03  -0.440590E-03   0.000000E+00   0.441380E+05   0.441380E+05   0.441380E+05  -0.104908E-02   0.231404E+05   0.231373E+05   0.638584E-03
   0.197777E+01   0.303645E+05   0.302136E+05   0.387462E-03  -0.194194E-03   0.000000E+00   0.303411E+05   0.303411E+05   0.303411E+05  -0.721154E-03   0.159070E+05   0.159049E+05   0.365474E-03
   0.246994E+01   0.207902E+05   0.206867E+05   0.170097E-03  -0.852532E-04   0.000000E+00   0.207742E+05   0.207742E+05   0.207742E+05  -0.493766E-03   0.108914E+05   0.108898E+05   0.212347E-03
   0.308458E+01   0.141832E+05   0.141124E+05   0.744013E-04  -0.372913E-04   0.000000E+00   0.141722E+05   0.141722E+05   0.141722E+05  -0.336849E-03   0.743013E+04   0.742896E+04   0.126212E-03
   0.385217E+01   0.964332E+04   0.959500E+04   0.324338E-04  -0.162572E-04   0.000000E+00   0.963584E+04   0.963584E+04   0.963584E+04  -0.229027E-03   0.505183E+04   0.505093E+04   0.773912E-04
   0.481078E+01   0.653595E+04   0.650298E+04   0.140940E-04  -0.706503E-05   0.000000E+00   0.653085E+04   0.653085E+04   0.653085E+04  -0.155227E-03   0.342396E+04   0.342325E+04   0.493488E-04
   0.600794E+01   0.441648E+04   0.439398E+04   0.610580E-05  -0.306106E-05   0.000000E+00   0.441300E+04   0.441300E+04   0.441300E+04  -0.104889E-03   0.231363E+04   0.231304E+04   0.329025E-04
   0.750301E+01   0.297534E+04   0.295995E+04   0.263707E-05  -0.132230E-05   0.000000E+00   0.297296E+04   0.297296E+04   0.297296E+04  -0.706619E-04   0.155866E+04   0.155815E+04   0.229665E-04
   0.937012E+01   0.199816E+04   0.198757E+04   0.113527E-05  -0.569414E-06   0.000000E+00   0.199652E+04   0.199652E+04   0.199652E+04  -0.474537E-04   0.104674E+04   0.104627E+04   0.167256E-04
   0.117019E+02   0.133717E+04   0.132983E+04   0.486951E-06  -0.244346E-06   0.000000E+00   0.133603E+04   0.133603E+04   0.133603E+04  -0.317551E-04   0.700472E+03   0.700029E+03   0.126184E-04
   0.146139E+02   0.890981E+03   0.885819E+03   0.207928E-06  -0.104407E-06   0.000000E+00   0.890182E+03   0.890182E+03   0.890182E+03  -0.211580E-04   0.466724E+03   0.466296E+03   0.977350E-05
   0.182505E+02   0.590282E+03   0.586584E+03   0.882505E-07  -0.443607E-07   0.000000E+00   0.589710E+03   0.589710E+03   0.589710E+03  -0.140163E-04   0.309196E+03   0.308775E+03   0.769940E-05
   0.227921E+02   0.387873E+03   0.385158E+03   0.371327E-07  -0.186965E-07   0.000000E+00   0.387453E+03   0.387453E+03   0.387453E+03  -0.920907E-05   0.203159E+03   0.202741E+03   0.611276E-05
   0.284639E+02   0.251722E+03   0.249672E+03   0.154197E-07  -0.778405E-08   0.000000E+00   0.251405E+03   0.251405E+03   0.251405E+03  -0.597544E-05   0.131833E+03   0.131419E+03   0.484504E-05
   0.355471E+02   0.160178E+03   0.158588E+03   0.627115E-08  -0.317858E-08   0.000000E+00   0.159932E+03   0.159932E+03   0.159932E+03  -0.380129E-05   0.838759E+02   0.834719E+02   0.379160E-05
   0.443930E+02   0.986843E+02   0.974310E+02   0.246492E-08  -0.125727E-08   0.000000E+00   0.984904E+02   0.984904E+02   0.984904E+02  -0.234094E-05   0.516628E+02   0.512789E+02   0.288476E-05
   0.554402E+02   0.575398E+02   0.565612E+02   0.914353E-09  -0.470986E-09   0.000000E+00   0.573884E+02   0.573884E+02   0.573884E+02  -0.136402E-05   0.301116E+02   0.297657E+02   0.208133E-05
   0.692364E+02   0.303787E+02   0.296592E+02   0.305773E-09  -0.159937E-09   0.000000E+00   0.302674E+02   0.302674E+02   0.302674E+02  -0.719402E-06   0.158884E+02   0.156062E+02   0.136002E-05
   0.864658E+02   0.131317E+02   0.126853E+02   0.831473E-10  -0.445424E-10   0.000000E+00   0.130627E+02   0.130627E+02   0.130627E+02  -0.310476E-06   0.686184E+01   0.667353E+01   0.726479E-06
   0.107983E+03   0.325160E+01   0.308959E+01   0.128119E-10  -0.712431E-11   0.000000E+00   0.322654E+01   0.322654E+01   0.322654E+01  -0.766891E-07   0.169674E+01   0.162503E+01   0.221511E-06
   0.134854E+03  -0.100449E+01  -0.930100E+00  -0.242209E-11   0.142608E-11   0.000000E+00  -0.992984E+00  -0.992984E+00  -0.992984E+00   0.236014E-07  -0.523008E+00  -0.489208E+00  -0.836087E-07
   0.168412E+03  -0.137896E+01  -0.122686E+01  -0.197983E-11   0.127593E-11   0.000000E+00  -0.135543E+01  -0.135543E+01  -0.135543E+01   0.322161E-07  -0.715680E+00  -0.645524E+00  -0.138961E-06
   0.210322E+03  -0.215841E+00  -0.180521E+00  -0.176684E-12   0.131057E-12   0.000000E+00  -0.210377E+00  -0.210377E+00  -0.210377E+00   0.500027E-08  -0.111486E+00  -0.951619E-01  -0.258914E-07
   0.262660E+03   0.241675E+00   0.183729E+00   0.105118E-12  -0.970664E-13   0.000000E+00   0.232710E+00   0.232710E+00   0.232710E+00  -0.553111E-08   0.123960E+00   0.975092E-01   0.335923E-07
   0.328022E+03  -0.571894E-01  -0.376044E-01  -0.117481E-13   0.153025E-13   0.000000E+00  -0.541595E-01  -0.541595E-01  -0.541595E-01   0.128727E-08  -0.290473E-01  -0.203468E-01  -0.884792E-08
   0.409650E+03   0.177749E-01   0.942252E-02   0.138979E-14  -0.318835E-14   0.000000E+00   0.164827E-01   0.164827E-01   0.164827E-01  -0.391765E-09   0.891642E-02   0.537066E-02   0.288733E-08
   0.511591E+03  -0.128888E-01  -0.505025E-02  -0.246285E-15   0.154358E-14   0.000000E+00  -0.116761E-01  -0.116761E-01  -0.116761E-01   0.277520E-09  -0.637236E-02  -0.327475E-02  -0.201978E-08
