#          k/h    CDM            baryon         photon         nu             mass_nu        total          no_nu          total_de       Weyl           v_CDM          v_b            v_b-v_c     
   0.104501E-04   0.198309E+08   0.198309E+08   0.264274E+08   0.264270E+08   0.000000E+00   0.198309E+08   0.198309E+08   0.198387E+08  -0.471824E+00   0.103990E+08   0.103990E+08   0.586086E+01
   0.127095E-04   0.198309E+08   0.198309E+08   0.264208E+08   0.264202E+08   0.000000E+00   0.198309E+08   0.198309E+08   0.198386E+08  -0.471824E+00   0.103990E+08   0.103990E+08   0.712752E+01
   0.154573E-04   0.198309E+08   0.198309E+08   0.264110E+08   0.264102E+08   0.000000E+00   0.198309E+08   0.198309E+08   0.198386E+08  -0.471823E+00   0.103990E+08   0.103990E+08   0.866765E+01
   0.187992E-04   0.198308E+08   0.198308E+08   0.263966E+08   0.263953E+08   0.000000E+00   0.198308E+08   0.198308E+08   0.198386E+08  -0.471823E+00   0.103990E+08   0.103990E+08   0.105401E+02
   0.228637E-04   0.198308E+08   0.198308E+08   0.263752E+08   0.263734E+08   0.000000E+00   0.198308E+08   0.198308E+08   0.198385E+08  -0.471821E+00   0.103989E+08   0.103989E+08   0.128161E+02
   0.278068E-04   0.198307E+08   0.198307E+08   0.263436E+08   0.263409E+08   0.000000E+00   0.198307E+08   0.198307E+08   0.198385E+08  -0.471819E+00   0.103989E+08   0.103989E+08   0.155820E+02
   0.338188E-04   0.198306E+08   0.198306E+08   0.262969E+08   0.262929E+08   0.000000E+00   0.198306E+08   0.198306E+08   0.198384E+08  -0.471817E+00   0.103989E+08   0.103988E+08   0.189419E+02
   0.411305E-04   0.198305E+08   0.198305E+08   0.262280E+08   0.262221E+08   0.000000E+00   0.198305E+08   0.198305E+08   0.198382E+08  -0.471812E+00   0.103988E+08   0.103988E+08   0.230210E+02
   0.500230E-04   0.198303E+08   0.198303E+08   0.261263E+08   0.261177E+08   0.000000E+00   0.198303E+08   0.198303E+08   0.198380E+08  -0.471806E+00   0.103987E+08   0.103987E+08   0.279692E+02
   0.608381E-04   0.198300E+08   0.198300E+08   0.259767E+08   0.259640E+08   0.000000E+00   0.198300E+08   0.198300E+08   0.198376E+08  -0.471797E+00   0.103985E+08   0.103985E+08   0.339641E+02
   0.739915E-04   0.198296E+08   0.198295E+08   0.257568E+08   0.257381E+08   0.000000E+00   0.198296E+08   0.198296E+08   0.198371E+08  -0.471784E+00   0.103983E+08   0.103983E+08   0.412139E+02
   0.899887E-04   0.198289E+08   0.198289E+08   0.254346E+08   0.254073E+08   0.000000E+00   0.198289E+08   0.198289E+08   0.198364E+08  -0.471765E+00   0.103979E+08   0.103979E+08   0.499570E+02
   0.109444E-03   0.198280E+08   0.198279E+08   0.249649E+08   0.249252E+08   0.000000E+00   0.198280E+08   0.198280E+08   0.198353E+08  -0.471736E+00   0.103974E+08   0.103974E+08   0.604585E+02
   0.133107E-03   0.198266E+08   0.198265E+08   0.242848E+08   0.242273E+08   0.000000E+00   0.198266E+08   0.198266E+08   0.198337E+08  -0.471694E+00   0.103967E+08   0.103967E+08   0.729960E+02
   0.161885E-03   0.198245E+08   0.198244E+08   0.233100E+08   0.232278E+08   0.000000E+00   0.198245E+08   0.198245E+08   0.198313E+08  -0.471631E+00   0.103956E+08   0.103955E+08   0.878301E+02
   0.196885E-03   0.198215E+08   0.198213E+08   0.219344E+08   0.218187E+08   0.000000E+00   0.198214E+08   0.198214E+08   0.198279E+08  -0.471541E+00   0.103940E+08   0.103939E+08   0.105146E+03
   0.239452E-03   0.198170E+08   0.198167E+08   0.200370E+08   0.198781E+08   0.000000E+00   0.198170E+08   0.198170E+08   0.198228E+08  -0.471409E+00   0.103916E+08   0.103915E+08   0.124954E+03
   0.291222E-03   0.198105E+08   0.198101E+08   0.175089E+08   0.172986E+08   0.000000E+00   0.198104E+08   0.198104E+08   0.198155E+08  -0.471219E+00   0.103881E+08   0.103880E+08   0.146920E+03
   0.354185E-03   0.198010E+08   0.198004E+08   0.143125E+08   0.140497E+08   0.000000E+00   0.198010E+08   0.198010E+08   0.198051E+08  -0.470948E+00   0.103831E+08   0.103829E+08   0.170140E+03
   0.430761E-03   0.197874E+08   0.197865E+08   0.105847E+08   0.102842E+08   0.000000E+00   0.197873E+08   0.197873E+08   0.197904E+08  -0.470567E+00   0.103758E+08   0.103755E+08   0.192862E+03
   0.523892E-03   0.197680E+08   0.197668E+08   0.675524E+07   0.645835E+07   0.000000E+00   0.197678E+08   0.197678E+08   0.197698E+08  -0.470041E+00   0.103654E+08   0.103651E+08   0.212326E+03
   0.637159E-03   0.197408E+08   0.197391E+08   0.355552E+07   0.332986E+07   0.000000E+00   0.197405E+08   0.197405E+08   0.197415E+08  -0.469328E+00   0.103508E+08   0.103504E+08   0.224991E+03
   0.774915E-03   0.197030E+08   0.197008E+08   0.167721E+07   0.158427E+07   0.000000E+00   0.197027E+08   0.197027E+08   0.197032E+08  -0.468378E+00   0.103307E+08   0.103302E+08   0.227512E+03
   0.942454E-03   0.196517E+08   0.196489E+08   0.105472E+07   0.108379E+07   0.000000E+00   0.196512E+08   0.196512E+08   0.196516E+08  -0.467124E+00   0.103034E+08   0.103028E+08   0.218320E+03
   0.114621E-02   0.195828E+08   0.195796E+08   0.714772E+06   0.768131E+06   0.000000E+00   0.195823E+08   0.195823E+08   0.195825E+08  -0.465470E+00   0.102670E+08   0.102664E+08   0.198535E+03
   0.139403E-02   0.194917E+08   0.194882E+08   0.255380E+06   0.283404E+06   0.000000E+00   0.194912E+08   0.194912E+08   0.194913E+08  -0.463292E+00   0.102191E+08   0.102184E+08   0.171060E+03
   0.169542E-02   0.193726E+08   0.193689E+08   0.148031E+06  -0.168798E+06   0.000000E+00   0.193720E+08   0.193720E+08   0.193720E+08  -0.460450E+00   0.101565E+08   0.101558E+08   0.140071E+03
   0.206198E-02   0.192184E+08   0.192147E+08   0.260609E+04  -0.113191E+06   0.000000E+00   0.192178E+08   0.192178E+08   0.192178E+08  -0.456781E+00   0.100755E+08   0.100749E+08   0.111298E+03
   0.250778E-02   0.190212E+08   0.190174E+08   0.876017E+04  -0.757300E+05   0.000000E+00   0.190206E+08   0.190206E+08   0.190206E+08  -0.452091E+00   0.997206E+07   0.997139E+07   0.889001E+02
   0.304997E-02   0.187718E+08   0.187677E+08   0.240027E+04  -0.505230E+05   0.000000E+00   0.187712E+08   0.187712E+08   0.187712E+08  -0.446160E+00   0.984124E+07   0.984057E+07   0.728972E+02
   0.370939E-02   0.184603E+08   0.184557E+08  -0.169036E+05  -0.335881E+05   0.000000E+00   0.184596E+08   0.184596E+08   0.184596E+08  -0.438754E+00   0.967786E+07   0.967719E+07   0.598397E+02
   0.451137E-02   0.180761E+08   0.180710E+08  -0.135723E+05  -0.222342E+05   0.000000E+00   0.180753E+08   0.180753E+08   0.180753E+08  -0.429620E+00   0.947638E+07   0.947572E+07   0.484778E+02
   0.548674E-02   0.176083E+08   0.176021E+08  -0.121024E+05  -0.146422E+05   0.000000E+00   0.176073E+08   0.176073E+08   0.176073E+08  -0.418495E+00   0.923099E+07   0.923034E+07   0.396472E+02
   0.667298E-02   0.170455E+08   0.170380E+08  -0.102647E+05  -0.958241E+04   0.000000E+00   0.170443E+08   0.170443E+08   0.170443E+08  -0.405114E+00   0.893582E+07   0.893518E+07   0.322232E+02
   0.811570E-02   0.163765E+08   0.163671E+08  -0.635285E+04  -0.622391E+04   0.000000E+00   0.163751E+08   0.163751E+08   0.163751E+08  -0.389207E+00   0.858496E+07   0.858432E+07   0.262286E+02
   0.987034E-02   0.155921E+08   0.155800E+08   0.173798E+04  -0.400608E+04   0.000000E+00   0.155902E+08   0.155902E+08   0.155902E+08  -0.370552E+00   0.817347E+07   0.817284E+07   0.214642E+02
   0.120043E-01   0.146781E+08   0.146622E+08  -0.212043E+04  -0.254948E+04   0.000000E+00   0.146756E+08   0.146756E+08   0.146756E+08  -0.348813E+00   0.769398E+07   0.769335E+07   0.176477E+02
   0.145997E-01   0.136323E+08   0.136115E+08   0.361989E+03  -0.160071E+04   0.000000E+00   0.136291E+08   0.136291E+08   0.136291E+08  -0.323938E+00   0.714531E+07   0.714467E+07   0.146282E+02
   0.177562E-01   0.124412E+08   0.124143E+08  -0.115609E+04  -0.987544E+03   0.000000E+00   0.124371E+08   0.124371E+08   0.124371E+08  -0.295607E+00   0.652038E+07   0.651973E+07   0.121939E+02
   0.215952E-01   0.111182E+08   0.110841E+08  -0.737693E+02  -0.596573E+03   0.000000E+00   0.111129E+08   0.111129E+08   0.111129E+08  -0.264135E+00   0.582620E+07   0.582554E+07   0.101872E+02
   0.259142E-01   0.978732E+07   0.974654E+07   0.223267E+02  -0.364641E+03   0.000000E+00   0.978101E+07   0.978101E+07   0.978101E+07  -0.232477E+00   0.512792E+07   0.512726E+07   0.852567E+01
   0.302332E-01   0.862869E+07   0.858357E+07  -0.705586E+02  -0.236151E+03   0.000000E+00   0.862171E+07   0.862171E+07   0.862171E+07  -0.204923E+00   0.452014E+07   0.451949E+07   0.717009E+01
   0.345522E-01   0.764398E+07   0.759727E+07  -0.252275E+02  -0.160151E+03   0.000000E+00   0.763676E+07   0.763676E+07   0.763676E+07  -0.181512E+00   0.400376E+07   0.400314E+07   0.598068E+01
   0.388713E-01   0.682810E+07   0.678250E+07  -0.193402E+02  -0.113024E+03   0.000000E+00   0.682104E+07   0.682104E+07   0.682104E+07  -0.162124E+00   0.357611E+07   0.357553E+07   0.491031E+01
   0.431903E-01   0.616742E+07   0.612527E+07  -0.181961E+02  -0.826887E+02   0.000000E+00   0.616090E+07   0.616090E+07   0.616090E+07  -0.146433E+00   0.323001E+07   0.322949E+07   0.395386E+01
   0.475093E-01   0.563896E+07   0.560188E+07   0.124662E+03  -0.624840E+02   0.000000E+00   0.563322E+07   0.563322E+07   0.563322E+07  -0.133892E+00   0.295336E+07   0.295291E+07   0.312191E+01
   0.518284E-01   0.522255E+07   0.519132E+07   0.970269E+02  -0.486303E+02   0.000000E+00   0.521772E+07   0.521772E+07   0.521772E+07  -0.124016E+00   0.273551E+07   0.273513E+07   0.242764E+01
   0.561474E-01   0.488318E+07   0.485776E+07   0.773130E+02  -0.387477E+02   0.000000E+00   0.487924E+07   0.487924E+07   0.487924E+07  -0.115971E+00   0.255805E+07   0.255774E+07   0.187587E+01
   0.604664E-01   0.459660E+07   0.457624E+07   0.627597E+02  -0.314524E+02   0.000000E+00   0.459345E+07   0.459345E+07   0.459345E+07  -0.109178E+00   0.240821E+07   0.240795E+07   0.146321E+01
   0.647855E-01   0.433951E+07   0.432298E+07   0.516189E+02  -0.258683E+02   0.000000E+00   0.433695E+07   0.433695E+07   0.433695E+07  -0.103082E+00   0.227374E+07   0.227351E+07   0.117601E+01
   0.691045E-01   0.409602E+07   0.408189E+07   0.428254E+02  -0.214612E+02   0.000000E+00   0.409384E+07   0.409384E+07   0.409384E+07  -0.973031E-01   0.214628E+07   0.214607E+07   0.993248E+00
   0.734235E-01   0.385667E+07   0.384353E+07   0.357187E+02  -0.178998E+02   0.000000E+00   0.385464E+07   0.385464E+07   0.385464E+07  -0.916178E-01   0.202087E+07   0.202068E+07   0.889449E+00
   0.777425E-01   0.361889E+07   0.360562E+07   0.298943E+02  -0.149813E+02   0.000000E+00   0.361684E+07   0.361684E+07   0.361684E+07  -0.859657E-01   0.189620E+07   0.189601E+07   0.838107E+00
   0.820616E-01   0.338481E+07   0.337068E+07   0.250924E+02  -0.125753E+02   0.000000E+00   0.338263E+07   0.338263E+07   0.338263E+07  -0.803990E-01   0.177341E+07   0.177321E+07   0.814722E+00
   0.863806E-01   0.316003E+07   0.314474E+07   0.211393E+02  -0.105946E+02   0.000000E+00   0.315766E+07   0.315766E+07   0.315766E+07  -0.750520E-01   0.165548E+07   0.165527E+07   0.799290E+00
   0.906996E-01   0.295045E+07   0.293414E+07   0.179000E+02  -0.897152E+01   0.000000E+00   0.294792E+07   0.294792E+07   0.294792E+07  -0.700669E-01   0.154552E+07   0.154531E+07   0.777683E+00
   0.960627E-01   0.271921E+07   0.270229E+07   0.147046E+02  -0.737025E+01   0.000000E+00   0.271659E+07   0.271659E+07   0.271659E+07  -0.645685E-01   0.142424E+07   0.142403E+07   0.731088E+00
   0.101426E+00   0.252652E+07   0.250996E+07   0.122552E+02  -0.614264E+01   0.000000E+00   0.252396E+07   0.252396E+07   0.252396E+07  -0.599900E-01   0.132325E+07   0.132305E+07   0.660619E+00
   0.106789E+00   0.237334E+07   0.235809E+07   0.103852E+02  -0.520527E+01   0.000000E+00   0.237098E+07   0.237098E+07   0.237098E+07  -0.563539E-01   0.124304E+07   0.124286E+07   0.573302E+00
   0.112152E+00   0.225321E+07   0.223991E+07   0.894002E+01  -0.448076E+01   0.000000E+00   0.225115E+07   0.225115E+07   0.225115E+07  -0.535058E-01   0.118022E+07   0.118006E+07   0.481006E+00
   0.117515E+00   0.215506E+07   0.214392E+07   0.778904E+01  -0.390370E+01   0.000000E+00   0.215333E+07   0.215333E+07   0.215333E+07  -0.511809E-01   0.112893E+07   0.112879E+07   0.395930E+00
   0.122878E+00   0.206763E+07   0.205843E+07   0.683590E+01  -0.342586E+01   0.000000E+00   0.206621E+07   0.206621E+07   0.206621E+07  -0.491101E-01   0.108326E+07   0.108313E+07   0.327256E+00
   0.128241E+00   0.198206E+07   0.197423E+07   0.601691E+01  -0.301534E+01   0.000000E+00   0.198085E+07   0.198085E+07   0.198085E+07  -0.470813E-01   0.103850E+07   0.103840E+07   0.279301E+00
   0.133604E+00   0.189284E+07   0.188570E+07   0.529418E+01  -0.265313E+01   0.000000E+00   0.189174E+07   0.189174E+07   0.189174E+07  -0.449632E-01   0.991782E+06   0.991681E+06   0.251335E+00
   0.138967E+00   0.179856E+07   0.179149E+07   0.464955E+01  -0.233011E+01   0.000000E+00   0.179747E+07   0.179747E+07   0.179747E+07  -0.427226E-01   0.942361E+06   0.942261E+06   0.238781E+00
   0.144330E+00   0.170155E+07   0.169411E+07   0.407758E+01  -0.204353E+01   0.000000E+00   0.170040E+07   0.170040E+07   0.170040E+07  -0.404154E-01   0.891471E+06   0.891369E+06   0.235110E+00
   0.149694E+00   0.160611E+07   0.159814E+07   0.357761E+01  -0.179303E+01   0.000000E+00   0.160487E+07   0.160487E+07   0.160487E+07  -0.381450E-01   0.841391E+06   0.841287E+06   0.233759E+00
   0.155057E+00   0.151685E+07   0.150846E+07   0.314877E+01  -0.157815E+01   0.000000E+00   0.151555E+07   0.151555E+07   0.151555E+07  -0.360219E-01   0.794563E+06   0.794457E+06   0.229651E+00
   0.160420E+00   0.143775E+07   0.142923E+07   0.278814E+01  -0.139744E+01   0.000000E+00   0.143643E+07   0.143643E+07   0.143643E+07  -0.341414E-01   0.753083E+06   0.752977E+06   0.220059E+00
   0.165783E+00   0.137112E+07   0.136282E+07   0.248962E+01  -0.124782E+01   0.000000E+00   0.136983E+07   0.136983E+07   0.136983E+07  -0.325585E-01   0.718168E+06   0.718066E+06   0.204697E+00
   0.171146E+00   0.131663E+07   0.130889E+07   0.224327E+01  -0.112434E+01   0.000000E+00   0.131543E+07   0.131543E+07   0.131543E+07  -0.312654E-01   0.689645E+06   0.689550E+06   0.185170E+00
   0.176509E+00   0.127158E+07   0.126459E+07   0.203701E+01  -0.102093E+01   0.000000E+00   0.127050E+07   0.127050E+07   0.127050E+07  -0.301974E-01   0.666087E+06   0.666000E+06   0.164103E+00
   0.181872E+00   0.123230E+07   0.122612E+07   0.185955E+01  -0.931961E+00   0.000000E+00   0.123134E+07   0.123134E+07   0.123134E+07  -0.292668E-01   0.645558E+06   0.645479E+06   0.144248E+00
   0.187235E+00   0.119536E+07   0.118988E+07   0.170209E+01  -0.853025E+00   0.000000E+00   0.119451E+07   0.119451E+07   0.119451E+07  -0.283913E-01   0.626248E+06   0.626176E+06   0.127749E+00
   0.192598E+00   0.115802E+07   0.115304E+07   0.155845E+01  -0.781027E+00   0.000000E+00   0.115725E+07   0.115725E+07   0.115725E+07  -0.275057E-01   0.606712E+06   0.606645E+06   0.115701E+00
   0.197961E+00   0.111859E+07   0.111387E+07   0.142495E+01  -0.714120E+00   0.000000E+00   0.111786E+07   0.111786E+07   0.111786E+07  -0.265696E-01   0.586063E+06   0.585999E+06   0.108066E+00
   0.203324E+00   0.107686E+07   0.107218E+07   0.130034E+01  -0.651677E+00   0.000000E+00   0.107613E+07   0.107613E+07   0.107613E+07  -0.255777E-01   0.564186E+06   0.564122E+06   0.103904E+00
   0.208687E+00   0.103397E+07   0.102919E+07   0.118513E+01  -0.593952E+00   0.000000E+00   0.103323E+07   0.103323E+07   0.103323E+07  -0.245579E-01   0.541692E+06   0.541628E+06   0.101778E+00
   0.214050E+00   0.991742E+06   0.986813E+06   0.108042E+01  -0.541483E+00   0.000000E+00   0.990979E+06   0.990979E+06   0.990979E+06  -0.235538E-01   0.519543E+06   0.519479E+06   0.100192E+00
   0.219414E+00   0.951960E+06   0.946921E+06   0.986939E+00  -0.494643E+00   0.000000E+00   0.951180E+06   0.951180E+06   0.951180E+06  -0.226078E-01   0.498678E+06   0.498614E+06   0.979502E-01
   0.224777E+00   0.915947E+06   0.910901E+06   0.904793E+00  -0.453477E+00   0.000000E+00   0.915166E+06   0.915166E+06   0.915166E+06  -0.217519E-01   0.479797E+06   0.479734E+06   0.943777E-01
   0.230140E+00   0.884356E+06   0.879430E+06   0.833337E+00  -0.417665E+00   0.000000E+00   0.883594E+06   0.883594E+06   0.883594E+06  -0.210014E-01   0.463245E+06   0.463183E+06   0.893686E-01
   0.235503E+00   0.857050E+06   0.852357E+06   0.771257E+00  -0.386548E+00   0.000000E+00   0.856324E+06   0.856324E+06   0.856324E+06  -0.203533E-01   0.448948E+06   0.448889E+06   0.832870E-01
   0.240866E+00   0.833229E+06   0.828841E+06   0.716830E+00  -0.359265E+00   0.000000E+00   0.832550E+06   0.832550E+06   0.832550E+06  -0.197882E-01   0.436483E+06   0.436428E+06   0.767742E-01
   0.246229E+00   0.811708E+06   0.807642E+06   0.668260E+00  -0.334917E+00   0.000000E+00   0.811079E+06   0.811079E+06   0.811079E+06  -0.192779E-01   0.425227E+06   0.425174E+06   0.705266E-01
   0.251592E+00   0.791211E+06   0.787434E+06   0.623938E+00  -0.312699E+00   0.000000E+00   0.790627E+06   0.790627E+06   0.790627E+06  -0.187918E-01   0.414504E+06   0.414454E+06   0.651049E-01
   0.256955E+00   0.770656E+06   0.767097E+06   0.582642E+00  -0.292000E+00   0.000000E+00   0.770105E+06   0.770105E+06   0.770105E+06  -0.183040E-01   0.403745E+06   0.403698E+06   0.608188E-01
   0.262318E+00   0.749445E+06   0.746020E+06   0.543678E+00  -0.272473E+00   0.000000E+00   0.748915E+06   0.748915E+06   0.748915E+06  -0.178004E-01   0.392635E+06   0.392590E+06   0.576991E-01
   0.267681E+00   0.727572E+06   0.724204E+06   0.506867E+00  -0.254025E+00   0.000000E+00   0.727051E+06   0.727051E+06   0.727051E+06  -0.172807E-01   0.381173E+06   0.381128E+06   0.555416E-01
   0.273044E+00   0.705454E+06   0.702090E+06   0.472329E+00  -0.236718E+00   0.000000E+00   0.704934E+06   0.704934E+06   0.704934E+06  -0.167550E-01   0.369577E+06   0.369533E+06   0.539967E-01
   0.278407E+00   0.683667E+06   0.680286E+06   0.440261E+00  -0.220649E+00   0.000000E+00   0.683144E+06   0.683144E+06   0.683144E+06  -0.162371E-01   0.358153E+06   0.358110E+06   0.526764E-01
   0.283771E+00   0.662796E+06   0.659408E+06   0.410827E+00  -0.205899E+00   0.000000E+00   0.662272E+06   0.662272E+06   0.662272E+06  -0.157410E-01   0.347211E+06   0.347167E+06   0.512549E-01
   0.289134E+00   0.643350E+06   0.639988E+06   0.384110E+00  -0.192510E+00   0.000000E+00   0.642830E+06   0.642830E+06   0.642830E+06  -0.152789E-01   0.337018E+06   0.336976E+06   0.495336E-01
   0.294497E+00   0.625634E+06   0.622339E+06   0.360049E+00  -0.180452E+00   0.000000E+00   0.625125E+06   0.625125E+06   0.625125E+06  -0.148581E-01   0.327736E+06   0.327694E+06   0.474609E-01
   0.299860E+00   0.609632E+06   0.606443E+06   0.338404E+00  -0.169603E+00   0.000000E+00   0.609139E+06   0.609139E+06   0.609139E+06  -0.144781E-01   0.319355E+06   0.319314E+06   0.451109E-01
   0.305223E+00   0.595049E+06   0.591993E+06   0.318810E+00  -0.159782E+00   0.000000E+00   0.594576E+06   0.594576E+06   0.594576E+06  -0.141320E-01   0.311720E+06   0.311681E+06   0.426393E-01
   0.310586E+00   0.581466E+06   0.578552E+06   0.300873E+00  -0.150791E+00   0.000000E+00   0.581015E+06   0.581015E+06   0.581015E+06  -0.138097E-01   0.304610E+06   0.304573E+06   0.402290E-01
   0.315949E+00   0.568461E+06   0.565679E+06   0.284249E+00  -0.142459E+00   0.000000E+00   0.568031E+06   0.568031E+06   0.568031E+06  -0.135011E-01   0.297803E+06   0.297767E+06   0.380387E-01
   0.321312E+00   0.555672E+06   0.552998E+06   0.268660E+00  -0.134645E+00   0.000000E+00   0.555258E+06   0.555258E+06   0.555258E+06  -0.131975E-01   0.291106E+06   0.291072E+06   0.361660E-01
   0.326675E+00   0.542850E+06   0.540257E+06   0.253916E+00  -0.127255E+00   0.000000E+00   0.542449E+06   0.542449E+06   0.542449E+06  -0.128930E-01   0.284391E+06   0.284357E+06   0.346345E-01
   0.332038E+00   0.529929E+06   0.527388E+06   0.239929E+00  -0.120246E+00   0.000000E+00   0.529536E+06   0.529536E+06   0.529536E+06  -0.125861E-01   0.277621E+06   0.277588E+06   0.334012E-01
   0.337401E+00   0.517015E+06   0.514504E+06   0.226696E+00  -0.113615E+00   0.000000E+00   0.516626E+06   0.516626E+06   0.516626E+06  -0.122793E-01   0.270853E+06   0.270820E+06   0.323795E-01
   0.342764E+00   0.504308E+06   0.501819E+06   0.214256E+00  -0.107380E+00   0.000000E+00   0.503923E+06   0.503923E+06   0.503923E+06  -0.119774E-01   0.264193E+06   0.264161E+06   0.314656E-01
   0.348127E+00   0.492022E+06   0.489553E+06   0.202642E+00  -0.101560E+00   0.000000E+00   0.491640E+06   0.491640E+06   0.491640E+06  -0.116854E-01   0.257753E+06   0.257721E+06   0.305654E-01
   0.353491E+00   0.480328E+06   0.477890E+06   0.191867E+00  -0.961600E-01   0.000000E+00   0.479951E+06   0.479951E+06   0.479951E+06  -0.114076E-01   0.251625E+06   0.251594E+06   0.296145E-01
   0.358854E+00   0.469335E+06   0.466940E+06   0.181913E+00  -0.911714E-01   0.000000E+00   0.468965E+06   0.468965E+06   0.468965E+06  -0.111464E-01   0.245865E+06   0.245835E+06   0.285878E-01
   0.364217E+00   0.459056E+06   0.456718E+06   0.172728E+00  -0.865679E-01   0.000000E+00   0.458694E+06   0.458694E+06   0.458694E+06  -0.109023E-01   0.240481E+06   0.240451E+06   0.274959E-01
   0.369580E+00   0.449412E+06   0.447139E+06   0.164228E+00  -0.823078E-01   0.000000E+00   0.449060E+06   0.449060E+06   0.449060E+06  -0.106734E-01   0.235430E+06   0.235401E+06   0.263753E-01
   0.374943E+00   0.440266E+06   0.438063E+06   0.156318E+00  -0.783431E-01   0.000000E+00   0.439925E+06   0.439925E+06   0.439925E+06  -0.104562E-01   0.230641E+06   0.230612E+06   0.252738E-01
   0.380306E+00   0.431473E+06   0.429338E+06   0.148907E+00  -0.746288E-01   0.000000E+00   0.431143E+06   0.431143E+06   0.431143E+06  -0.102475E-01   0.226036E+06   0.226009E+06   0.242366E-01
   0.385669E+00   0.422906E+06   0.420830E+06   0.141921E+00  -0.711271E-01   0.000000E+00   0.422585E+06   0.422585E+06   0.422585E+06  -0.100441E-01   0.221549E+06   0.221523E+06   0.232957E-01
   0.391032E+00   0.414464E+06   0.412440E+06   0.135299E+00  -0.678086E-01   0.000000E+00   0.414151E+06   0.414151E+06   0.414151E+06  -0.984363E-02   0.217128E+06   0.217102E+06   0.224631E-01
   0.396395E+00   0.406098E+06   0.404113E+06   0.129005E+00  -0.646541E-01   0.000000E+00   0.405790E+06   0.405790E+06   0.405790E+06  -0.964491E-02   0.212745E+06   0.212719E+06   0.217315E-01
   0.401758E+00   0.397818E+06   0.395865E+06   0.123023E+00  -0.616561E-01   0.000000E+00   0.397516E+06   0.397516E+06   0.397516E+06  -0.944824E-02   0.208407E+06   0.208381E+06   0.210799E-01
   0.407121E+00   0.389689E+06   0.387763E+06   0.117354E+00  -0.588152E-01   0.000000E+00   0.389391E+06   0.389391E+06   0.389391E+06  -0.925512E-02   0.204147E+06   0.204122E+06   0.204805E-01
   0.412484E+00   0.381783E+06   0.379883E+06   0.112002E+00  -0.561331E-01   0.000000E+00   0.381489E+06   0.381489E+06   0.381489E+06  -0.906732E-02   0.200004E+06   0.199980E+06   0.199058E-01
   0.417848E+00   0.374153E+06   0.372280E+06   0.106964E+00  -0.536079E-01   0.000000E+00   0.373863E+06   0.373863E+06   0.373863E+06  -0.888605E-02   0.196006E+06   0.195982E+06   0.193342E-01
   0.423211E+00   0.366828E+06   0.364986E+06   0.102228E+00  -0.512347E-01   0.000000E+00   0.366543E+06   0.366543E+06   0.366543E+06  -0.871206E-02   0.192168E+06   0.192144E+06   0.187543E-01
   0.428574E+00   0.359827E+06   0.358019E+06   0.977831E-01  -0.490069E-01   0.000000E+00   0.359547E+06   0.359547E+06   0.359547E+06  -0.854579E-02   0.188501E+06   0.188477E+06   0.181653E-01
   0.433937E+00   0.353142E+06   0.351372E+06   0.936093E-01  -0.469151E-01   0.000000E+00   0.352868E+06   0.352868E+06   0.352868E+06  -0.838705E-02   0.184999E+06   0.184976E+06   0.175748E-01
   0.439300E+00   0.346731E+06   0.345001E+06   0.896799E-01  -0.449456E-01   0.000000E+00   0.346463E+06   0.346463E+06   0.346463E+06  -0.823481E-02   0.181641E+06   0.181619E+06   0.169945E-01
   0.444663E+00   0.340531E+06   0.338840E+06   0.859649E-01  -0.430837E-01   0.000000E+00   0.340270E+06   0.340270E+06   0.340270E+06  -0.808760E-02   0.178394E+06   0.178372E+06   0.164369E-01
   0.450026E+00   0.334495E+06   0.332840E+06   0.824407E-01  -0.413174E-01   0.000000E+00   0.334239E+06   0.334239E+06   0.334239E+06  -0.794425E-02   0.175232E+06   0.175211E+06   0.159118E-01
   0.455389E+00   0.328593E+06   0.326971E+06   0.790900E-01  -0.396381E-01   0.000000E+00   0.328342E+06   0.328342E+06   0.328342E+06  -0.780410E-02   0.172141E+06   0.172120E+06   0.154246E-01
   0.460752E+00   0.322806E+06   0.321214E+06   0.758989E-01  -0.380388E-01   0.000000E+00   0.322560E+06   0.322560E+06   0.322560E+06  -0.766666E-02   0.169109E+06   0.169088E+06   0.149751E-01
   0.466115E+00   0.317117E+06   0.315552E+06   0.728554E-01  -0.365135E-01   0.000000E+00   0.316875E+06   0.316875E+06   0.316875E+06  -0.753156E-02   0.166129E+06   0.166109E+06   0.145585E-01
   0.471478E+00   0.311533E+06   0.309991E+06   0.699532E-01  -0.350590E-01   0.000000E+00   0.311294E+06   0.311294E+06   0.311294E+06  -0.739891E-02   0.163203E+06   0.163183E+06   0.141671E-01
   0.476841E+00   0.306078E+06   0.304559E+06   0.671908E-01  -0.336746E-01   0.000000E+00   0.305843E+06   0.305843E+06   0.305843E+06  -0.726933E-02   0.160345E+06   0.160325E+06   0.137930E-01
   0.482204E+00   0.300778E+06   0.299281E+06   0.645666E-01  -0.323594E-01   0.000000E+00   0.300546E+06   0.300546E+06   0.300546E+06  -0.714344E-02   0.157568E+06   0.157549E+06   0.134294E-01
   0.487568E+00   0.295641E+06   0.294168E+06   0.620755E-01  -0.311109E-01   0.000000E+00   0.295413E+06   0.295413E+06   0.295413E+06  -0.702145E-02   0.154877E+06   0.154858E+06   0.130715E-01
   0.492931E+00   0.290668E+06   0.289218E+06   0.597103E-01  -0.299255E-01   0.000000E+00   0.290443E+06   0.290443E+06   0.290443E+06  -0.690332E-02   0.152271E+06   0.152253E+06   0.127174E-01
   0.498294E+00   0.285855E+06   0.284430E+06   0.574645E-01  -0.288000E-01   0.000000E+00   0.285635E+06   0.285635E+06   0.285635E+06  -0.678903E-02   0.149750E+06   0.149732E+06   0.123680E-01
   0.503657E+00   0.281199E+06   0.279799E+06   0.553312E-01  -0.277308E-01   0.000000E+00   0.280983E+06   0.280983E+06   0.280983E+06  -0.667846E-02   0.147312E+06   0.147293E+06   0.120260E-01
   0.509020E+00   0.276682E+06   0.275307E+06   0.533012E-01  -0.267134E-01   0.000000E+00   0.276469E+06   0.276469E+06   0.276469E+06  -0.657118E-02   0.144945E+06   0.144927E+06   0.116945E-01
   0.514383E+00   0.272280E+06   0.270929E+06   0.513652E-01  -0.257431E-01   0.000000E+00   0.272071E+06   0.272071E+06   0.272071E+06  -0.646664E-02   0.142639E+06   0.142622E+06   0.113763E-01
   0.519746E+00   0.267977E+06   0.266649E+06   0.495156E-01  -0.248161E-01   0.000000E+00   0.267772E+06   0.267772E+06   0.267772E+06  -0.636445E-02   0.140385E+06   0.140368E+06   0.110733E-01
   0.525109E+00   0.263767E+06   0.262461E+06   0.477472E-01  -0.239299E-01   0.000000E+00   0.263565E+06   0.263565E+06   0.263565E+06  -0.626446E-02   0.138180E+06   0.138163E+06   0.107859E-01
   0.530472E+00   0.259645E+06   0.258359E+06   0.460555E-01  -0.230820E-01   0.000000E+00   0.259446E+06   0.259446E+06   0.259446E+06  -0.616656E-02   0.136020E+06   0.136004E+06   0.105133E-01
   0.535835E+00   0.255606E+06   0.254340E+06   0.444360E-01  -0.222704E-01   0.000000E+00   0.255410E+06   0.255410E+06   0.255410E+06  -0.607064E-02   0.133904E+06   0.133888E+06   0.102535E-01
   0.541198E+00   0.251651E+06   0.250403E+06   0.428857E-01  -0.214934E-01   0.000000E+00   0.251458E+06   0.251458E+06   0.251458E+06  -0.597671E-02   0.131833E+06   0.131816E+06   0.100040E-01
   0.546561E+00   0.247788E+06   0.246558E+06   0.414027E-01  -0.207502E-01   0.000000E+00   0.247598E+06   0.247598E+06   0.247598E+06  -0.588496E-02   0.129809E+06   0.129793E+06   0.976278E-02
   0.551925E+00   0.244025E+06   0.242812E+06   0.399852E-01  -0.200398E-01   0.000000E+00   0.243837E+06   0.243837E+06   0.243837E+06  -0.579557E-02   0.127837E+06   0.127821E+06   0.952804E-02
   0.557288E+00   0.240359E+06   0.239164E+06   0.386302E-01  -0.193606E-01   0.000000E+00   0.240174E+06   0.240174E+06   0.240174E+06  -0.570851E-02   0.125917E+06   0.125901E+06   0.929870E-02
   0.562651E+00   0.236787E+06   0.235610E+06   0.373341E-01  -0.187111E-01   0.000000E+00   0.236605E+06   0.236605E+06   0.236605E+06  -0.562368E-02   0.124045E+06   0.124030E+06   0.907439E-02
   0.568014E+00   0.233306E+06   0.232147E+06   0.360939E-01  -0.180895E-01   0.000000E+00   0.233127E+06   0.233127E+06   0.233127E+06  -0.554101E-02   0.122222E+06   0.122207E+06   0.885546E-02
   0.573377E+00   0.229915E+06   0.228773E+06   0.349070E-01  -0.174946E-01   0.000000E+00   0.229738E+06   0.229738E+06   0.229738E+06  -0.546046E-02   0.120445E+06   0.120430E+06   0.864263E-02
   0.578740E+00   0.226605E+06   0.225481E+06   0.337699E-01  -0.169247E-01   0.000000E+00   0.226431E+06   0.226431E+06   0.226431E+06  -0.538187E-02   0.118712E+06   0.118697E+06   0.843662E-02
   0.584103E+00   0.223369E+06   0.222261E+06   0.326791E-01  -0.163781E-01   0.000000E+00   0.223197E+06   0.223197E+06   0.223197E+06  -0.530500E-02   0.117016E+06   0.117002E+06   0.823788E-02
   0.589466E+00   0.220198E+06   0.219106E+06   0.316317E-01  -0.158531E-01   0.000000E+00   0.220029E+06   0.220029E+06   0.220029E+06  -0.522970E-02   0.115355E+06   0.115341E+06   0.804659E-02
   0.594829E+00   0.217094E+06   0.216018E+06   0.306260E-01  -0.153491E-01   0.000000E+00   0.216928E+06   0.216928E+06   0.216928E+06  -0.515598E-02   0.113729E+06   0.113715E+06   0.786266E-02
   0.600192E+00   0.214055E+06   0.212994E+06   0.296600E-01  -0.148650E-01   0.000000E+00   0.213891E+06   0.213891E+06   0.213891E+06  -0.508381E-02   0.112137E+06   0.112123E+06   0.768563E-02
   0.605555E+00   0.211078E+06   0.210031E+06   0.287318E-01  -0.143998E-01   0.000000E+00   0.210916E+06   0.210916E+06   0.210916E+06  -0.501310E-02   0.110578E+06   0.110564E+06   0.751477E-02
   0.610918E+00   0.208161E+06   0.207128E+06   0.278394E-01  -0.139525E-01   0.000000E+00   0.208002E+06   0.208002E+06   0.208002E+06  -0.494382E-02   0.109049E+06   0.109036E+06   0.734928E-02
   0.616281E+00   0.205307E+06   0.204288E+06   0.269818E-01  -0.135227E-01   0.000000E+00   0.205149E+06   0.205149E+06   0.205149E+06  -0.487602E-02   0.107554E+06   0.107541E+06   0.718855E-02
   0.621645E+00   0.202517E+06   0.201512E+06   0.261579E-01  -0.131098E-01   0.000000E+00   0.202362E+06   0.202362E+06   0.202362E+06  -0.480977E-02   0.106093E+06   0.106079E+06   0.703216E-02
   0.627008E+00   0.199791E+06   0.198799E+06   0.253662E-01  -0.127130E-01   0.000000E+00   0.199637E+06   0.199637E+06   0.199637E+06  -0.474502E-02   0.104664E+06   0.104651E+06   0.687978E-02
   0.680214E+00   0.175630E+06   0.174759E+06   0.189467E-01  -0.949570E-02   0.000000E+00   0.175495E+06   0.175495E+06   0.175495E+06  -0.417121E-02   0.920073E+05   0.919959E+05   0.558311E-02
   0.737935E+00   0.154242E+06   0.153477E+06   0.141382E-01  -0.708577E-02   0.000000E+00   0.154124E+06   0.154124E+06   0.154124E+06  -0.366325E-02   0.808029E+05   0.807929E+05   0.452987E-02
   0.800554E+00   0.135340E+06   0.134669E+06   0.105408E-01  -0.528283E-02   0.000000E+00   0.135237E+06   0.135237E+06   0.135237E+06  -0.321433E-02   0.709009E+05   0.708920E+05   0.367410E-02
   0.868486E+00   0.118652E+06   0.118063E+06   0.785187E-02  -0.393522E-02   0.000000E+00   0.118561E+06   0.118561E+06   0.118561E+06  -0.281798E-02   0.621581E+05   0.621504E+05   0.297890E-02
   0.942183E+00   0.103933E+06   0.103417E+06   0.584393E-02  -0.292888E-02   0.000000E+00   0.103853E+06   0.103853E+06   0.103853E+06  -0.246840E-02   0.544472E+05   0.544404E+05   0.241464E-02
   0.101542E+01   0.919539E+05   0.914980E+05   0.445144E-02  -0.223099E-02   0.000000E+00   0.918833E+05   0.918833E+05   0.918833E+05  -0.218390E-02   0.481719E+05   0.481659E+05   0.199055E-02
   0.126811E+01   0.636651E+05   0.633495E+05   0.197611E-02  -0.990402E-03   0.000000E+00   0.636163E+05   0.636163E+05   0.636163E+05  -0.151204E-02   0.333523E+05   0.333480E+05   0.112232E-02
   0.158368E+01   0.438058E+05   0.435888E+05   0.871803E-03  -0.436943E-03   0.000000E+00   0.437723E+05   0.437723E+05   0.437723E+05  -0.104039E-02   0.229486E+05   0.229456E+05   0.634612E-03
   0.197777E+01   0.299392E+05   0.297909E+05   0.382035E-03  -0.191478E-03   0.000000E+00   0.299163E+05   0.299163E+05   0.299163E+05  -0.711057E-03   0.156843E+05   0.156822E+05   0.361242E-03
   0.246994E+01   0.203000E+05   0.201995E+05   0.166085E-03  -0.832457E-04   0.000000E+00   0.202845E+05   0.202845E+05   0.202845E+05  -0.482126E-03   0.106346E+05   0.106331E+05   0.207963E-03
   0.308458E+01   0.136227E+05   0.135552E+05   0.714604E-04  -0.358194E-04   0.000000E+00   0.136123E+05   0.136123E+05   0.136123E+05  -0.323539E-03   0.713658E+04   0.713545E+04   0.121681E-03
   0.385217E+01   0.900844E+04   0.896385E+04   0.302980E-04  -0.151880E-04   0.000000E+00   0.900154E+04   0.900154E+04   0.900154E+04  -0.213950E-03   0.471931E+04   0.471847E+04   0.726439E-04
   0.481078E+01   0.582520E+04   0.579638E+04   0.125611E-04  -0.629750E-05   0.000000E+00   0.582074E+04   0.582074E+04   0.582074E+04  -0.138349E-03   0.305171E+04   0.305107E+04   0.442524E-04
   0.600794E+01   0.363326E+04   0.361530E+04   0.502282E-05  -0.251869E-05   0.000000E+00   0.363048E+04   0.363048E+04   0.363048E+04  -0.862901E-04   0.190341E+04   0.190292E+04   0.272779E-04
   0.750301E+01   0.213157E+04   0.212104E+04   0.188912E-05  -0.947591E-06   0.000000E+00   0.212994E+04   0.212994E+04   0.212994E+04  -0.506248E-04   0.111672E+04   0.111634E+04   0.166142E-04
   0.937012E+01   0.111942E+04   0.111391E+04   0.635950E-06  -0.319151E-06   0.000000E+00   0.111857E+04   0.111857E+04   0.111857E+04  -0.265864E-04   0.586475E+03   0.586208E+03   0.948680E-05
   0.117019E+02   0.468559E+03   0.466262E+03   0.170607E-06  -0.856861E-07   0.000000E+00   0.468204E+03   0.468204E+03   0.468204E+03  -0.111284E-04   0.245493E+03   0.245335E+03   0.449740E-05
   0.146139E+02   0.992777E+02   0.988001E+02   0.231614E-07  -0.116492E-07   0.000000E+00   0.992038E+02   0.992038E+02   0.992038E+02  -0.235790E-05   0.520194E+02   0.519700E+02   0.112778E-05
   0.182505E+02  -0.472662E+02  -0.470302E+02  -0.706550E-08   0.355680E-08   0.000000E+00  -0.472297E+02  -0.472297E+02  -0.472297E+02   0.112256E-05  -0.247664E+02  -0.247332E+02  -0.606682E-06
   0.227921E+02  -0.442956E+02  -0.440832E+02  -0.423883E-08   0.214054E-08   0.000000E+00  -0.442628E+02  -0.442628E+02  -0.442628E+02   0.105205E-05  -0.232144E+02  -0.231664E+02  -0.701871E-06
   0.284639E+02   0.144866E+01   0.143746E+01   0.886807E-10  -0.449047E-10   0.000000E+00   0.144693E+01   0.144693E+01   0.144693E+01  -0.343909E-07   0.758939E+00   0.756589E+00   0.275402E-07
   0.355471E+02   0.632020E+01   0.629334E+01   0.247098E-09  -0.126289E-09   0.000000E+00   0.631605E+01   0.631605E+01   0.631605E+01  -0.150121E-06   0.331460E+01   0.329823E+01   0.153634E-06
   0.443930E+02  -0.294370E+01  -0.293108E+01  -0.734073E-10   0.378555E-10   0.000000E+00  -0.294174E+01  -0.294174E+01  -0.294174E+01   0.699200E-07  -0.154442E+01  -0.153282E+01  -0.871968E-07
   0.554402E+02   0.114201E+01   0.113800E+01   0.180847E-10  -0.949972E-11   0.000000E+00   0.114139E+01   0.114139E+01   0.114139E+01  -0.271287E-07   0.599799E+00   0.592685E+00   0.428061E-07
   0.692364E+02  -0.110954E+00  -0.112653E+00  -0.111121E-11   0.602389E-12   0.000000E+00  -0.111217E+00  -0.111217E+00  -0.111217E+00   0.264342E-08  -0.585399E-01  -0.574234E-01  -0.537961E-08
   0.864658E+02  -0.175872E+00  -0.175631E+00  -0.110387E-11   0.618300E-12   0.000000E+00  -0.175835E+00  -0.175835E+00  -0.175835E+00   0.417928E-08  -0.926809E-01  -0.900069E-01  -0.103162E-07
   0.107983E+03  -0.529155E-01  -0.533424E-01  -0.204676E-12   0.123079E-12   0.000000E+00  -0.529815E-01  -0.529815E-01  -0.529815E-01   0.125928E-08  -0.280210E-01  -0.267158E-01  -0.403202E-08
   0.134854E+03   0.263860E-01   0.257172E-01   0.613429E-13  -0.408144E-13   0.000000E+00   0.262825E-01   0.262825E-01   0.262825E-01  -0.624688E-09   0.139685E-01   0.129870E-01   0.242780E-08
   0.168412E+03  -0.537087E-02  -0.549882E-02  -0.692718E-14   0.583720E-14   0.000000E+00  -0.539067E-02  -0.539067E-02  -0.539067E-02   0.128126E-09  -0.289493E-02  -0.253081E-02  -0.721228E-09
   0.210322E+03   0.896462E-03   0.637515E-03   0.821899E-15  -0.545555E-15   0.000000E+00   0.856402E-03   0.856402E-03   0.856402E-03  -0.203551E-10   0.455037E-03   0.422856E-03   0.510412E-10
   0.262660E+03  -0.127764E-02  -0.106728E-02  -0.446326E-15   0.642079E-15   0.000000E+00  -0.124510E-02  -0.124510E-02  -0.124510E-02   0.295938E-10  -0.682261E-03  -0.524915E-03  -0.199830E-09
   0.328022E+03   0.137879E-03   0.857335E-04   0.655307E-16  -0.251112E-16   0.000000E+00   0.129812E-03   0.129812E-03   0.129812E-03  -0.308539E-11   0.668257E-04   0.681786E-04  -0.137579E-11
   0.409650E+03   0.180513E-03   0.116868E-03  -0.968680E-18  -0.503269E-16   0.000000E+00   0.170667E-03   0.170667E-03   0.170667E-03  -0.405644E-11   0.988509E-04   0.579026E-04   0.333443E-10
   0.511591E+03   0.339445E-04   0.117069E-04  -0.131214E-16  -0.146386E-16   0.000000E+00   0.305042E-04   0.305042E-04   0.305042E-04  -0.725030E-12   0.228845E-04   0.277590E-05   0.131117E-10
