#           k/h    P           
   0.104501E-04   0.495834E+02
   0.127095E-04   0.599377E+02
   0.154573E-04   0.724543E+02
   0.187992E-04   0.875845E+02
   0.228637E-04   0.105874E+03
   0.278068E-04   0.127983E+03
   0.338188E-04   0.154708E+03
   0.411305E-04   0.187013E+03
   0.500230E-04   0.226061E+03
   0.608381E-04   0.273261E+03
   0.739915E-04   0.330311E+03
   0.899887E-04   0.399263E+03
   0.109444E-03   0.482594E+03
   0.133107E-03   0.583290E+03
   0.161885E-03   0.704950E+03
   0.196885E-03   0.851901E+03
   0.239452E-03   0.102934E+04
   0.291222E-03   0.124347E+04
   0.354185E-03   0.150170E+04
   0.430761E-03   0.181280E+04
   0.523892E-03   0.218706E+04
   0.637159E-03   0.263647E+04
   0.774915E-03   0.317484E+04
   0.942454E-03   0.381781E+04
   0.114621E-02   0.458276E+04
   0.139403E-02   0.548833E+04
   0.169542E-02   0.655356E+04
   0.206198E-02   0.779654E+04
   0.250778E-02   0.923222E+04
   0.304997E-02   0.108694E+05
   0.370939E-02   0.127067E+05
   0.451137E-02   0.147273E+05
   0.548674E-02   0.168928E+05
   0.667298E-02   0.191355E+05
   0.811570E-02   0.213507E+05
   0.987034E-02   0.233944E+05
   0.120043E-01   0.250591E+05
   0.145997E-01   0.261258E+05
   0.177562E-01   0.262989E+05
   0.215952E-01   0.253819E+05
   0.259142E-01   0.234615E+05
   0.302332E-01   0.211661E+05
   0.345522E-01   0.189000E+05
   0.388713E-01   0.169009E+05
   0.431903E-01   0.152697E+05
   0.475093E-01   0.140011E+05
   0.518284E-01   0.130685E+05
   0.561474E-01   0.123495E+05
   0.604664E-01   0.117600E+05
   0.647855E-01   0.112081E+05
   0.691045E-01   0.106312E+05
   0.734235E-01   0.999537E+04
   0.777425E-01   0.930126E+04
   0.820616E-01   0.857322E+04
   0.863806E-01   0.785149E+04
   0.906996E-01   0.717438E+04
   0.960627E-01   0.644132E+04
   0.101426E+00   0.586073E+04
   0.106789E+00   0.543658E+04
   0.112152E+00   0.513924E+04
   0.117515E+00   0.492004E+04
   0.122878E+00   0.473015E+04
   0.128241E+00   0.453113E+04
   0.133604E+00   0.429996E+04
   0.138967E+00   0.403300E+04
   0.144330E+00   0.374405E+04
   0.149694E+00   0.345522E+04
   0.155057E+00   0.318822E+04
   0.160420E+00   0.295996E+04
   0.165783E+00   0.277901E+04
   0.171146E+00   0.264295E+04
   0.176509E+00   0.254030E+04
   0.181872E+00   0.245636E+04
   0.187235E+00   0.237763E+04
   0.192598E+00   0.229352E+04
   0.197961E+00   0.219778E+04
   0.203324E+00   0.209021E+04
   0.208687E+00   0.197609E+04
   0.214050E+00   0.186304E+04
   0.219414E+00   0.175806E+04
   0.224777E+00   0.166599E+04
   0.230140E+00   0.158892E+04
   0.235503E+00   0.152605E+04
   0.240866E+00   0.147431E+04
   0.246229E+00   0.142943E+04
   0.251592E+00   0.138691E+04
   0.256955E+00   0.134302E+04
   0.262318E+00   0.129581E+04
   0.267681E+00   0.124544E+04
   0.273044E+00   0.119355E+04
   0.278407E+00   0.114223E+04
   0.283771E+00   0.109354E+04
   0.289134E+00   0.104915E+04
   0.294497E+00   0.100998E+04
   0.299860E+00   0.975905E+03
   0.305223E+00   0.945916E+03
   0.310586E+00   0.918637E+03
   0.315949E+00   0.892729E+03
   0.321312E+00   0.867062E+03
   0.326675E+00   0.840905E+03
   0.332038E+00   0.814094E+03
   0.337401E+00   0.787013E+03
   0.342764E+00   0.760319E+03
   0.348127E+00   0.734679E+03
   0.353491E+00   0.710614E+03
   0.358854E+00   0.688429E+03
   0.364217E+00   0.668145E+03
   0.369580E+00   0.649512E+03
   0.374943E+00   0.632122E+03
   0.380306E+00   0.615552E+03
   0.385669E+00   0.599440E+03
   0.391032E+00   0.583513E+03
   0.396395E+00   0.567638E+03
   0.401758E+00   0.551868E+03
   0.407121E+00   0.536391E+03
   0.412484E+00   0.521417E+03
   0.417848E+00   0.507090E+03
   0.423211E+00   0.493492E+03
   0.428574E+00   0.480667E+03
   0.433937E+00   0.468593E+03
   0.439300E+00   0.457148E+03
   0.444663E+00   0.446169E+03
   0.450026E+00   0.435526E+03
   0.455389E+00   0.425151E+03
   0.460752E+00   0.414993E+03
   0.466115E+00   0.405015E+03
   0.471478E+00   0.395235E+03
   0.476841E+00   0.385721E+03
   0.482204E+00   0.376539E+03
   0.487568E+00   0.367711E+03
   0.492931E+00   0.359234E+03
   0.498294E+00   0.351103E+03
   0.503657E+00   0.343306E+03
   0.509020E+00   0.335798E+03
   0.514383E+00   0.328521E+03
   0.519746E+00   0.321438E+03
   0.525109E+00   0.314534E+03
   0.530472E+00   0.307799E+03
   0.535835E+00   0.301223E+03
   0.541198E+00   0.294808E+03
   0.546561E+00   0.288574E+03
   0.551925E+00   0.282537E+03
   0.557288E+00   0.276696E+03
   0.562651E+00   0.271040E+03
   0.568014E+00   0.265563E+03
   0.573377E+00   0.260261E+03
   0.578740E+00   0.255117E+03
   0.584103E+00   0.250110E+03
   0.589466E+00   0.245226E+03
   0.594829E+00   0.240465E+03
   0.600192E+00   0.235826E+03
   0.605555E+00   0.231300E+03
   0.610918E+00   0.226884E+03
   0.616281E+00   0.222584E+03
   0.621645E+00   0.218405E+03
   0.627008E+00   0.214344E+03
   0.680214E+00   0.179266E+03
   0.737935E+00   0.149645E+03
   0.800554E+00   0.124704E+03
   0.868486E+00   0.103745E+03
   0.942183E+00   0.861665E+02
   0.101542E+01   0.725498E+02
   0.126811E+01   0.432007E+02
   0.158368E+01   0.254341E+02
   0.197777E+01   0.148012E+02
   0.246994E+01   0.850391E+01
   0.308458E+01   0.481101E+01
   0.385217E+01   0.266665E+01
   0.481078E+01   0.143513E+01
   0.600794E+01   0.738077E+00
   0.750301E+01   0.352641E+00
   0.937012E+01   0.148617E+00
   0.117019E+02   0.498472E-01
   0.146139E+02   0.104176E-01
   0.182505E+02   0.491603E-03
   0.227921E+02   0.209030E-03
   0.284639E+02   0.186344E-03
   0.355471E+02   0.829724E-06
   0.443930E+02   0.541208E-05
   0.554402E+02   0.158397E-05
   0.692364E+02   0.281460E-06
   0.864658E+02   0.881562E-09
   0.107983E+03   0.931854E-08
   0.134854E+03   0.775823E-09
   0.168412E+03   0.399676E-09
   0.210322E+03   0.723625E-11
   0.262660E+03   0.235069E-11
   0.328022E+03   0.142758E-11
   0.409650E+03   0.142195E-12
   0.511591E+03   0.402788E-13
