#          k/h    CDM            baryon         photon         nu             mass_nu        total          no_nu          total_de       Weyl           v_CDM          v_b            v_b-v_c     
   0.104501E-04   0.198309E+08   0.198309E+08   0.264274E+08   0.264270E+08   0.000000E+00   0.198309E+08   0.198309E+08   0.198387E+08  -0.471824E+00   0.103990E+08   0.103990E+08   0.584369E+01
   0.127095E-04   0.198309E+08   0.198309E+08   0.264208E+08   0.264202E+08   0.000000E+00   0.198309E+08   0.198309E+08   0.198386E+08  -0.471824E+00   0.103990E+08   0.103990E+08   0.710664E+01
   0.154573E-04   0.198309E+08   0.198309E+08   0.264110E+08   0.264102E+08   0.000000E+00   0.198309E+08   0.198309E+08   0.198386E+08  -0.471823E+00   0.103990E+08   0.103990E+08   0.864226E+01
   0.187992E-04   0.198308E+08   0.198308E+08   0.263966E+08   0.263953E+08   0.000000E+00   0.198308E+08   0.198308E+08   0.198386E+08  -0.471823E+00   0.103990E+08   0.103990E+08   0.105092E+02
   0.228637E-04   0.198308E+08   0.198308E+08   0.263752E+08   0.263734E+08   0.000000E+00   0.198308E+08   0.198308E+08   0.198385E+08  -0.471821E+00   0.103989E+08   0.103989E+08   0.127785E+02
   0.278068E-04   0.198307E+08   0.198307E+08   0.263436E+08   0.263409E+08   0.000000E+00   0.198307E+08   0.198307E+08   0.198385E+08  -0.471819E+00   0.103989E+08   0.103989E+08   0.155363E+02
   0.338188E-04   0.198306E+08   0.198306E+08   0.262969E+08   0.262929E+08   0.000000E+00   0.198306E+08   0.198306E+08   0.198384E+08  -0.471817E+00   0.103989E+08   0.103988E+08   0.188864E+02
   0.411305E-04   0.198305E+08   0.198305E+08   0.262280E+08   0.262221E+08   0.000000E+00   0.198305E+08   0.198305E+08   0.198382E+08  -0.471812E+00   0.103988E+08   0.103988E+08   0.229535E+02
   0.500230E-04   0.198303E+08   0.198303E+08   0.261263E+08   0.261177E+08   0.000000E+00   0.198303E+08   0.198303E+08   0.198380E+08  -0.471806E+00   0.103987E+08   0.103987E+08   0.278872E+02
   0.608381E-04   0.198300E+08   0.198300E+08   0.259767E+08   0.259640E+08   0.000000E+00   0.198300E+08   0.198300E+08   0.198376E+08  -0.471797E+00   0.103985E+08   0.103985E+08   0.338646E+02
   0.739915E-04   0.198296E+08   0.198295E+08   0.257568E+08   0.257381E+08   0.000000E+00   0.198296E+08   0.198296E+08   0.198371E+08  -0.471784E+00   0.103983E+08   0.103983E+08   0.410930E+02
   0.899887E-04   0.198289E+08   0.198289E+08   0.254346E+08   0.254073E+08   0.000000E+00   0.198289E+08   0.198289E+08   0.198364E+08  -0.471765E+00   0.103979E+08   0.103979E+08   0.498104E+02
   0.109444E-03   0.198280E+08   0.198279E+08   0.249649E+08   0.249252E+08   0.000000E+00   0.198280E+08   0.198280E+08   0.198353E+08  -0.471736E+00   0.103974E+08   0.103974E+08   0.602808E+02
   0.133107E-03   0.198266E+08   0.198265E+08   0.242848E+08   0.242273E+08   0.000000E+00   0.198266E+08   0.198266E+08   0.198337E+08  -0.471694E+00   0.103967E+08   0.103967E+08   0.727812E+02
   0.161885E-03   0.198245E+08   0.198244E+08   0.233100E+08   0.232278E+08   0.000000E+00   0.198245E+08   0.198245E+08   0.198313E+08  -0.471631E+00   0.103956E+08   0.103955E+08   0.875709E+02
   0.196885E-03   0.198215E+08   0.198213E+08   0.219344E+08   0.218187E+08   0.000000E+00   0.198214E+08   0.198214E+08   0.198279E+08  -0.471541E+00   0.103940E+08   0.103939E+08   0.104835E+03
   0.239452E-03   0.198170E+08   0.198167E+08   0.200370E+08   0.198781E+08   0.000000E+00   0.198170E+08   0.198170E+08   0.198228E+08  -0.471409E+00   0.103916E+08   0.103915E+08   0.124582E+03
   0.291222E-03   0.198105E+08   0.198101E+08   0.175089E+08   0.172986E+08   0.000000E+00   0.198104E+08   0.198104E+08   0.198155E+08  -0.471219E+00   0.103881E+08   0.103880E+08   0.146480E+03
   0.354185E-03   0.198010E+08   0.198004E+08   0.143125E+08   0.140497E+08   0.000000E+00   0.198010E+08   0.198010E+08   0.198051E+08  -0.470948E+00   0.103831E+08   0.103829E+08   0.169625E+03
   0.430761E-03   0.197874E+08   0.197865E+08   0.105847E+08   0.102842E+08   0.000000E+00   0.197873E+08   0.197873E+08   0.197904E+08  -0.470567E+00   0.103758E+08   0.103755E+08   0.192269E+03
   0.523892E-03   0.197680E+08   0.197668E+08   0.675524E+07   0.645835E+07   0.000000E+00   0.197678E+08   0.197678E+08   0.197698E+08  -0.470041E+00   0.103654E+08   0.103651E+08   0.211661E+03
   0.637159E-03   0.197408E+08   0.197391E+08   0.355552E+07   0.332986E+07   0.000000E+00   0.197405E+08   0.197405E+08   0.197415E+08  -0.469328E+00   0.103508E+08   0.103504E+08   0.224270E+03
   0.774915E-03   0.197030E+08   0.197008E+08   0.167721E+07   0.158427E+07   0.000000E+00   0.197027E+08   0.197027E+08   0.197032E+08  -0.468378E+00   0.103307E+08   0.103302E+08   0.226761E+03
   0.942454E-03   0.196517E+08   0.196489E+08   0.105472E+07   0.108379E+07   0.000000E+00   0.196512E+08   0.196512E+08   0.196516E+08  -0.467124E+00   0.103034E+08   0.103028E+08   0.217580E+03
   0.114621E-02   0.195828E+08   0.195796E+08   0.714772E+06   0.768131E+06   0.000000E+00   0.195823E+08   0.195823E+08   0.195825E+08  -0.465470E+00   0.102670E+08   0.102664E+08   0.197848E+03
   0.139403E-02   0.194917E+08   0.194882E+08   0.255380E+06   0.283404E+06   0.000000E+00   0.194912E+08   0.194912E+08   0.194913E+08  -0.463292E+00   0.102191E+08   0.102184E+08   0.170461E+03
   0.169542E-02   0.193726E+08   0.193689E+08   0.148031E+06  -0.168798E+06   0.000000E+00   0.193720E+08   0.193720E+08   0.193720E+08  -0.460450E+00   0.101565E+08   0.101558E+08   0.139579E+03
   0.206198E-02   0.192184E+08   0.192147E+08   0.260608E+04  -0.113191E+06   0.000000E+00   0.192178E+08   0.192178E+08   0.192178E+08  -0.456781E+00   0.100755E+08   0.100749E+08   0.110908E+03
   0.250778E-02   0.190212E+08   0.190174E+08   0.876017E+04  -0.757300E+05   0.000000E+00   0.190206E+08   0.190206E+08   0.190206E+08  -0.452091E+00   0.997206E+07   0.997140E+07   0.885895E+02
   0.304997E-02   0.187718E+08   0.187677E+08   0.240027E+04  -0.505230E+05   0.000000E+00   0.187712E+08   0.187712E+08   0.187712E+08  -0.446160E+00   0.984124E+07   0.984057E+07   0.726421E+02
   0.370939E-02   0.184603E+08   0.184557E+08  -0.169036E+05  -0.335881E+05   0.000000E+00   0.184596E+08   0.184596E+08   0.184596E+08  -0.438754E+00   0.967786E+07   0.967720E+07   0.596295E+02
   0.451137E-02   0.180761E+08   0.180710E+08  -0.135723E+05  -0.222342E+05   0.000000E+00   0.180753E+08   0.180753E+08   0.180753E+08  -0.429620E+00   0.947638E+07   0.947572E+07   0.483072E+02
   0.548674E-02   0.176083E+08   0.176021E+08  -0.121024E+05  -0.146422E+05   0.000000E+00   0.176073E+08   0.176073E+08   0.176073E+08  -0.418495E+00   0.923099E+07   0.923034E+07   0.395070E+02
   0.667298E-02   0.170455E+08   0.170380E+08  -0.102647E+05  -0.958241E+04   0.000000E+00   0.170443E+08   0.170443E+08   0.170443E+08  -0.405114E+00   0.893582E+07   0.893518E+07   0.321087E+02
   0.811570E-02   0.163765E+08   0.163671E+08  -0.635285E+04  -0.622391E+04   0.000000E+00   0.163751E+08   0.163751E+08   0.163751E+08  -0.389207E+00   0.858496E+07   0.858432E+07   0.261349E+02
   0.987034E-02   0.155921E+08   0.155800E+08   0.173798E+04  -0.400608E+04   0.000000E+00   0.155902E+08   0.155902E+08   0.155902E+08  -0.370552E+00   0.817347E+07   0.817284E+07   0.213868E+02
   0.120043E-01   0.146781E+08   0.146622E+08  -0.212043E+04  -0.254948E+04   0.000000E+00   0.146756E+08   0.146756E+08   0.146756E+08  -0.348813E+00   0.769398E+07   0.769335E+07   0.175833E+02
   0.145997E-01   0.136323E+08   0.136115E+08   0.361989E+03  -0.160071E+04   0.000000E+00   0.136291E+08   0.136291E+08   0.136291E+08  -0.323939E+00   0.714531E+07   0.714467E+07   0.145741E+02
   0.177562E-01   0.124412E+08   0.124143E+08  -0.115609E+04  -0.987544E+03   0.000000E+00   0.124371E+08   0.124371E+08   0.124371E+08  -0.295607E+00   0.652038E+07   0.651974E+07   0.121480E+02
   0.215952E-01   0.111182E+08   0.110841E+08  -0.737693E+02  -0.596573E+03   0.000000E+00   0.111129E+08   0.111129E+08   0.111129E+08  -0.264135E+00   0.582620E+07   0.582554E+07   0.101482E+02
   0.259142E-01   0.978732E+07   0.974655E+07   0.223270E+02  -0.364641E+03   0.000000E+00   0.978102E+07   0.978102E+07   0.978102E+07  -0.232477E+00   0.512792E+07   0.512726E+07   0.849249E+01
   0.302332E-01   0.862869E+07   0.858358E+07  -0.705588E+02  -0.236151E+03   0.000000E+00   0.862171E+07   0.862171E+07   0.862171E+07  -0.204923E+00   0.452014E+07   0.451949E+07   0.714187E+01
   0.345522E-01   0.764398E+07   0.759727E+07  -0.252274E+02  -0.160151E+03   0.000000E+00   0.763676E+07   0.763676E+07   0.763676E+07  -0.181512E+00   0.400376E+07   0.400314E+07   0.595699E+01
   0.388713E-01   0.682810E+07   0.678251E+07  -0.193400E+02  -0.113024E+03   0.000000E+00   0.682104E+07   0.682104E+07   0.682104E+07  -0.162124E+00   0.357611E+07   0.357554E+07   0.489080E+01
   0.431903E-01   0.616742E+07   0.612527E+07  -0.181961E+02  -0.826887E+02   0.000000E+00   0.616090E+07   0.616090E+07   0.616090E+07  -0.146434E+00   0.323001E+07   0.322950E+07   0.393816E+01
   0.475093E-01   0.563896E+07   0.560188E+07   0.124662E+03  -0.624840E+02   0.000000E+00   0.563322E+07   0.563322E+07   0.563322E+07  -0.133892E+00   0.295336E+07   0.295291E+07   0.310957E+01
   0.518284E-01   0.522254E+07   0.519133E+07   0.970270E+02  -0.486303E+02   0.000000E+00   0.521772E+07   0.521772E+07   0.521772E+07  -0.124016E+00   0.273551E+07   0.273514E+07   0.241814E+01
   0.561474E-01   0.488317E+07   0.485776E+07   0.773131E+02  -0.387477E+02   0.000000E+00   0.487924E+07   0.487924E+07   0.487924E+07  -0.115971E+00   0.255805E+07   0.255774E+07   0.186861E+01
   0.604664E-01   0.459660E+07   0.457624E+07   0.627598E+02  -0.314524E+02   0.000000E+00   0.459345E+07   0.459345E+07   0.459345E+07  -0.109178E+00   0.240821E+07   0.240795E+07   0.145763E+01
   0.647855E-01   0.433951E+07   0.432298E+07   0.516189E+02  -0.258683E+02   0.000000E+00   0.433695E+07   0.433695E+07   0.433695E+07  -0.103082E+00   0.227374E+07   0.227351E+07   0.117158E+01
   0.691045E-01   0.409602E+07   0.408189E+07   0.428254E+02  -0.214612E+02   0.000000E+00   0.409384E+07   0.409384E+07   0.409384E+07  -0.973032E-01   0.214628E+07   0.214607E+07   0.989533E+00
   0.734235E-01   0.385667E+07   0.384354E+07   0.357187E+02  -0.178998E+02   0.000000E+00   0.385464E+07   0.385464E+07   0.385464E+07  -0.916179E-01   0.202087E+07   0.202068E+07   0.886116E+00
   0.777425E-01   0.361889E+07   0.360562E+07   0.298943E+02  -0.149814E+02   0.000000E+00   0.361684E+07   0.361684E+07   0.361684E+07  -0.859658E-01   0.189620E+07   0.189601E+07   0.834938E+00
   0.820616E-01   0.338482E+07   0.337069E+07   0.250925E+02  -0.125754E+02   0.000000E+00   0.338263E+07   0.338263E+07   0.338263E+07  -0.803991E-01   0.177342E+07   0.177322E+07   0.811602E+00
   0.863806E-01   0.316003E+07   0.314475E+07   0.211394E+02  -0.105947E+02   0.000000E+00   0.315767E+07   0.315767E+07   0.315767E+07  -0.750521E-01   0.165548E+07   0.165527E+07   0.796192E+00
   0.906996E-01   0.295046E+07   0.293415E+07   0.179001E+02  -0.897155E+01   0.000000E+00   0.294793E+07   0.294793E+07   0.294793E+07  -0.700671E-01   0.154552E+07   0.154531E+07   0.774639E+00
   0.960627E-01   0.271922E+07   0.270230E+07   0.147047E+02  -0.737028E+01   0.000000E+00   0.271660E+07   0.271660E+07   0.271660E+07  -0.645688E-01   0.142425E+07   0.142404E+07   0.728205E+00
   0.101426E+00   0.252653E+07   0.250997E+07   0.122553E+02  -0.614267E+01   0.000000E+00   0.252397E+07   0.252397E+07   0.252397E+07  -0.599903E-01   0.132325E+07   0.132305E+07   0.658008E+00
   0.106789E+00   0.237335E+07   0.235810E+07   0.103853E+02  -0.520530E+01   0.000000E+00   0.237099E+07   0.237099E+07   0.237099E+07  -0.563543E-01   0.124305E+07   0.124287E+07   0.571043E+00
   0.112152E+00   0.225322E+07   0.223993E+07   0.894009E+01  -0.448079E+01   0.000000E+00   0.225117E+07   0.225117E+07   0.225117E+07  -0.535062E-01   0.118023E+07   0.118007E+07   0.479126E+00
   0.117515E+00   0.215507E+07   0.214394E+07   0.778911E+01  -0.390373E+01   0.000000E+00   0.215335E+07   0.215335E+07   0.215335E+07  -0.511813E-01   0.112894E+07   0.112880E+07   0.394401E+00
   0.122878E+00   0.206765E+07   0.205845E+07   0.683597E+01  -0.342590E+01   0.000000E+00   0.206623E+07   0.206623E+07   0.206623E+07  -0.491106E-01   0.108327E+07   0.108315E+07   0.326009E+00
   0.128241E+00   0.198208E+07   0.197426E+07   0.601698E+01  -0.301537E+01   0.000000E+00   0.198087E+07   0.198087E+07   0.198087E+07  -0.470818E-01   0.103851E+07   0.103841E+07   0.278247E+00
   0.133604E+00   0.189286E+07   0.188573E+07   0.529425E+01  -0.265316E+01   0.000000E+00   0.189176E+07   0.189176E+07   0.189176E+07  -0.449638E-01   0.991795E+06   0.991694E+06   0.250390E+00
   0.138967E+00   0.179859E+07   0.179151E+07   0.464962E+01  -0.233015E+01   0.000000E+00   0.179749E+07   0.179749E+07   0.179749E+07  -0.427232E-01   0.942374E+06   0.942275E+06   0.237879E+00
   0.144330E+00   0.170158E+07   0.169414E+07   0.407765E+01  -0.204356E+01   0.000000E+00   0.170043E+07   0.170043E+07   0.170043E+07  -0.404161E-01   0.891485E+06   0.891384E+06   0.234213E+00
   0.149694E+00   0.160614E+07   0.159817E+07   0.357768E+01  -0.179307E+01   0.000000E+00   0.160490E+07   0.160490E+07   0.160490E+07  -0.381457E-01   0.841407E+06   0.841303E+06   0.232857E+00
   0.155057E+00   0.151688E+07   0.150850E+07   0.314884E+01  -0.157819E+01   0.000000E+00   0.151558E+07   0.151558E+07   0.151558E+07  -0.360227E-01   0.794581E+06   0.794474E+06   0.228757E+00
   0.160420E+00   0.143778E+07   0.142926E+07   0.278821E+01  -0.139747E+01   0.000000E+00   0.143647E+07   0.143647E+07   0.143647E+07  -0.341422E-01   0.753101E+06   0.752996E+06   0.219199E+00
   0.165783E+00   0.137115E+07   0.136286E+07   0.248969E+01  -0.124786E+01   0.000000E+00   0.136987E+07   0.136987E+07   0.136987E+07  -0.325594E-01   0.718187E+06   0.718086E+06   0.203897E+00
   0.171146E+00   0.131667E+07   0.130893E+07   0.224334E+01  -0.112437E+01   0.000000E+00   0.131547E+07   0.131547E+07   0.131547E+07  -0.312663E-01   0.689666E+06   0.689571E+06   0.184448E+00
   0.176509E+00   0.127162E+07   0.126464E+07   0.203708E+01  -0.102097E+01   0.000000E+00   0.127054E+07   0.127054E+07   0.127054E+07  -0.301984E-01   0.666109E+06   0.666022E+06   0.163468E+00
   0.181872E+00   0.123234E+07   0.122616E+07   0.185961E+01  -0.931994E+00   0.000000E+00   0.123138E+07   0.123138E+07   0.123138E+07  -0.292678E-01   0.645581E+06   0.645502E+06   0.143695E+00
   0.187235E+00   0.119540E+07   0.118993E+07   0.170215E+01  -0.853057E+00   0.000000E+00   0.119455E+07   0.119455E+07   0.119455E+07  -0.283924E-01   0.626271E+06   0.626200E+06   0.127264E+00
   0.192598E+00   0.115807E+07   0.115309E+07   0.155852E+01  -0.781059E+00   0.000000E+00   0.115730E+07   0.115730E+07   0.115730E+07  -0.275068E-01   0.606737E+06   0.606670E+06   0.115264E+00
   0.197961E+00   0.111864E+07   0.111392E+07   0.142501E+01  -0.714152E+00   0.000000E+00   0.111791E+07   0.111791E+07   0.111791E+07  -0.265707E-01   0.586089E+06   0.586025E+06   0.107659E+00
   0.203324E+00   0.107691E+07   0.107223E+07   0.130040E+01  -0.651708E+00   0.000000E+00   0.107618E+07   0.107618E+07   0.107618E+07  -0.255790E-01   0.564213E+06   0.564150E+06   0.103511E+00
   0.208687E+00   0.103402E+07   0.102924E+07   0.118520E+01  -0.593983E+00   0.000000E+00   0.103328E+07   0.103328E+07   0.103328E+07  -0.245592E-01   0.541720E+06   0.541656E+06   0.101391E+00
   0.214050E+00   0.991797E+06   0.986868E+06   0.108048E+01  -0.541513E+00   0.000000E+00   0.991035E+06   0.991035E+06   0.991035E+06  -0.235551E-01   0.519572E+06   0.519508E+06   0.998086E-01
   0.219414E+00   0.952017E+06   0.946979E+06   0.987000E+00  -0.494673E+00   0.000000E+00   0.951238E+06   0.951238E+06   0.951238E+06  -0.226092E-01   0.498708E+06   0.498644E+06   0.975740E-01
   0.224777E+00   0.916007E+06   0.910961E+06   0.904853E+00  -0.453507E+00   0.000000E+00   0.915226E+06   0.915226E+06   0.915226E+06  -0.217533E-01   0.479829E+06   0.479765E+06   0.940144E-01
   0.230140E+00   0.884417E+06   0.879491E+06   0.833396E+00  -0.417694E+00   0.000000E+00   0.883655E+06   0.883655E+06   0.883655E+06  -0.210029E-01   0.463277E+06   0.463216E+06   0.890247E-01
   0.235503E+00   0.857114E+06   0.852421E+06   0.771315E+00  -0.386576E+00   0.000000E+00   0.856388E+06   0.856388E+06   0.856388E+06  -0.203548E-01   0.448981E+06   0.448923E+06   0.829675E-01
   0.240866E+00   0.833295E+06   0.828906E+06   0.716887E+00  -0.359293E+00   0.000000E+00   0.832616E+06   0.832616E+06   0.832616E+06  -0.197898E-01   0.436518E+06   0.436463E+06   0.764812E-01
   0.246229E+00   0.811776E+06   0.807710E+06   0.668316E+00  -0.334944E+00   0.000000E+00   0.811147E+06   0.811147E+06   0.811147E+06  -0.192795E-01   0.425262E+06   0.425210E+06   0.702590E-01
   0.251592E+00   0.791281E+06   0.787503E+06   0.623993E+00  -0.312727E+00   0.000000E+00   0.790696E+06   0.790696E+06   0.790696E+06  -0.187934E-01   0.414540E+06   0.414491E+06   0.648594E-01
   0.256955E+00   0.770727E+06   0.767169E+06   0.582696E+00  -0.292027E+00   0.000000E+00   0.770177E+06   0.770177E+06   0.770177E+06  -0.183057E-01   0.403782E+06   0.403735E+06   0.605904E-01
   0.262318E+00   0.749518E+06   0.746094E+06   0.543732E+00  -0.272499E+00   0.000000E+00   0.748989E+06   0.748989E+06   0.748989E+06  -0.178021E-01   0.392674E+06   0.392628E+06   0.574828E-01
   0.267681E+00   0.727648E+06   0.724280E+06   0.506920E+00  -0.254052E+00   0.000000E+00   0.727126E+06   0.727126E+06   0.727126E+06  -0.172825E-01   0.381212E+06   0.381168E+06   0.553334E-01
   0.273044E+00   0.705531E+06   0.702167E+06   0.472381E+00  -0.236744E+00   0.000000E+00   0.705011E+06   0.705011E+06   0.705011E+06  -0.167568E-01   0.369618E+06   0.369574E+06   0.537938E-01
   0.278407E+00   0.683746E+06   0.680365E+06   0.440313E+00  -0.220675E+00   0.000000E+00   0.683223E+06   0.683223E+06   0.683223E+06  -0.162390E-01   0.358195E+06   0.358151E+06   0.524780E-01
   0.283771E+00   0.662877E+06   0.659488E+06   0.410878E+00  -0.205925E+00   0.000000E+00   0.662352E+06   0.662352E+06   0.662352E+06  -0.157429E-01   0.347253E+06   0.347210E+06   0.510615E-01
   0.289134E+00   0.643433E+06   0.640070E+06   0.384159E+00  -0.192535E+00   0.000000E+00   0.642913E+06   0.642913E+06   0.642913E+06  -0.152809E-01   0.337062E+06   0.337019E+06   0.493466E-01
   0.294497E+00   0.625719E+06   0.622423E+06   0.360098E+00  -0.180476E+00   0.000000E+00   0.625209E+06   0.625209E+06   0.625209E+06  -0.148601E-01   0.327780E+06   0.327738E+06   0.472819E-01
   0.299860E+00   0.609718E+06   0.606529E+06   0.338453E+00  -0.169627E+00   0.000000E+00   0.609225E+06   0.609225E+06   0.609225E+06  -0.144802E-01   0.319400E+06   0.319360E+06   0.449412E-01
   0.305223E+00   0.595137E+06   0.592081E+06   0.318857E+00  -0.159805E+00   0.000000E+00   0.594665E+06   0.594665E+06   0.594665E+06  -0.141341E-01   0.311766E+06   0.311727E+06   0.424795E-01
   0.310586E+00   0.581556E+06   0.578642E+06   0.300920E+00  -0.150814E+00   0.000000E+00   0.581105E+06   0.581105E+06   0.581105E+06  -0.138118E-01   0.304657E+06   0.304620E+06   0.400789E-01
   0.315949E+00   0.568553E+06   0.565770E+06   0.284296E+00  -0.142482E+00   0.000000E+00   0.568123E+06   0.568123E+06   0.568123E+06  -0.135033E-01   0.297851E+06   0.297815E+06   0.378973E-01
   0.321312E+00   0.555765E+06   0.553091E+06   0.268706E+00  -0.134668E+00   0.000000E+00   0.555352E+06   0.555352E+06   0.555352E+06  -0.131997E-01   0.291155E+06   0.291121E+06   0.360321E-01
   0.326675E+00   0.542946E+06   0.540352E+06   0.253961E+00  -0.127278E+00   0.000000E+00   0.542545E+06   0.542545E+06   0.542545E+06  -0.128953E-01   0.284441E+06   0.284407E+06   0.345065E-01
   0.332038E+00   0.530027E+06   0.527484E+06   0.239973E+00  -0.120268E+00   0.000000E+00   0.529633E+06   0.529633E+06   0.529633E+06  -0.125884E-01   0.277672E+06   0.277639E+06   0.332780E-01
   0.337401E+00   0.517114E+06   0.514603E+06   0.226740E+00  -0.113636E+00   0.000000E+00   0.516725E+06   0.516725E+06   0.516725E+06  -0.122816E-01   0.270905E+06   0.270872E+06   0.322601E-01
   0.342764E+00   0.504409E+06   0.501919E+06   0.214299E+00  -0.107402E+00   0.000000E+00   0.504024E+06   0.504024E+06   0.504024E+06  -0.119797E-01   0.264246E+06   0.264214E+06   0.313495E-01
   0.348127E+00   0.492124E+06   0.489655E+06   0.202684E+00  -0.101581E+00   0.000000E+00   0.491742E+06   0.491742E+06   0.491742E+06  -0.116878E-01   0.257807E+06   0.257775E+06   0.304526E-01
   0.353491E+00   0.480432E+06   0.477994E+06   0.191909E+00  -0.961808E-01   0.000000E+00   0.480055E+06   0.480055E+06   0.480055E+06  -0.114101E-01   0.251680E+06   0.251649E+06   0.295054E-01
   0.358854E+00   0.469441E+06   0.467046E+06   0.181954E+00  -0.911919E-01   0.000000E+00   0.469070E+06   0.469070E+06   0.469070E+06  -0.111490E-01   0.245921E+06   0.245890E+06   0.284826E-01
   0.364217E+00   0.459164E+06   0.456824E+06   0.172768E+00  -0.865881E-01   0.000000E+00   0.458802E+06   0.458802E+06   0.458802E+06  -0.109049E-01   0.240537E+06   0.240507E+06   0.273950E-01
   0.369580E+00   0.449521E+06   0.447248E+06   0.164268E+00  -0.823277E-01   0.000000E+00   0.449169E+06   0.449169E+06   0.449169E+06  -0.106759E-01   0.235487E+06   0.235458E+06   0.262788E-01
   0.374943E+00   0.440377E+06   0.438173E+06   0.156357E+00  -0.783627E-01   0.000000E+00   0.440036E+06   0.440036E+06   0.440036E+06  -0.104589E-01   0.230699E+06   0.230670E+06   0.251816E-01
   0.380306E+00   0.431586E+06   0.429449E+06   0.148946E+00  -0.746482E-01   0.000000E+00   0.431255E+06   0.431255E+06   0.431255E+06  -0.102502E-01   0.226095E+06   0.226068E+06   0.241486E-01
   0.385669E+00   0.423020E+06   0.420944E+06   0.141959E+00  -0.711463E-01   0.000000E+00   0.422699E+06   0.422699E+06   0.422699E+06  -0.100468E-01   0.221609E+06   0.221582E+06   0.232114E-01
   0.391032E+00   0.414580E+06   0.412555E+06   0.135337E+00  -0.678275E-01   0.000000E+00   0.414267E+06   0.414267E+06   0.414267E+06  -0.984638E-02   0.217189E+06   0.217162E+06   0.223820E-01
   0.396395E+00   0.406215E+06   0.404230E+06   0.129042E+00  -0.646727E-01   0.000000E+00   0.405908E+06   0.405908E+06   0.405908E+06  -0.964770E-02   0.212806E+06   0.212780E+06   0.216532E-01
   0.401758E+00   0.397937E+06   0.395984E+06   0.123060E+00  -0.616745E-01   0.000000E+00   0.397635E+06   0.397635E+06   0.397635E+06  -0.945106E-02   0.208469E+06   0.208444E+06   0.210041E-01
   0.407121E+00   0.389809E+06   0.387883E+06   0.117391E+00  -0.588334E-01   0.000000E+00   0.389511E+06   0.389511E+06   0.389511E+06  -0.925799E-02   0.204210E+06   0.204185E+06   0.204070E-01
   0.412484E+00   0.381905E+06   0.380005E+06   0.112038E+00  -0.561511E-01   0.000000E+00   0.381611E+06   0.381611E+06   0.381611E+06  -0.907022E-02   0.200068E+06   0.200044E+06   0.198344E-01
   0.417848E+00   0.374276E+06   0.372403E+06   0.106999E+00  -0.536256E-01   0.000000E+00   0.373986E+06   0.373986E+06   0.373986E+06  -0.888899E-02   0.196071E+06   0.196047E+06   0.192650E-01
   0.423211E+00   0.366953E+06   0.365110E+06   0.102263E+00  -0.512522E-01   0.000000E+00   0.366668E+06   0.366668E+06   0.366668E+06  -0.871504E-02   0.192234E+06   0.192210E+06   0.186874E-01
   0.428574E+00   0.359953E+06   0.358145E+06   0.978177E-01  -0.490241E-01   0.000000E+00   0.359674E+06   0.359674E+06   0.359674E+06  -0.854880E-02   0.188567E+06   0.188544E+06   0.181006E-01
   0.433937E+00   0.353271E+06   0.351500E+06   0.936435E-01  -0.469321E-01   0.000000E+00   0.352997E+06   0.352997E+06   0.352997E+06  -0.839010E-02   0.185066E+06   0.185044E+06   0.175124E-01
   0.439300E+00   0.346861E+06   0.345130E+06   0.897136E-01  -0.449624E-01   0.000000E+00   0.346593E+06   0.346593E+06   0.346593E+06  -0.823790E-02   0.181709E+06   0.181687E+06   0.169344E-01
   0.444663E+00   0.340663E+06   0.338971E+06   0.859982E-01  -0.431003E-01   0.000000E+00   0.340401E+06   0.340401E+06   0.340401E+06  -0.809072E-02   0.178463E+06   0.178441E+06   0.163790E-01
   0.450026E+00   0.334628E+06   0.332972E+06   0.824735E-01  -0.413338E-01   0.000000E+00   0.334371E+06   0.334371E+06   0.334371E+06  -0.794741E-02   0.175302E+06   0.175280E+06   0.158559E-01
   0.455389E+00   0.328728E+06   0.327105E+06   0.791225E-01  -0.396543E-01   0.000000E+00   0.328477E+06   0.328477E+06   0.328477E+06  -0.780730E-02   0.172211E+06   0.172190E+06   0.153706E-01
   0.460752E+00   0.322942E+06   0.321349E+06   0.759310E-01  -0.380548E-01   0.000000E+00   0.322696E+06   0.322696E+06   0.322696E+06  -0.766989E-02   0.169180E+06   0.169160E+06   0.149229E-01
   0.466115E+00   0.317255E+06   0.315689E+06   0.728871E-01  -0.365293E-01   0.000000E+00   0.317013E+06   0.317013E+06   0.317013E+06  -0.753483E-02   0.166201E+06   0.166181E+06   0.145079E-01
   0.471478E+00   0.311672E+06   0.310129E+06   0.699845E-01  -0.350746E-01   0.000000E+00   0.311433E+06   0.311433E+06   0.311433E+06  -0.740221E-02   0.163276E+06   0.163256E+06   0.141180E-01
   0.476841E+00   0.306218E+06   0.304698E+06   0.672218E-01  -0.336900E-01   0.000000E+00   0.305983E+06   0.305983E+06   0.305983E+06  -0.727267E-02   0.160419E+06   0.160399E+06   0.137453E-01
   0.482204E+00   0.300920E+06   0.299422E+06   0.645972E-01  -0.323747E-01   0.000000E+00   0.300688E+06   0.300688E+06   0.300688E+06  -0.714682E-02   0.157642E+06   0.157623E+06   0.133831E-01
   0.487568E+00   0.295785E+06   0.294310E+06   0.621057E-01  -0.311260E-01   0.000000E+00   0.295557E+06   0.295557E+06   0.295557E+06  -0.702486E-02   0.154952E+06   0.154933E+06   0.130266E-01
   0.492931E+00   0.290813E+06   0.289362E+06   0.597402E-01  -0.299405E-01   0.000000E+00   0.290588E+06   0.290588E+06   0.290588E+06  -0.690676E-02   0.152347E+06   0.152329E+06   0.126738E-01
   0.498294E+00   0.286002E+06   0.284576E+06   0.574941E-01  -0.288148E-01   0.000000E+00   0.285781E+06   0.285781E+06   0.285781E+06  -0.679251E-02   0.149827E+06   0.149809E+06   0.123258E-01
   0.503657E+00   0.281347E+06   0.279947E+06   0.553604E-01  -0.277454E-01   0.000000E+00   0.281131E+06   0.281131E+06   0.281131E+06  -0.668197E-02   0.147389E+06   0.147371E+06   0.119851E-01
   0.509020E+00   0.276832E+06   0.275456E+06   0.533301E-01  -0.267278E-01   0.000000E+00   0.276619E+06   0.276619E+06   0.276619E+06  -0.657473E-02   0.145024E+06   0.145006E+06   0.116549E-01
   0.514383E+00   0.272431E+06   0.271079E+06   0.513937E-01  -0.257574E-01   0.000000E+00   0.272222E+06   0.272222E+06   0.272222E+06  -0.647023E-02   0.142718E+06   0.142701E+06   0.113380E-01
   0.519746E+00   0.268129E+06   0.266801E+06   0.495438E-01  -0.248302E-01   0.000000E+00   0.267924E+06   0.267924E+06   0.267924E+06  -0.636807E-02   0.140465E+06   0.140448E+06   0.110361E-01
   0.525109E+00   0.263921E+06   0.262614E+06   0.477751E-01  -0.239438E-01   0.000000E+00   0.263718E+06   0.263718E+06   0.263718E+06  -0.626812E-02   0.138260E+06   0.138243E+06   0.107498E-01
   0.530472E+00   0.259800E+06   0.258514E+06   0.460831E-01  -0.230958E-01   0.000000E+00   0.259601E+06   0.259601E+06   0.259601E+06  -0.617025E-02   0.136102E+06   0.136085E+06   0.104783E-01
   0.535835E+00   0.255763E+06   0.254495E+06   0.444633E-01  -0.222840E-01   0.000000E+00   0.255567E+06   0.255567E+06   0.255567E+06  -0.607436E-02   0.133987E+06   0.133970E+06   0.102195E-01
   0.541198E+00   0.251810E+06   0.250560E+06   0.429127E-01  -0.215069E-01   0.000000E+00   0.251616E+06   0.251616E+06   0.251616E+06  -0.598047E-02   0.131915E+06   0.131899E+06   0.997098E-02
   0.546561E+00   0.247948E+06   0.246717E+06   0.414294E-01  -0.207635E-01   0.000000E+00   0.247758E+06   0.247758E+06   0.247758E+06  -0.588875E-02   0.129892E+06   0.129877E+06   0.973066E-02
   0.551925E+00   0.244186E+06   0.242972E+06   0.400117E-01  -0.200530E-01   0.000000E+00   0.243998E+06   0.243998E+06   0.243998E+06  -0.579939E-02   0.127921E+06   0.127906E+06   0.949682E-02
   0.557288E+00   0.240521E+06   0.239325E+06   0.386563E-01  -0.193737E-01   0.000000E+00   0.240336E+06   0.240336E+06   0.240336E+06  -0.571237E-02   0.126002E+06   0.125986E+06   0.926837E-02
   0.562651E+00   0.236951E+06   0.235773E+06   0.373600E-01  -0.187240E-01   0.000000E+00   0.236769E+06   0.236769E+06   0.236769E+06  -0.562757E-02   0.124131E+06   0.124116E+06   0.904492E-02
   0.568014E+00   0.233471E+06   0.232311E+06   0.361195E-01  -0.181023E-01   0.000000E+00   0.233292E+06   0.233292E+06   0.233292E+06  -0.554493E-02   0.122309E+06   0.122294E+06   0.882683E-02
   0.573377E+00   0.230081E+06   0.228938E+06   0.349323E-01  -0.175073E-01   0.000000E+00   0.229904E+06   0.229904E+06   0.229904E+06  -0.546442E-02   0.120533E+06   0.120518E+06   0.861483E-02
   0.578740E+00   0.226773E+06   0.225648E+06   0.337949E-01  -0.169373E-01   0.000000E+00   0.226599E+06   0.226599E+06   0.226599E+06  -0.538586E-02   0.118800E+06   0.118785E+06   0.840962E-02
   0.584103E+00   0.223538E+06   0.222429E+06   0.327039E-01  -0.163904E-01   0.000000E+00   0.223366E+06   0.223366E+06   0.223366E+06  -0.530902E-02   0.117105E+06   0.117090E+06   0.821164E-02
   0.589466E+00   0.220369E+06   0.219276E+06   0.316563E-01  -0.158654E-01   0.000000E+00   0.220200E+06   0.220200E+06   0.220200E+06  -0.523376E-02   0.115445E+06   0.115431E+06   0.802109E-02
   0.594829E+00   0.217266E+06   0.216189E+06   0.306503E-01  -0.153612E-01   0.000000E+00   0.217100E+06   0.217100E+06   0.217100E+06  -0.516007E-02   0.113819E+06   0.113805E+06   0.783786E-02
   0.600192E+00   0.214229E+06   0.213166E+06   0.296841E-01  -0.148770E-01   0.000000E+00   0.214064E+06   0.214064E+06   0.214064E+06  -0.508793E-02   0.112228E+06   0.112214E+06   0.766152E-02
   0.605555E+00   0.211253E+06   0.210205E+06   0.287556E-01  -0.144117E-01   0.000000E+00   0.211091E+06   0.211091E+06   0.211091E+06  -0.501726E-02   0.110669E+06   0.110656E+06   0.749131E-02
   0.610918E+00   0.208338E+06   0.207304E+06   0.278630E-01  -0.139643E-01   0.000000E+00   0.208178E+06   0.208178E+06   0.208178E+06  -0.494801E-02   0.109142E+06   0.109128E+06   0.732645E-02
   0.616281E+00   0.205484E+06   0.204464E+06   0.270051E-01  -0.135344E-01   0.000000E+00   0.205326E+06   0.205326E+06   0.205326E+06  -0.488024E-02   0.107647E+06   0.107634E+06   0.716634E-02
   0.621645E+00   0.202696E+06   0.201689E+06   0.261810E-01  -0.131214E-01   0.000000E+00   0.202540E+06   0.202540E+06   0.202540E+06  -0.481402E-02   0.106186E+06   0.106173E+06   0.701055E-02
   0.627008E+00   0.199971E+06   0.198978E+06   0.253891E-01  -0.127244E-01   0.000000E+00   0.199817E+06   0.199817E+06   0.199817E+06  -0.474930E-02   0.104759E+06   0.104746E+06   0.685876E-02
   0.680214E+00   0.175823E+06   0.174951E+06   0.189676E-01  -0.950613E-02   0.000000E+00   0.175688E+06   0.175688E+06   0.175688E+06  -0.417579E-02   0.921085E+05   0.920971E+05   0.556706E-02
   0.737935E+00   0.154449E+06   0.153683E+06   0.141571E-01  -0.709525E-02   0.000000E+00   0.154330E+06   0.154330E+06   0.154330E+06  -0.366816E-02   0.809112E+05   0.809012E+05   0.451784E-02
   0.800554E+00   0.135562E+06   0.134889E+06   0.105580E-01  -0.529145E-02   0.000000E+00   0.135458E+06   0.135458E+06   0.135458E+06  -0.321958E-02   0.710167E+05   0.710079E+05   0.366533E-02
   0.868486E+00   0.118888E+06   0.118298E+06   0.786751E-02  -0.394303E-02   0.000000E+00   0.118797E+06   0.118797E+06   0.118797E+06  -0.282358E-02   0.622818E+05   0.622741E+05   0.297277E-02
   0.942183E+00   0.104184E+06   0.103667E+06   0.585809E-02  -0.293596E-02   0.000000E+00   0.104104E+06   0.104104E+06   0.104104E+06  -0.247437E-02   0.545790E+05   0.545722E+05   0.241062E-02
   0.101542E+01   0.922206E+05   0.917630E+05   0.446436E-02  -0.223745E-02   0.000000E+00   0.921498E+05   0.921498E+05   0.921498E+05  -0.219024E-02   0.483116E+05   0.483056E+05   0.198811E-02
   0.126811E+01   0.639799E+05   0.636624E+05   0.198588E-02  -0.995291E-03   0.000000E+00   0.639308E+05   0.639308E+05   0.639308E+05  -0.151952E-02   0.335172E+05   0.335129E+05   0.112307E-02
   0.158368E+01   0.441745E+05   0.439552E+05   0.879143E-03  -0.440615E-03   0.000000E+00   0.441406E+05   0.441406E+05   0.441406E+05  -0.104914E-02   0.231417E+05   0.231387E+05   0.637087E-03
   0.197777E+01   0.303677E+05   0.302167E+05   0.387503E-03  -0.194214E-03   0.000000E+00   0.303443E+05   0.303443E+05   0.303443E+05  -0.721230E-03   0.159087E+05   0.159065E+05   0.364646E-03
   0.246994E+01   0.207940E+05   0.206905E+05   0.170128E-03  -0.852688E-04   0.000000E+00   0.207780E+05   0.207780E+05   0.207780E+05  -0.493857E-03   0.108934E+05   0.108918E+05   0.211893E-03
   0.308458E+01   0.141876E+05   0.141168E+05   0.744248E-04  -0.373030E-04   0.000000E+00   0.141767E+05   0.141767E+05   0.141767E+05  -0.336955E-03   0.743246E+04   0.743130E+04   0.125966E-03
   0.385217E+01   0.964848E+04   0.960013E+04   0.324512E-04  -0.162659E-04   0.000000E+00   0.964100E+04   0.964100E+04   0.964100E+04  -0.229149E-03   0.505453E+04   0.505364E+04   0.772633E-04
   0.481078E+01   0.654185E+04   0.650886E+04   0.141068E-04  -0.707141E-05   0.000000E+00   0.653675E+04   0.653675E+04   0.653675E+04  -0.155367E-03   0.342706E+04   0.342635E+04   0.492899E-04
   0.600794E+01   0.442319E+04   0.440066E+04   0.611509E-05  -0.306571E-05   0.000000E+00   0.441971E+04   0.441971E+04   0.441971E+04  -0.105049E-03   0.231715E+04   0.231656E+04   0.328867E-04
   0.750301E+01   0.298293E+04   0.296749E+04   0.264380E-05  -0.132567E-05   0.000000E+00   0.298054E+04   0.298054E+04   0.298054E+04  -0.708422E-04   0.156264E+04   0.156212E+04   0.229813E-04
   0.937012E+01   0.200669E+04   0.199605E+04   0.114012E-05  -0.571843E-06   0.000000E+00   0.200504E+04   0.200504E+04   0.200504E+04  -0.476562E-04   0.105121E+04   0.105074E+04   0.167664E-04
   0.117019E+02   0.134671E+04   0.133931E+04   0.490427E-06  -0.246089E-06   0.000000E+00   0.134557E+04   0.134557E+04   0.134557E+04  -0.319817E-04   0.705469E+03   0.705024E+03   0.126861E-04
   0.146139E+02   0.901602E+03   0.896373E+03   0.210407E-06  -0.105651E-06   0.000000E+00   0.900793E+03   0.900793E+03   0.900793E+03  -0.214102E-04   0.472287E+03   0.471855E+03   0.987310E-05
   0.182505E+02   0.602043E+03   0.598265E+03   0.900094E-07  -0.452439E-07   0.000000E+00   0.601458E+03   0.601458E+03   0.601458E+03  -0.142956E-04   0.315355E+03   0.314927E+03   0.783960E-05
   0.227921E+02   0.400818E+03   0.398006E+03   0.383723E-07  -0.193200E-07   0.000000E+00   0.400383E+03   0.400383E+03   0.400383E+03  -0.951638E-05   0.209938E+03   0.209507E+03   0.630621E-05
   0.284639E+02   0.265862E+03   0.263690E+03   0.162861E-07  -0.822103E-08   0.000000E+00   0.265526E+03   0.265526E+03   0.265526E+03  -0.631107E-05   0.139237E+03   0.138801E+03   0.510865E-05
   0.355471E+02   0.175467E+03   0.173718E+03   0.686989E-08  -0.348179E-08   0.000000E+00   0.175196E+03   0.175196E+03   0.175196E+03  -0.416410E-05   0.918810E+02   0.914391E+02   0.414649E-05
   0.443930E+02   0.114975E+03   0.113508E+03   0.287193E-08  -0.146469E-08   0.000000E+00   0.114748E+03   0.114748E+03   0.114748E+03  -0.272736E-05   0.601903E+02   0.597437E+02   0.335514E-05
   0.554402E+02   0.745166E+02   0.732425E+02   0.118420E-08  -0.609868E-09   0.000000E+00   0.743195E+02   0.743195E+02   0.743195E+02  -0.176644E-05   0.389949E+02   0.385477E+02   0.269054E-05
   0.692364E+02   0.474657E+02   0.463348E+02   0.477806E-09  -0.249844E-09   0.000000E+00   0.472907E+02   0.472907E+02   0.472907E+02  -0.112402E-05   0.248241E+02   0.243839E+02   0.212087E-05
   0.864658E+02   0.293925E+02   0.283870E+02   0.186138E-09  -0.996649E-10   0.000000E+00   0.292369E+02   0.292369E+02   0.292369E+02  -0.694909E-06   0.153577E+02   0.149371E+02   0.162258E-05
   0.107983E+03   0.173546E+02   0.164842E+02   0.684032E-10  -0.380014E-10   0.000000E+00   0.172200E+02   0.172200E+02   0.172200E+02  -0.409288E-06   0.905492E+01   0.867321E+01   0.117917E-05
   0.134854E+03   0.942123E+01   0.872007E+01   0.227238E-10  -0.133696E-10   0.000000E+00   0.931275E+01   0.931275E+01   0.931275E+01  -0.221347E-06   0.490486E+01   0.458846E+01   0.782648E-06
   0.168412E+03   0.435029E+01   0.386805E+01   0.625123E-11  -0.402100E-11   0.000000E+00   0.427569E+01   0.427569E+01   0.427569E+01  -0.101625E-06   0.225736E+01   0.203669E+01   0.437093E-06
   0.210322E+03   0.135916E+01   0.113575E+01   0.111475E-11  -0.823719E-12   0.000000E+00   0.132460E+01   0.132460E+01   0.132460E+01  -0.314833E-07   0.701809E+00   0.599428E+00   0.162381E-06
   0.262660E+03  -0.690257E-01  -0.524287E-01  -0.301777E-13   0.276118E-13   0.000000E+00  -0.664580E-01  -0.664580E-01  -0.664580E-01   0.157959E-08  -0.353839E-01  -0.278707E-01  -0.954183E-08
   0.328022E+03  -0.384669E+00  -0.252795E+00  -0.796339E-13   0.102561E-12   0.000000E+00  -0.364267E+00  -0.364267E+00  -0.364267E+00   0.865798E-08  -0.195280E+00  -0.137043E+00  -0.592237E-07
   0.409650E+03  -0.143522E+00  -0.761073E-01  -0.114677E-13   0.255878E-13   0.000000E+00  -0.133093E+00  -0.133093E+00  -0.133093E+00   0.316337E-08  -0.719380E-01  -0.434702E-01  -0.231814E-07
   0.511591E+03   0.545662E-01   0.214287E-01   0.112181E-14  -0.647871E-14   0.000000E+00   0.494396E-01   0.494396E-01   0.494396E-01  -0.117509E-08   0.269486E-01   0.139060E-01   0.850434E-08
