#          k/h    CDM            baryon         photon         nu             mass_nu        total          no_nu          total_de       Weyl           v_CDM          v_b            v_b-v_c     
   0.104501E-04   0.198309E+08   0.198309E+08   0.264274E+08   0.264270E+08   0.000000E+00   0.198309E+08   0.198309E+08   0.198387E+08  -0.471824E+00   0.103990E+08   0.103990E+08   0.586067E+01
   0.127095E-04   0.198309E+08   0.198309E+08   0.264208E+08   0.264202E+08   0.000000E+00   0.198309E+08   0.198309E+08   0.198386E+08  -0.471824E+00   0.103990E+08   0.103990E+08   0.712729E+01
   0.154573E-04   0.198309E+08   0.198309E+08   0.264110E+08   0.264102E+08   0.000000E+00   0.198309E+08   0.198309E+08   0.198386E+08  -0.471823E+00   0.103990E+08   0.103990E+08   0.866737E+01
   0.187992E-04   0.198308E+08   0.198308E+08   0.263966E+08   0.263953E+08   0.000000E+00   0.198308E+08   0.198308E+08   0.198386E+08  -0.471823E+00   0.103990E+08   0.103990E+08   0.105397E+02
   0.228637E-04   0.198308E+08   0.198308E+08   0.263752E+08   0.263734E+08   0.000000E+00   0.198308E+08   0.198308E+08   0.198385E+08  -0.471821E+00   0.103989E+08   0.103989E+08   0.128157E+02
   0.278068E-04   0.198307E+08   0.198307E+08   0.263436E+08   0.263409E+08   0.000000E+00   0.198307E+08   0.198307E+08   0.198385E+08  -0.471819E+00   0.103989E+08   0.103989E+08   0.155815E+02
   0.338188E-04   0.198306E+08   0.198306E+08   0.262969E+08   0.262929E+08   0.000000E+00   0.198306E+08   0.198306E+08   0.198384E+08  -0.471817E+00   0.103989E+08   0.103988E+08   0.189413E+02
   0.411305E-04   0.198305E+08   0.198305E+08   0.262280E+08   0.262221E+08   0.000000E+00   0.198305E+08   0.198305E+08   0.198382E+08  -0.471812E+00   0.103988E+08   0.103988E+08   0.230203E+02
   0.500230E-04   0.198303E+08   0.198303E+08   0.261263E+08   0.261177E+08   0.000000E+00   0.198303E+08   0.198303E+08   0.198380E+08  -0.471806E+00   0.103987E+08   0.103987E+08   0.279683E+02
   0.608381E-04   0.198300E+08   0.198300E+08   0.259767E+08   0.259640E+08   0.000000E+00   0.198300E+08   0.198300E+08   0.198376E+08  -0.471797E+00   0.103985E+08   0.103985E+08   0.339631E+02
   0.739915E-04   0.198296E+08   0.198295E+08   0.257568E+08   0.257381E+08   0.000000E+00   0.198296E+08   0.198296E+08   0.198371E+08  -0.471784E+00   0.103983E+08   0.103983E+08   0.412126E+02
   0.899887E-04   0.198289E+08   0.198289E+08   0.254346E+08   0.254073E+08   0.000000E+00   0.198289E+08   0.198289E+08   0.198364E+08  -0.471765E+00   0.103979E+08   0.103979E+08   0.499554E+02
   0.109444E-03   0.198280E+08   0.198279E+08   0.249649E+08   0.249252E+08   0.000000E+00   0.198280E+08   0.198280E+08   0.198353E+08  -0.471736E+00   0.103974E+08   0.103974E+08   0.604566E+02
   0.133107E-03   0.198266E+08   0.198265E+08   0.242848E+08   0.242273E+08   0.000000E+00   0.198266E+08   0.198266E+08   0.198337E+08  -0.471694E+00   0.103967E+08   0.103967E+08   0.729937E+02
   0.161885E-03   0.198245E+08   0.198244E+08   0.233100E+08   0.232278E+08   0.000000E+00   0.198245E+08   0.198245E+08   0.198313E+08  -0.471631E+00   0.103956E+08   0.103955E+08   0.878273E+02
   0.196885E-03   0.198215E+08   0.198213E+08   0.219344E+08   0.218187E+08   0.000000E+00   0.198214E+08   0.198214E+08   0.198279E+08  -0.471541E+00   0.103940E+08   0.103939E+08   0.105143E+03
   0.239452E-03   0.198170E+08   0.198167E+08   0.200370E+08   0.198781E+08   0.000000E+00   0.198170E+08   0.198170E+08   0.198228E+08  -0.471409E+00   0.103916E+08   0.103915E+08   0.124950E+03
   0.291222E-03   0.198105E+08   0.198101E+08   0.175089E+08   0.172986E+08   0.000000E+00   0.198104E+08   0.198104E+08   0.198155E+08  -0.471219E+00   0.103881E+08   0.103880E+08   0.146916E+03
   0.354185E-03   0.198010E+08   0.198004E+08   0.143125E+08   0.140497E+08   0.000000E+00   0.198010E+08   0.198010E+08   0.198051E+08  -0.470948E+00   0.103831E+08   0.103829E+08   0.170134E+03
   0.430761E-03   0.197874E+08   0.197865E+08   0.105847E+08   0.102842E+08   0.000000E+00   0.197873E+08   0.197873E+08   0.197904E+08  -0.470567E+00   0.103758E+08   0.103755E+08   0.192855E+03
   0.523892E-03   0.197680E+08   0.197668E+08   0.675524E+07   0.645835E+07   0.000000E+00   0.197678E+08   0.197678E+08   0.197698E+08  -0.470041E+00   0.103654E+08   0.103651E+08   0.212319E+03
   0.637159E-03   0.197408E+08   0.197391E+08   0.355552E+07   0.332986E+07   0.000000E+00   0.197405E+08   0.197405E+08   0.197415E+08  -0.469328E+00   0.103508E+08   0.103504E+08   0.224984E+03
   0.774915E-03   0.197030E+08   0.197008E+08   0.167721E+07   0.158427E+07   0.000000E+00   0.197027E+08   0.197027E+08   0.197032E+08  -0.468378E+00   0.103307E+08   0.103302E+08   0.227504E+03
   0.942454E-03   0.196517E+08   0.196489E+08   0.105472E+07   0.108379E+07   0.000000E+00   0.196512E+08   0.196512E+08   0.196516E+08  -0.467124E+00   0.103034E+08   0.103028E+08   0.218312E+03
   0.114621E-02   0.195828E+08   0.195796E+08   0.714772E+06   0.768131E+06   0.000000E+00   0.195823E+08   0.195823E+08   0.195825E+08  -0.465470E+00   0.102670E+08   0.102664E+08   0.198528E+03
   0.139403E-02   0.194917E+08   0.194882E+08   0.255380E+06   0.283404E+06   0.000000E+00   0.194912E+08   0.194912E+08   0.194913E+08  -0.463292E+00   0.102191E+08   0.102184E+08   0.171054E+03
   0.169542E-02   0.193726E+08   0.193689E+08   0.148031E+06  -0.168798E+06   0.000000E+00   0.193720E+08   0.193720E+08   0.193720E+08  -0.460450E+00   0.101565E+08   0.101558E+08   0.140066E+03
   0.206198E-02   0.192184E+08   0.192147E+08   0.260609E+04  -0.113191E+06   0.000000E+00   0.192178E+08   0.192178E+08   0.192178E+08  -0.456781E+00   0.100755E+08   0.100749E+08   0.111294E+03
   0.250778E-02   0.190212E+08   0.190174E+08   0.876017E+04  -0.757300E+05   0.000000E+00   0.190206E+08   0.190206E+08   0.190206E+08  -0.452091E+00   0.997206E+07   0.997139E+07   0.888968E+02
   0.304997E-02   0.187718E+08   0.187677E+08   0.240027E+04  -0.505230E+05   0.000000E+00   0.187712E+08   0.187712E+08   0.187712E+08  -0.446160E+00   0.984124E+07   0.984057E+07   0.728945E+02
   0.370939E-02   0.184603E+08   0.184557E+08  -0.169036E+05  -0.335881E+05   0.000000E+00   0.184596E+08   0.184596E+08   0.184596E+08  -0.438754E+00   0.967786E+07   0.967719E+07   0.598374E+02
   0.451137E-02   0.180761E+08   0.180710E+08  -0.135723E+05  -0.222342E+05   0.000000E+00   0.180753E+08   0.180753E+08   0.180753E+08  -0.429620E+00   0.947638E+07   0.947572E+07   0.484760E+02
   0.548674E-02   0.176083E+08   0.176021E+08  -0.121024E+05  -0.146422E+05   0.000000E+00   0.176073E+08   0.176073E+08   0.176073E+08  -0.418495E+00   0.923099E+07   0.923034E+07   0.396457E+02
   0.667298E-02   0.170455E+08   0.170380E+08  -0.102647E+05  -0.958241E+04   0.000000E+00   0.170443E+08   0.170443E+08   0.170443E+08  -0.405114E+00   0.893582E+07   0.893518E+07   0.322220E+02
   0.811570E-02   0.163765E+08   0.163671E+08  -0.635285E+04  -0.622391E+04   0.000000E+00   0.163751E+08   0.163751E+08   0.163751E+08  -0.389207E+00   0.858496E+07   0.858432E+07   0.262276E+02
   0.987034E-02   0.155921E+08   0.155800E+08   0.173798E+04  -0.400608E+04   0.000000E+00   0.155902E+08   0.155902E+08   0.155902E+08  -0.370552E+00   0.817347E+07   0.817284E+07   0.214634E+02
   0.120043E-01   0.146781E+08   0.146622E+08  -0.212043E+04  -0.254948E+04   0.000000E+00   0.146756E+08   0.146756E+08   0.146756E+08  -0.348813E+00   0.769398E+07   0.769335E+07   0.176470E+02
   0.145997E-01   0.136323E+08   0.136115E+08   0.361989E+03  -0.160071E+04   0.000000E+00   0.136291E+08   0.136291E+08   0.136291E+08  -0.323938E+00   0.714531E+07   0.714467E+07   0.146276E+02
   0.177562E-01   0.124412E+08   0.124143E+08  -0.115609E+04  -0.987544E+03   0.000000E+00   0.124371E+08   0.124371E+08   0.124371E+08  -0.295607E+00   0.652038E+07   0.651974E+07   0.121934E+02
   0.215952E-01   0.111182E+08   0.110841E+08  -0.737693E+02  -0.596573E+03   0.000000E+00   0.111129E+08   0.111129E+08   0.111129E+08  -0.264135E+00   0.582620E+07   0.582554E+07   0.101868E+02
   0.259142E-01   0.978732E+07   0.974654E+07   0.223267E+02  -0.364641E+03   0.000000E+00   0.978102E+07   0.978102E+07   0.978102E+07  -0.232477E+00   0.512792E+07   0.512726E+07   0.852531E+01
   0.302332E-01   0.862869E+07   0.858357E+07  -0.705587E+02  -0.236151E+03   0.000000E+00   0.862171E+07   0.862171E+07   0.862171E+07  -0.204923E+00   0.452014E+07   0.451949E+07   0.716979E+01
   0.345522E-01   0.764399E+07   0.759727E+07  -0.252275E+02  -0.160151E+03   0.000000E+00   0.763676E+07   0.763676E+07   0.763676E+07  -0.181512E+00   0.400376E+07   0.400314E+07   0.598043E+01
   0.388713E-01   0.682810E+07   0.678251E+07  -0.193402E+02  -0.113024E+03   0.000000E+00   0.682105E+07   0.682105E+07   0.682105E+07  -0.162124E+00   0.357611E+07   0.357554E+07   0.491011E+01
   0.431903E-01   0.616742E+07   0.612527E+07  -0.181961E+02  -0.826887E+02   0.000000E+00   0.616090E+07   0.616090E+07   0.616090E+07  -0.146434E+00   0.323001E+07   0.322950E+07   0.395369E+01
   0.475093E-01   0.563897E+07   0.560188E+07   0.124662E+03  -0.624840E+02   0.000000E+00   0.563323E+07   0.563323E+07   0.563323E+07  -0.133892E+00   0.295336E+07   0.295292E+07   0.312178E+01
   0.518284E-01   0.522255E+07   0.519133E+07   0.970270E+02  -0.486303E+02   0.000000E+00   0.521772E+07   0.521772E+07   0.521772E+07  -0.124016E+00   0.273551E+07   0.273514E+07   0.242755E+01
   0.561474E-01   0.488318E+07   0.485777E+07   0.773131E+02  -0.387477E+02   0.000000E+00   0.487925E+07   0.487925E+07   0.487925E+07  -0.115971E+00   0.255806E+07   0.255774E+07   0.187579E+01
   0.604664E-01   0.459660E+07   0.457625E+07   0.627598E+02  -0.314525E+02   0.000000E+00   0.459346E+07   0.459346E+07   0.459346E+07  -0.109178E+00   0.240822E+07   0.240795E+07   0.146316E+01
   0.647855E-01   0.433951E+07   0.432299E+07   0.516190E+02  -0.258683E+02   0.000000E+00   0.433696E+07   0.433696E+07   0.433696E+07  -0.103082E+00   0.227374E+07   0.227351E+07   0.117596E+01
   0.691045E-01   0.409603E+07   0.408189E+07   0.428254E+02  -0.214612E+02   0.000000E+00   0.409384E+07   0.409384E+07   0.409384E+07  -0.973033E-01   0.214628E+07   0.214607E+07   0.993210E+00
   0.734235E-01   0.385668E+07   0.384354E+07   0.357188E+02  -0.178999E+02   0.000000E+00   0.385464E+07   0.385464E+07   0.385464E+07  -0.916180E-01   0.202088E+07   0.202068E+07   0.889415E+00
   0.777425E-01   0.361890E+07   0.360563E+07   0.298944E+02  -0.149814E+02   0.000000E+00   0.361684E+07   0.361684E+07   0.361684E+07  -0.859659E-01   0.189621E+07   0.189601E+07   0.838075E+00
   0.820616E-01   0.338482E+07   0.337069E+07   0.250925E+02  -0.125754E+02   0.000000E+00   0.338263E+07   0.338263E+07   0.338263E+07  -0.803992E-01   0.177342E+07   0.177322E+07   0.814690E+00
   0.863806E-01   0.316004E+07   0.314475E+07   0.211394E+02  -0.105947E+02   0.000000E+00   0.315767E+07   0.315767E+07   0.315767E+07  -0.750522E-01   0.165548E+07   0.165527E+07   0.799259E+00
   0.906996E-01   0.295046E+07   0.293415E+07   0.179001E+02  -0.897155E+01   0.000000E+00   0.294793E+07   0.294793E+07   0.294793E+07  -0.700671E-01   0.154552E+07   0.154531E+07   0.777652E+00
   0.960627E-01   0.271922E+07   0.270230E+07   0.147046E+02  -0.737028E+01   0.000000E+00   0.271660E+07   0.271660E+07   0.271660E+07  -0.645688E-01   0.142425E+07   0.142403E+07   0.731059E+00
   0.101426E+00   0.252653E+07   0.250997E+07   0.122552E+02  -0.614267E+01   0.000000E+00   0.252397E+07   0.252397E+07   0.252397E+07  -0.599902E-01   0.132325E+07   0.132305E+07   0.660593E+00
   0.106789E+00   0.237335E+07   0.235810E+07   0.103852E+02  -0.520530E+01   0.000000E+00   0.237099E+07   0.237099E+07   0.237099E+07  -0.563542E-01   0.124305E+07   0.124287E+07   0.573280E+00
   0.112152E+00   0.225322E+07   0.223992E+07   0.894007E+01  -0.448078E+01   0.000000E+00   0.225116E+07   0.225116E+07   0.225116E+07  -0.535061E-01   0.118023E+07   0.118006E+07   0.480988E+00
   0.117515E+00   0.215507E+07   0.214394E+07   0.778908E+01  -0.390373E+01   0.000000E+00   0.215335E+07   0.215335E+07   0.215335E+07  -0.511812E-01   0.112894E+07   0.112880E+07   0.395916E+00
   0.122878E+00   0.206765E+07   0.205844E+07   0.683594E+01  -0.342589E+01   0.000000E+00   0.206622E+07   0.206622E+07   0.206622E+07  -0.491105E-01   0.108326E+07   0.108314E+07   0.327245E+00
   0.128241E+00   0.198208E+07   0.197425E+07   0.601695E+01  -0.301536E+01   0.000000E+00   0.198087E+07   0.198087E+07   0.198087E+07  -0.470816E-01   0.103851E+07   0.103840E+07   0.279292E+00
   0.133604E+00   0.189286E+07   0.188572E+07   0.529422E+01  -0.265315E+01   0.000000E+00   0.189175E+07   0.189175E+07   0.189175E+07  -0.449636E-01   0.991790E+06   0.991690E+06   0.251327E+00
   0.138967E+00   0.179858E+07   0.179150E+07   0.464959E+01  -0.233013E+01   0.000000E+00   0.179748E+07   0.179748E+07   0.179748E+07  -0.427230E-01   0.942369E+06   0.942270E+06   0.238774E+00
   0.144330E+00   0.170157E+07   0.169412E+07   0.407762E+01  -0.204355E+01   0.000000E+00   0.170041E+07   0.170041E+07   0.170041E+07  -0.404158E-01   0.891480E+06   0.891378E+06   0.235103E+00
   0.149694E+00   0.160612E+07   0.159816E+07   0.357765E+01  -0.179305E+01   0.000000E+00   0.160489E+07   0.160489E+07   0.160489E+07  -0.381454E-01   0.841401E+06   0.841296E+06   0.233752E+00
   0.155057E+00   0.151687E+07   0.150848E+07   0.314880E+01  -0.157817E+01   0.000000E+00   0.151557E+07   0.151557E+07   0.151557E+07  -0.360224E-01   0.794573E+06   0.794466E+06   0.229644E+00
   0.160420E+00   0.143777E+07   0.142925E+07   0.278817E+01  -0.139746E+01   0.000000E+00   0.143645E+07   0.143645E+07   0.143645E+07  -0.341418E-01   0.753093E+06   0.752987E+06   0.220052E+00
   0.165783E+00   0.137114E+07   0.136284E+07   0.248965E+01  -0.124784E+01   0.000000E+00   0.136985E+07   0.136985E+07   0.136985E+07  -0.325589E-01   0.718178E+06   0.718076E+06   0.204690E+00
   0.171146E+00   0.131665E+07   0.130891E+07   0.224331E+01  -0.112435E+01   0.000000E+00   0.131545E+07   0.131545E+07   0.131545E+07  -0.312659E-01   0.689656E+06   0.689561E+06   0.185164E+00
   0.176509E+00   0.127160E+07   0.126461E+07   0.203705E+01  -0.102095E+01   0.000000E+00   0.127052E+07   0.127052E+07   0.127052E+07  -0.301979E-01   0.666098E+06   0.666012E+06   0.164098E+00
   0.181872E+00   0.123232E+07   0.122614E+07   0.185958E+01  -0.931978E+00   0.000000E+00   0.123136E+07   0.123136E+07   0.123136E+07  -0.292673E-01   0.645569E+06   0.645491E+06   0.144244E+00
   0.187235E+00   0.119538E+07   0.118990E+07   0.170212E+01  -0.853041E+00   0.000000E+00   0.119453E+07   0.119453E+07   0.119453E+07  -0.283919E-01   0.626259E+06   0.626188E+06   0.127746E+00
   0.192598E+00   0.115804E+07   0.115306E+07   0.155848E+01  -0.781043E+00   0.000000E+00   0.115727E+07   0.115727E+07   0.115727E+07  -0.275063E-01   0.606724E+06   0.606658E+06   0.115699E+00
   0.197961E+00   0.111862E+07   0.111390E+07   0.142498E+01  -0.714135E+00   0.000000E+00   0.111789E+07   0.111789E+07   0.111789E+07  -0.265701E-01   0.586075E+06   0.586011E+06   0.108064E+00
   0.203324E+00   0.107688E+07   0.107220E+07   0.130037E+01  -0.651692E+00   0.000000E+00   0.107616E+07   0.107616E+07   0.107616E+07  -0.255783E-01   0.564199E+06   0.564135E+06   0.103901E+00
   0.208687E+00   0.103399E+07   0.102921E+07   0.118516E+01  -0.593967E+00   0.000000E+00   0.103325E+07   0.103325E+07   0.103325E+07  -0.245585E-01   0.541705E+06   0.541641E+06   0.101776E+00
   0.214050E+00   0.991768E+06   0.986838E+06   0.108044E+01  -0.541497E+00   0.000000E+00   0.991005E+06   0.991005E+06   0.991005E+06  -0.235544E-01   0.519557E+06   0.519492E+06   0.100190E+00
   0.219414E+00   0.951986E+06   0.946947E+06   0.986967E+00  -0.494657E+00   0.000000E+00   0.951207E+06   0.951207E+06   0.951207E+06  -0.226085E-01   0.498692E+06   0.498627E+06   0.979483E-01
   0.224777E+00   0.915974E+06   0.910928E+06   0.904820E+00  -0.453491E+00   0.000000E+00   0.915194E+06   0.915194E+06   0.915194E+06  -0.217525E-01   0.479811E+06   0.479748E+06   0.943760E-01
   0.230140E+00   0.884384E+06   0.879457E+06   0.833363E+00  -0.417678E+00   0.000000E+00   0.883621E+06   0.883621E+06   0.883621E+06  -0.210021E-01   0.463259E+06   0.463197E+06   0.893671E-01
   0.235503E+00   0.857079E+06   0.852386E+06   0.771283E+00  -0.386561E+00   0.000000E+00   0.856353E+06   0.856353E+06   0.856353E+06  -0.203540E-01   0.448963E+06   0.448904E+06   0.832858E-01
   0.240866E+00   0.833258E+06   0.828870E+06   0.716855E+00  -0.359277E+00   0.000000E+00   0.832579E+06   0.832579E+06   0.832579E+06  -0.197889E-01   0.436499E+06   0.436443E+06   0.767733E-01
   0.246229E+00   0.811738E+06   0.807672E+06   0.668284E+00  -0.334929E+00   0.000000E+00   0.811109E+06   0.811109E+06   0.811109E+06  -0.192786E-01   0.425242E+06   0.425190E+06   0.705259E-01
   0.251592E+00   0.791242E+06   0.787464E+06   0.623962E+00  -0.312711E+00   0.000000E+00   0.790657E+06   0.790657E+06   0.790657E+06  -0.187925E-01   0.414519E+06   0.414470E+06   0.651044E-01
   0.256955E+00   0.770687E+06   0.767128E+06   0.582665E+00  -0.292012E+00   0.000000E+00   0.770136E+06   0.770136E+06   0.770136E+06  -0.183048E-01   0.403761E+06   0.403714E+06   0.608186E-01
   0.262318E+00   0.749477E+06   0.746052E+06   0.543701E+00  -0.272484E+00   0.000000E+00   0.748947E+06   0.748947E+06   0.748947E+06  -0.178011E-01   0.392652E+06   0.392606E+06   0.576989E-01
   0.267681E+00   0.727605E+06   0.724237E+06   0.506890E+00  -0.254037E+00   0.000000E+00   0.727084E+06   0.727084E+06   0.727084E+06  -0.172815E-01   0.381190E+06   0.381145E+06   0.555416E-01
   0.273044E+00   0.705487E+06   0.702123E+06   0.472351E+00  -0.236729E+00   0.000000E+00   0.704967E+06   0.704967E+06   0.704967E+06  -0.167558E-01   0.369594E+06   0.369550E+06   0.539967E-01
   0.278407E+00   0.683700E+06   0.680319E+06   0.440283E+00  -0.220660E+00   0.000000E+00   0.683177E+06   0.683177E+06   0.683177E+06  -0.162379E-01   0.358171E+06   0.358127E+06   0.526765E-01
   0.283771E+00   0.662830E+06   0.659442E+06   0.410848E+00  -0.205910E+00   0.000000E+00   0.662306E+06   0.662306E+06   0.662306E+06  -0.157418E-01   0.347229E+06   0.347185E+06   0.512550E-01
   0.289134E+00   0.643385E+06   0.640022E+06   0.384131E+00  -0.192521E+00   0.000000E+00   0.642865E+06   0.642865E+06   0.642865E+06  -0.152798E-01   0.337037E+06   0.336994E+06   0.495338E-01
   0.294497E+00   0.625670E+06   0.622374E+06   0.360069E+00  -0.180462E+00   0.000000E+00   0.625160E+06   0.625160E+06   0.625160E+06  -0.148589E-01   0.327754E+06   0.327713E+06   0.474611E-01
   0.299860E+00   0.609668E+06   0.606479E+06   0.338425E+00  -0.169613E+00   0.000000E+00   0.609175E+06   0.609175E+06   0.609175E+06  -0.144790E-01   0.319374E+06   0.319333E+06   0.451113E-01
   0.305223E+00   0.595086E+06   0.592030E+06   0.318829E+00  -0.159792E+00   0.000000E+00   0.594613E+06   0.594613E+06   0.594613E+06  -0.141329E-01   0.311739E+06   0.311700E+06   0.426398E-01
   0.310586E+00   0.581503E+06   0.578589E+06   0.300893E+00  -0.150801E+00   0.000000E+00   0.581053E+06   0.581053E+06   0.581053E+06  -0.138106E-01   0.304630E+06   0.304592E+06   0.402296E-01
   0.315949E+00   0.568499E+06   0.565717E+06   0.284268E+00  -0.142468E+00   0.000000E+00   0.568069E+06   0.568069E+06   0.568069E+06  -0.135020E-01   0.297823E+06   0.297787E+06   0.380393E-01
   0.321312E+00   0.555710E+06   0.553037E+06   0.268679E+00  -0.134654E+00   0.000000E+00   0.555297E+06   0.555297E+06   0.555297E+06  -0.131984E-01   0.291127E+06   0.291092E+06   0.361667E-01
   0.326675E+00   0.542890E+06   0.540296E+06   0.253934E+00  -0.127265E+00   0.000000E+00   0.542488E+06   0.542488E+06   0.542488E+06  -0.128940E-01   0.284412E+06   0.284378E+06   0.346352E-01
   0.332038E+00   0.529969E+06   0.527427E+06   0.239947E+00  -0.120255E+00   0.000000E+00   0.529576E+06   0.529576E+06   0.529576E+06  -0.125871E-01   0.277642E+06   0.277609E+06   0.334021E-01
   0.337401E+00   0.517055E+06   0.514544E+06   0.226714E+00  -0.113623E+00   0.000000E+00   0.516667E+06   0.516667E+06   0.516667E+06  -0.122802E-01   0.270874E+06   0.270841E+06   0.323804E-01
   0.342764E+00   0.504349E+06   0.501859E+06   0.214274E+00  -0.107389E+00   0.000000E+00   0.503964E+06   0.503964E+06   0.503964E+06  -0.119783E-01   0.264214E+06   0.264182E+06   0.314665E-01
   0.348127E+00   0.492063E+06   0.489595E+06   0.202659E+00  -0.101569E+00   0.000000E+00   0.491682E+06   0.491682E+06   0.491682E+06  -0.116864E-01   0.257775E+06   0.257743E+06   0.305663E-01
   0.353491E+00   0.480371E+06   0.477932E+06   0.191884E+00  -0.961685E-01   0.000000E+00   0.479993E+06   0.479993E+06   0.479993E+06  -0.114086E-01   0.251647E+06   0.251616E+06   0.296155E-01
   0.358854E+00   0.469378E+06   0.466983E+06   0.181930E+00  -0.911798E-01   0.000000E+00   0.469008E+06   0.469008E+06   0.469008E+06  -0.111475E-01   0.245888E+06   0.245857E+06   0.285888E-01
   0.364217E+00   0.459100E+06   0.456761E+06   0.172744E+00  -0.865761E-01   0.000000E+00   0.458738E+06   0.458738E+06   0.458738E+06  -0.109034E-01   0.240504E+06   0.240474E+06   0.274970E-01
   0.369580E+00   0.449456E+06   0.447183E+06   0.164244E+00  -0.823158E-01   0.000000E+00   0.449104E+06   0.449104E+06   0.449104E+06  -0.106744E-01   0.235453E+06   0.235424E+06   0.263765E-01
   0.374943E+00   0.440311E+06   0.438107E+06   0.156334E+00  -0.783510E-01   0.000000E+00   0.439970E+06   0.439970E+06   0.439970E+06  -0.104573E-01   0.230664E+06   0.230636E+06   0.252749E-01
   0.380306E+00   0.431518E+06   0.429383E+06   0.148923E+00  -0.746366E-01   0.000000E+00   0.431188E+06   0.431188E+06   0.431188E+06  -0.102486E-01   0.226060E+06   0.226032E+06   0.242379E-01
   0.385669E+00   0.422952E+06   0.420876E+06   0.141936E+00  -0.711348E-01   0.000000E+00   0.422630E+06   0.422630E+06   0.422630E+06  -0.100452E-01   0.221573E+06   0.221546E+06   0.232970E-01
   0.391032E+00   0.414511E+06   0.412486E+06   0.135314E+00  -0.678162E-01   0.000000E+00   0.414197E+06   0.414197E+06   0.414197E+06  -0.984473E-02   0.217152E+06   0.217126E+06   0.224644E-01
   0.396395E+00   0.406144E+06   0.404160E+06   0.129020E+00  -0.646616E-01   0.000000E+00   0.405837E+06   0.405837E+06   0.405837E+06  -0.964603E-02   0.212769E+06   0.212744E+06   0.217328E-01
   0.401758E+00   0.397865E+06   0.395913E+06   0.123038E+00  -0.616635E-01   0.000000E+00   0.397563E+06   0.397563E+06   0.397563E+06  -0.944937E-02   0.208431E+06   0.208406E+06   0.210813E-01
   0.407121E+00   0.389737E+06   0.387811E+06   0.117369E+00  -0.588225E-01   0.000000E+00   0.389439E+06   0.389439E+06   0.389439E+06  -0.925627E-02   0.204172E+06   0.204147E+06   0.204819E-01
   0.412484E+00   0.381832E+06   0.379932E+06   0.112017E+00  -0.561403E-01   0.000000E+00   0.381538E+06   0.381538E+06   0.381538E+06  -0.906848E-02   0.200030E+06   0.200005E+06   0.199072E-01
   0.417848E+00   0.374202E+06   0.372329E+06   0.106978E+00  -0.536150E-01   0.000000E+00   0.373912E+06   0.373912E+06   0.373912E+06  -0.888722E-02   0.196032E+06   0.196008E+06   0.193356E-01
   0.423211E+00   0.366878E+06   0.365035E+06   0.102242E+00  -0.512416E-01   0.000000E+00   0.366593E+06   0.366593E+06   0.366593E+06  -0.871325E-02   0.192194E+06   0.192171E+06   0.187557E-01
   0.428574E+00   0.359877E+06   0.358069E+06   0.977968E-01  -0.490138E-01   0.000000E+00   0.359597E+06   0.359597E+06   0.359597E+06  -0.854698E-02   0.188527E+06   0.188504E+06   0.181667E-01
   0.433937E+00   0.353193E+06   0.351423E+06   0.936229E-01  -0.469218E-01   0.000000E+00   0.352919E+06   0.352919E+06   0.352919E+06  -0.838826E-02   0.185026E+06   0.185003E+06   0.175762E-01
   0.439300E+00   0.346783E+06   0.345052E+06   0.896932E-01  -0.449523E-01   0.000000E+00   0.346515E+06   0.346515E+06   0.346515E+06  -0.823604E-02   0.181668E+06   0.181646E+06   0.169960E-01
   0.444663E+00   0.340584E+06   0.338892E+06   0.859781E-01  -0.430903E-01   0.000000E+00   0.340322E+06   0.340322E+06   0.340322E+06  -0.808884E-02   0.178421E+06   0.178399E+06   0.164384E-01
   0.450026E+00   0.334547E+06   0.332892E+06   0.824537E-01  -0.413239E-01   0.000000E+00   0.334291E+06   0.334291E+06   0.334291E+06  -0.794550E-02   0.175260E+06   0.175238E+06   0.159133E-01
   0.455389E+00   0.328646E+06   0.327024E+06   0.791029E-01  -0.396445E-01   0.000000E+00   0.328395E+06   0.328395E+06   0.328395E+06  -0.780537E-02   0.172169E+06   0.172148E+06   0.154261E-01
   0.460752E+00   0.322860E+06   0.321267E+06   0.759116E-01  -0.380451E-01   0.000000E+00   0.322613E+06   0.322613E+06   0.322613E+06  -0.766794E-02   0.169137E+06   0.169117E+06   0.149767E-01
   0.466115E+00   0.317172E+06   0.315606E+06   0.728679E-01  -0.365198E-01   0.000000E+00   0.316930E+06   0.316930E+06   0.316930E+06  -0.753285E-02   0.166157E+06   0.166137E+06   0.145601E-01
   0.471478E+00   0.311588E+06   0.310046E+06   0.699655E-01  -0.350652E-01   0.000000E+00   0.311349E+06   0.311349E+06   0.311349E+06  -0.740021E-02   0.163232E+06   0.163212E+06   0.141687E-01
   0.476841E+00   0.306133E+06   0.304614E+06   0.672030E-01  -0.336807E-01   0.000000E+00   0.305898E+06   0.305898E+06   0.305898E+06  -0.727065E-02   0.160374E+06   0.160354E+06   0.137946E-01
   0.482204E+00   0.300834E+06   0.299337E+06   0.645787E-01  -0.323654E-01   0.000000E+00   0.300602E+06   0.300602E+06   0.300602E+06  -0.714477E-02   0.157597E+06   0.157578E+06   0.134310E-01
   0.487568E+00   0.295698E+06   0.294224E+06   0.620874E-01  -0.311169E-01   0.000000E+00   0.295470E+06   0.295470E+06   0.295470E+06  -0.702279E-02   0.154907E+06   0.154888E+06   0.130731E-01
   0.492931E+00   0.290725E+06   0.289274E+06   0.597220E-01  -0.299314E-01   0.000000E+00   0.290500E+06   0.290500E+06   0.290500E+06  -0.690467E-02   0.152301E+06   0.152283E+06   0.127190E-01
   0.498294E+00   0.285913E+06   0.284487E+06   0.574761E-01  -0.288058E-01   0.000000E+00   0.285692E+06   0.285692E+06   0.285692E+06  -0.679040E-02   0.149781E+06   0.149762E+06   0.123697E-01
   0.503657E+00   0.281258E+06   0.279857E+06   0.553426E-01  -0.277365E-01   0.000000E+00   0.281041E+06   0.281041E+06   0.281041E+06  -0.667984E-02   0.147342E+06   0.147324E+06   0.120276E-01
   0.509020E+00   0.276741E+06   0.275366E+06   0.533126E-01  -0.267191E-01   0.000000E+00   0.276528E+06   0.276528E+06   0.276528E+06  -0.657258E-02   0.144976E+06   0.144958E+06   0.116962E-01
   0.514383E+00   0.272339E+06   0.270988E+06   0.513764E-01  -0.257487E-01   0.000000E+00   0.272130E+06   0.272130E+06   0.272130E+06  -0.646805E-02   0.142670E+06   0.142653E+06   0.113780E-01
   0.519746E+00   0.268037E+06   0.266709E+06   0.495267E-01  -0.248217E-01   0.000000E+00   0.267831E+06   0.267831E+06   0.267831E+06  -0.636587E-02   0.140417E+06   0.140399E+06   0.110750E-01
   0.525109E+00   0.263827E+06   0.262521E+06   0.477582E-01  -0.239353E-01   0.000000E+00   0.263625E+06   0.263625E+06   0.263625E+06  -0.626589E-02   0.138211E+06   0.138194E+06   0.107876E-01
   0.530472E+00   0.259706E+06   0.258420E+06   0.460663E-01  -0.230874E-01   0.000000E+00   0.259507E+06   0.259507E+06   0.259507E+06  -0.616801E-02   0.136052E+06   0.136036E+06   0.105150E-01
   0.535835E+00   0.255668E+06   0.254401E+06   0.444467E-01  -0.222757E-01   0.000000E+00   0.255472E+06   0.255472E+06   0.255472E+06  -0.607210E-02   0.133937E+06   0.133920E+06   0.102552E-01
   0.541198E+00   0.251713E+06   0.250465E+06   0.428963E-01  -0.214987E-01   0.000000E+00   0.251520E+06   0.251520E+06   0.251520E+06  -0.597818E-02   0.131865E+06   0.131849E+06   0.100058E-01
   0.546561E+00   0.247851E+06   0.246620E+06   0.414132E-01  -0.207554E-01   0.000000E+00   0.247661E+06   0.247661E+06   0.247661E+06  -0.588645E-02   0.129842E+06   0.129826E+06   0.976454E-02
   0.551925E+00   0.244088E+06   0.242874E+06   0.399956E-01  -0.200449E-01   0.000000E+00   0.243900E+06   0.243900E+06   0.243900E+06  -0.579706E-02   0.127870E+06   0.127854E+06   0.952980E-02
   0.557288E+00   0.240423E+06   0.239227E+06   0.386404E-01  -0.193658E-01   0.000000E+00   0.240238E+06   0.240238E+06   0.240238E+06  -0.571002E-02   0.125950E+06   0.125934E+06   0.930047E-02
   0.562651E+00   0.236851E+06   0.235673E+06   0.373442E-01  -0.187161E-01   0.000000E+00   0.236669E+06   0.236669E+06   0.236669E+06  -0.562520E-02   0.124079E+06   0.124064E+06   0.907618E-02
   0.568014E+00   0.233371E+06   0.232211E+06   0.361039E-01  -0.180945E-01   0.000000E+00   0.233191E+06   0.233191E+06   0.233191E+06  -0.554254E-02   0.122256E+06   0.122241E+06   0.885725E-02
   0.573377E+00   0.229980E+06   0.228837E+06   0.349168E-01  -0.174996E-01   0.000000E+00   0.229803E+06   0.229803E+06   0.229803E+06  -0.546201E-02   0.120479E+06   0.120465E+06   0.864443E-02
   0.578740E+00   0.226671E+06   0.225546E+06   0.337796E-01  -0.169296E-01   0.000000E+00   0.226497E+06   0.226497E+06   0.226497E+06  -0.538343E-02   0.118746E+06   0.118731E+06   0.843843E-02
   0.584103E+00   0.223435E+06   0.222326E+06   0.326887E-01  -0.163829E-01   0.000000E+00   0.223263E+06   0.223263E+06   0.223263E+06  -0.530657E-02   0.117051E+06   0.117036E+06   0.823969E-02
   0.589466E+00   0.220265E+06   0.219173E+06   0.316413E-01  -0.158579E-01   0.000000E+00   0.220096E+06   0.220096E+06   0.220096E+06  -0.523129E-02   0.115390E+06   0.115376E+06   0.804841E-02
   0.594829E+00   0.217161E+06   0.216084E+06   0.306354E-01  -0.153538E-01   0.000000E+00   0.216995E+06   0.216995E+06   0.216995E+06  -0.515757E-02   0.113764E+06   0.113750E+06   0.786448E-02
   0.600192E+00   0.214123E+06   0.213061E+06   0.296694E-01  -0.148697E-01   0.000000E+00   0.213959E+06   0.213959E+06   0.213959E+06  -0.508541E-02   0.112173E+06   0.112159E+06   0.768746E-02
   0.605555E+00   0.211147E+06   0.210099E+06   0.287410E-01  -0.144044E-01   0.000000E+00   0.210984E+06   0.210984E+06   0.210984E+06  -0.501472E-02   0.110613E+06   0.110600E+06   0.751660E-02
   0.610918E+00   0.208230E+06   0.207197E+06   0.278486E-01  -0.139571E-01   0.000000E+00   0.208070E+06   0.208070E+06   0.208070E+06  -0.494545E-02   0.109085E+06   0.109072E+06   0.735111E-02
   0.616281E+00   0.205376E+06   0.204356E+06   0.269909E-01  -0.135273E-01   0.000000E+00   0.205218E+06   0.205218E+06   0.205218E+06  -0.487767E-02   0.107590E+06   0.107577E+06   0.719039E-02
   0.621645E+00   0.202587E+06   0.201581E+06   0.261669E-01  -0.131143E-01   0.000000E+00   0.202431E+06   0.202431E+06   0.202431E+06  -0.481142E-02   0.106129E+06   0.106116E+06   0.703400E-02
   0.627008E+00   0.199861E+06   0.198868E+06   0.253751E-01  -0.127175E-01   0.000000E+00   0.199707E+06   0.199707E+06   0.199707E+06  -0.474668E-02   0.104701E+06   0.104688E+06   0.688163E-02
   0.680214E+00   0.175705E+06   0.174833E+06   0.189548E-01  -0.949975E-02   0.000000E+00   0.175570E+06   0.175570E+06   0.175570E+06  -0.417299E-02   0.920466E+05   0.920352E+05   0.558499E-02
   0.737935E+00   0.154322E+06   0.153557E+06   0.141455E-01  -0.708944E-02   0.000000E+00   0.154204E+06   0.154204E+06   0.154204E+06  -0.366515E-02   0.808449E+05   0.808349E+05   0.453177E-02
   0.800554E+00   0.135426E+06   0.134754E+06   0.105474E-01  -0.528617E-02   0.000000E+00   0.135322E+06   0.135322E+06   0.135322E+06  -0.321637E-02   0.709457E+05   0.709369E+05   0.367601E-02
   0.868486E+00   0.118743E+06   0.118154E+06   0.785791E-02  -0.393824E-02   0.000000E+00   0.118652E+06   0.118652E+06   0.118652E+06  -0.282014E-02   0.622060E+05   0.621982E+05   0.298083E-02
   0.942183E+00   0.104030E+06   0.103514E+06   0.584940E-02  -0.293161E-02   0.000000E+00   0.103950E+06   0.103950E+06   0.103950E+06  -0.247070E-02   0.544981E+05   0.544913E+05   0.241656E-02
   0.101542E+01   0.920568E+05   0.916002E+05   0.445643E-02  -0.223349E-02   0.000000E+00   0.919862E+05   0.919862E+05   0.919862E+05  -0.218635E-02   0.482258E+05   0.482198E+05   0.199247E-02
   0.126811E+01   0.637863E+05   0.634700E+05   0.197987E-02  -0.992285E-03   0.000000E+00   0.637374E+05   0.637374E+05   0.637374E+05  -0.151492E-02   0.334158E+05   0.334115E+05   0.112421E-02
   0.158368E+01   0.439476E+05   0.437297E+05   0.874626E-03  -0.438355E-03   0.000000E+00   0.439139E+05   0.439139E+05   0.439139E+05  -0.104375E-02   0.230229E+05   0.230199E+05   0.636462E-03
   0.197777E+01   0.301037E+05   0.299544E+05   0.384134E-03  -0.192528E-03   0.000000E+00   0.300806E+05   0.300806E+05   0.300806E+05  -0.714962E-03   0.157705E+05   0.157683E+05   0.363054E-03
   0.246994E+01   0.204892E+05   0.203875E+05   0.167634E-03  -0.840204E-04   0.000000E+00   0.204735E+05   0.204735E+05   0.204735E+05  -0.486618E-03   0.107337E+05   0.107322E+05   0.209755E-03
   0.308458E+01   0.138382E+05   0.137695E+05   0.725912E-04  -0.363853E-04   0.000000E+00   0.138276E+05   0.138276E+05   0.138276E+05  -0.328656E-03   0.724944E+04   0.724830E+04   0.123481E-03
   0.385217E+01   0.925102E+04   0.920501E+04   0.311141E-04  -0.155965E-04   0.000000E+00   0.924390E+04   0.924390E+04   0.924390E+04  -0.219711E-03   0.484636E+04   0.484550E+04   0.744925E-04
   0.481078E+01   0.609392E+04   0.606354E+04   0.131406E-04  -0.658771E-05   0.000000E+00   0.608922E+04   0.608922E+04   0.608922E+04  -0.144730E-03   0.319245E+04   0.319178E+04   0.462012E-04
   0.600794E+01   0.392417E+04   0.390454E+04   0.542506E-05  -0.272016E-05   0.000000E+00   0.392113E+04   0.392113E+04   0.392113E+04  -0.931983E-04   0.205578E+04   0.205526E+04   0.293823E-04
   0.750301E+01   0.243562E+04   0.242337E+04   0.215864E-05  -0.108263E-05   0.000000E+00   0.243373E+04   0.243373E+04   0.243373E+04  -0.578453E-04   0.127598E+04   0.127555E+04   0.189152E-04
   0.937012E+01   0.141979E+04   0.141259E+04   0.806623E-06  -0.404713E-06   0.000000E+00   0.141868E+04   0.141868E+04   0.141868E+04  -0.337195E-04   0.743812E+03   0.743476E+03   0.119720E-04
   0.117019E+02   0.738346E+03   0.734553E+03   0.268856E-06  -0.134981E-06   0.000000E+00   0.737759E+03   0.737759E+03   0.737759E+03  -0.175352E-04   0.386817E+03   0.386571E+03   0.703081E-05
   0.146139E+02   0.303092E+03   0.301507E+03   0.707221E-07  -0.355426E-07   0.000000E+00   0.302847E+03   0.302847E+03   0.302847E+03  -0.719813E-05   0.158794E+03   0.158647E+03   0.336550E-05
   0.182505E+02   0.591219E+02   0.588074E+02   0.883637E-08  -0.444894E-08   0.000000E+00   0.590733E+02   0.590733E+02   0.590733E+02  -0.140407E-05   0.309771E+02   0.309338E+02   0.791318E-06
   0.227921E+02  -0.346195E+02  -0.344196E+02  -0.331374E-08   0.167090E-08   0.000000E+00  -0.345886E+02  -0.345886E+02  -0.345886E+02   0.822109E-06  -0.181385E+02  -0.181015E+02  -0.541529E-06
   0.284639E+02  -0.293519E+02  -0.291744E+02  -0.179727E-08   0.909846E-09   0.000000E+00  -0.293245E+02  -0.293245E+02  -0.293245E+02   0.696990E-06  -0.153808E+02  -0.153323E+02  -0.567955E-06
   0.355471E+02   0.175928E+01   0.174484E+01   0.688308E-10  -0.350170E-10   0.000000E+00   0.175705E+01   0.175705E+01   0.175705E+01  -0.417619E-07   0.921756E+00   0.917314E+00   0.416785E-07
   0.443930E+02   0.403399E+01   0.400452E+01   0.100617E-09  -0.517381E-10   0.000000E+00   0.402943E+01   0.402943E+01   0.402943E+01  -0.957724E-07   0.211496E+01   0.209893E+01   0.120461E-06
   0.554402E+02  -0.196014E+01  -0.194243E+01  -0.310944E-10   0.161896E-10   0.000000E+00  -0.195740E+01  -0.195740E+01  -0.195740E+01   0.465239E-07  -0.102791E+01  -0.101596E+01  -0.719393E-07
   0.692364E+02   0.742154E+00   0.734045E+00   0.744205E-11  -0.396877E-11   0.000000E+00   0.740900E+00   0.740900E+00   0.740900E+00  -0.176099E-07   0.389504E+00   0.382382E+00   0.343136E-07
   0.864658E+02  -0.371249E-01  -0.378204E-01  -0.233286E-12   0.130714E-12   0.000000E+00  -0.372325E-01  -0.372325E-01  -0.372325E-01   0.884950E-09  -0.196214E-01  -0.190240E-01  -0.230468E-08
   0.107983E+03  -0.109019E+00  -0.106933E+00  -0.424874E-12   0.247406E-12   0.000000E+00  -0.108696E+00  -0.108696E+00  -0.108696E+00   0.258351E-08  -0.573539E-01  -0.547986E-01  -0.789367E-08
   0.134854E+03  -0.282412E-01  -0.277306E-01  -0.663012E-13   0.426323E-13   0.000000E+00  -0.281622E-01  -0.281622E-01  -0.281622E-01   0.669364E-09  -0.149225E-01  -0.138484E-01  -0.265676E-08
   0.168412E+03   0.183295E-01   0.171713E-01   0.250625E-13  -0.184794E-13   0.000000E+00   0.181503E-01   0.181503E-01   0.181503E-01  -0.431400E-09   0.967235E-02   0.863310E-02   0.205849E-08
   0.210322E+03  -0.220258E-02  -0.214038E-02  -0.144548E-14   0.161400E-14   0.000000E+00  -0.219296E-02  -0.219296E-02  -0.219296E-02   0.521227E-10  -0.118677E-02  -0.946076E-03  -0.381744E-09
   0.262660E+03   0.116259E-02   0.902306E-03   0.498653E-15  -0.518704E-15   0.000000E+00   0.112232E-02   0.112232E-02   0.112232E-02  -0.266755E-10   0.605673E-03   0.490651E-03   0.146079E-09
   0.328022E+03  -0.820537E-03  -0.593091E-03  -0.901568E-16   0.284694E-15   0.000000E+00  -0.785350E-03  -0.785350E-03  -0.785350E-03   0.186664E-10  -0.436386E-03  -0.281953E-03  -0.157049E-09
   0.409650E+03   0.236676E-03   0.145438E-03   0.144941E-16  -0.522512E-16   0.000000E+00   0.222561E-03   0.222561E-03   0.222561E-03  -0.528988E-11   0.123864E-03   0.782995E-04   0.371035E-10
   0.511591E+03   0.117431E-03   0.458892E-04  -0.127309E-16  -0.258178E-16   0.000000E+00   0.106363E-03   0.106363E-03   0.106363E-03  -0.252806E-11   0.649619E-04   0.239439E-04   0.267455E-10
