#          k/h    CDM            baryon         photon         nu             mass_nu        total          no_nu          total_de       Weyl           v_CDM          v_b            v_b-v_c     
   0.104501E-04   0.198309E+08   0.198309E+08   0.264274E+08   0.264270E+08   0.000000E+00   0.198309E+08   0.198309E+08   0.198387E+08  -0.471825E+00   0.103990E+08   0.103990E+08   0.139310E+01
   0.127095E-04   0.198309E+08   0.198309E+08   0.264207E+08   0.264202E+08   0.000000E+00   0.198309E+08   0.198309E+08   0.198386E+08  -0.471824E+00   0.103990E+08   0.103990E+08   0.169414E+01
   0.154573E-04   0.198309E+08   0.198309E+08   0.264109E+08   0.264102E+08   0.000000E+00   0.198309E+08   0.198309E+08   0.198386E+08  -0.471824E+00   0.103990E+08   0.103990E+08   0.206013E+01
   0.187992E-04   0.198308E+08   0.198308E+08   0.263963E+08   0.263953E+08   0.000000E+00   0.198308E+08   0.198308E+08   0.198386E+08  -0.471823E+00   0.103989E+08   0.103989E+08   0.250504E+01
   0.228637E-04   0.198308E+08   0.198308E+08   0.263749E+08   0.263734E+08   0.000000E+00   0.198308E+08   0.198308E+08   0.198385E+08  -0.471822E+00   0.103989E+08   0.103989E+08   0.304573E+01
   0.278068E-04   0.198307E+08   0.198307E+08   0.263431E+08   0.263409E+08   0.000000E+00   0.198307E+08   0.198307E+08   0.198385E+08  -0.471820E+00   0.103989E+08   0.103989E+08   0.370260E+01
   0.338188E-04   0.198306E+08   0.198306E+08   0.262962E+08   0.262929E+08   0.000000E+00   0.198306E+08   0.198306E+08   0.198384E+08  -0.471817E+00   0.103988E+08   0.103988E+08   0.450020E+01
   0.411305E-04   0.198305E+08   0.198305E+08   0.262270E+08   0.262221E+08   0.000000E+00   0.198305E+08   0.198305E+08   0.198382E+08  -0.471813E+00   0.103988E+08   0.103988E+08   0.546791E+01
   0.500230E-04   0.198303E+08   0.198303E+08   0.261249E+08   0.261177E+08   0.000000E+00   0.198303E+08   0.198303E+08   0.198380E+08  -0.471807E+00   0.103987E+08   0.103987E+08   0.664066E+01
   0.608381E-04   0.198300E+08   0.198300E+08   0.259745E+08   0.259640E+08   0.000000E+00   0.198300E+08   0.198300E+08   0.198376E+08  -0.471798E+00   0.103985E+08   0.103985E+08   0.805948E+01
   0.739915E-04   0.198296E+08   0.198296E+08   0.257536E+08   0.257381E+08   0.000000E+00   0.198296E+08   0.198296E+08   0.198371E+08  -0.471784E+00   0.103983E+08   0.103983E+08   0.977165E+01
   0.899887E-04   0.198289E+08   0.198289E+08   0.254300E+08   0.254073E+08   0.000000E+00   0.198289E+08   0.198289E+08   0.198364E+08  -0.471765E+00   0.103979E+08   0.103979E+08   0.118300E+02
   0.109444E-03   0.198280E+08   0.198279E+08   0.249582E+08   0.249252E+08   0.000000E+00   0.198280E+08   0.198280E+08   0.198353E+08  -0.471736E+00   0.103974E+08   0.103974E+08   0.142908E+02
   0.133107E-03   0.198266E+08   0.198265E+08   0.242750E+08   0.242273E+08   0.000000E+00   0.198266E+08   0.198266E+08   0.198337E+08  -0.471694E+00   0.103967E+08   0.103967E+08   0.172082E+02
   0.161885E-03   0.198245E+08   0.198244E+08   0.232962E+08   0.232278E+08   0.000000E+00   0.198245E+08   0.198245E+08   0.198313E+08  -0.471632E+00   0.103956E+08   0.103956E+08   0.206236E+02
   0.196885E-03   0.198214E+08   0.198214E+08   0.219149E+08   0.218187E+08   0.000000E+00   0.198214E+08   0.198214E+08   0.198279E+08  -0.471541E+00   0.103939E+08   0.103939E+08   0.245468E+02
   0.239452E-03   0.198170E+08   0.198169E+08   0.200105E+08   0.198781E+08   0.000000E+00   0.198170E+08   0.198170E+08   0.198228E+08  -0.471409E+00   0.103916E+08   0.103915E+08   0.289239E+02
   0.291222E-03   0.198105E+08   0.198103E+08   0.174742E+08   0.172986E+08   0.000000E+00   0.198104E+08   0.198104E+08   0.198155E+08  -0.471219E+00   0.103881E+08   0.103881E+08   0.335902E+02
   0.354185E-03   0.198010E+08   0.198007E+08   0.142699E+08   0.140497E+08   0.000000E+00   0.198010E+08   0.198010E+08   0.198051E+08  -0.470948E+00   0.103830E+08   0.103830E+08   0.382099E+02
   0.430761E-03   0.197874E+08   0.197870E+08   0.105374E+08   0.102842E+08   0.000000E+00   0.197873E+08   0.197873E+08   0.197904E+08  -0.470567E+00   0.103758E+08   0.103757E+08   0.422277E+02
   0.523892E-03   0.197679E+08   0.197674E+08   0.671131E+07   0.645834E+07   0.000000E+00   0.197679E+08   0.197679E+08   0.197698E+08  -0.470041E+00   0.103654E+08   0.103653E+08   0.448895E+02
   0.637159E-03   0.197406E+08   0.197400E+08   0.352704E+07   0.332986E+07   0.000000E+00   0.197405E+08   0.197405E+08   0.197416E+08  -0.469328E+00   0.103508E+08   0.103508E+08   0.454341E+02
   0.774915E-03   0.197029E+08   0.197020E+08   0.167337E+07   0.158427E+07   0.000000E+00   0.197027E+08   0.197027E+08   0.197032E+08  -0.468379E+00   0.103307E+08   0.103306E+08   0.435022E+02
   0.942454E-03   0.196515E+08   0.196504E+08   0.106914E+07   0.108380E+07   0.000000E+00   0.196513E+08   0.196513E+08   0.196517E+08  -0.467126E+00   0.103035E+08   0.103034E+08   0.395125E+02
   0.114621E-02   0.195827E+08   0.195814E+08   0.726199E+06   0.768143E+06   0.000000E+00   0.195825E+08   0.195825E+08   0.195827E+08  -0.465474E+00   0.102671E+08   0.102670E+08   0.343841E+02
   0.139403E-02   0.194916E+08   0.194903E+08   0.259908E+06   0.283414E+06   0.000000E+00   0.194914E+08   0.194914E+08   0.194915E+08  -0.463297E+00   0.102192E+08   0.102190E+08   0.287062E+02
   0.169542E-02   0.193725E+08   0.193711E+08   0.159728E+06  -0.168798E+06   0.000000E+00   0.193723E+08   0.193723E+08   0.193723E+08  -0.460456E+00   0.101566E+08   0.101565E+08   0.230544E+02
   0.206198E-02   0.192184E+08   0.192169E+08   0.331899E+04  -0.113190E+06   0.000000E+00   0.192181E+08   0.192181E+08   0.192181E+08  -0.456789E+00   0.100757E+08   0.100756E+08   0.183944E+02
   0.250778E-02   0.190212E+08   0.190195E+08   0.302360E+04  -0.757298E+05   0.000000E+00   0.190209E+08   0.190209E+08   0.190209E+08  -0.452098E+00   0.997220E+07   0.997208E+07   0.149038E+02
   0.304997E-02   0.187718E+08   0.187697E+08   0.130077E+03  -0.505229E+05   0.000000E+00   0.187715E+08   0.187715E+08   0.187715E+08  -0.446167E+00   0.984138E+07   0.984126E+07   0.122481E+02
   0.370939E-02   0.184603E+08   0.184578E+08  -0.122837E+05  -0.335881E+05   0.000000E+00   0.184599E+08   0.184599E+08   0.184599E+08  -0.438761E+00   0.967801E+07   0.967790E+07   0.996841E+01
   0.451137E-02   0.180761E+08   0.180730E+08  -0.144516E+05  -0.222342E+05   0.000000E+00   0.180757E+08   0.180757E+08   0.180756E+08  -0.429627E+00   0.947652E+07   0.947641E+07   0.810605E+01
   0.548674E-02   0.176083E+08   0.176042E+08  -0.118309E+05  -0.146422E+05   0.000000E+00   0.176076E+08   0.176076E+08   0.176076E+08  -0.418503E+00   0.923113E+07   0.923102E+07   0.661021E+01
   0.667298E-02   0.170455E+08   0.170400E+08  -0.104233E+05  -0.958241E+04   0.000000E+00   0.170446E+08   0.170446E+08   0.170446E+08  -0.405120E+00   0.893596E+07   0.893585E+07   0.536829E+01
   0.811570E-02   0.163765E+08   0.163691E+08  -0.552695E+04  -0.622390E+04   0.000000E+00   0.163753E+08   0.163753E+08   0.163753E+08  -0.389213E+00   0.858507E+07   0.858496E+07   0.437192E+01
   0.987034E-02   0.155919E+08   0.155819E+08   0.192779E+04  -0.400605E+04   0.000000E+00   0.155904E+08   0.155904E+08   0.155904E+08  -0.370556E+00   0.817354E+07   0.817344E+07   0.358019E+01
   0.120043E-01   0.146778E+08   0.146641E+08  -0.219611E+04  -0.254944E+04   0.000000E+00   0.146757E+08   0.146757E+08   0.146757E+08  -0.348814E+00   0.769399E+07   0.769388E+07   0.294504E+01
   0.145997E-01   0.136318E+08   0.136132E+08   0.349708E+03  -0.160066E+04   0.000000E+00   0.136289E+08   0.136289E+08   0.136289E+08  -0.323934E+00   0.714520E+07   0.714510E+07   0.244319E+01
   0.177562E-01   0.124404E+08   0.124156E+08  -0.105194E+04  -0.987486E+03   0.000000E+00   0.124365E+08   0.124365E+08   0.124365E+08  -0.295594E+00   0.652010E+07   0.651999E+07   0.203989E+01
   0.215952E-01   0.111168E+08   0.110850E+08  -0.855085E+02  -0.596504E+03   0.000000E+00   0.111118E+08   0.111118E+08   0.111118E+08  -0.264109E+00   0.582562E+07   0.582551E+07   0.170621E+01
   0.259142E-01   0.978504E+07   0.974664E+07   0.333836E+02  -0.364564E+03   0.000000E+00   0.977910E+07   0.977910E+07   0.977910E+07  -0.232432E+00   0.512691E+07   0.512680E+07   0.142972E+01
   0.302332E-01   0.862541E+07   0.858265E+07  -0.788338E+02  -0.236068E+03   0.000000E+00   0.861879E+07   0.861879E+07   0.861879E+07  -0.204853E+00   0.451860E+07   0.451849E+07   0.120371E+01
   0.345522E-01   0.763958E+07   0.759513E+07  -0.246450E+02  -0.160063E+03   0.000000E+00   0.763270E+07   0.763270E+07   0.763270E+07  -0.181416E+00   0.400163E+07   0.400152E+07   0.100486E+01
   0.388713E-01   0.682249E+07   0.677901E+07  -0.191621E+02  -0.112934E+03   0.000000E+00   0.681576E+07   0.681576E+07   0.681576E+07  -0.161998E+00   0.357333E+07   0.357323E+07   0.825497E+00
   0.431903E-01   0.616060E+07   0.612034E+07  -0.191889E+02  -0.825997E+02   0.000000E+00   0.615437E+07   0.615437E+07   0.615437E+07  -0.146278E+00   0.322658E+07   0.322649E+07   0.664951E+00
   0.475093E-01   0.563098E+07   0.559552E+07   0.124454E+03  -0.623972E+02   0.000000E+00   0.562549E+07   0.562549E+07   0.562549E+07  -0.133708E+00   0.294930E+07   0.294922E+07   0.525122E+00
   0.518284E-01   0.521351E+07   0.518366E+07   0.968325E+02  -0.485473E+02   0.000000E+00   0.520889E+07   0.520889E+07   0.520889E+07  -0.123806E+00   0.273088E+07   0.273082E+07   0.408323E+00
   0.561474E-01   0.487326E+07   0.484898E+07   0.771331E+02  -0.386697E+02   0.000000E+00   0.486951E+07   0.486951E+07   0.486951E+07  -0.115739E+00   0.255294E+07   0.255289E+07   0.315427E+00
   0.604664E-01   0.458598E+07   0.456657E+07   0.625949E+02  -0.313803E+02   0.000000E+00   0.458298E+07   0.458298E+07   0.458298E+07  -0.108929E+00   0.240272E+07   0.240268E+07   0.245917E+00
   0.647855E-01   0.432838E+07   0.431266E+07   0.514694E+02  -0.258022E+02   0.000000E+00   0.432595E+07   0.432595E+07   0.432595E+07  -0.102820E+00   0.226796E+07   0.226793E+07   0.197521E+00
   0.691045E-01   0.408457E+07   0.407117E+07   0.426911E+02  -0.214014E+02   0.000000E+00   0.408250E+07   0.408250E+07   0.408250E+07  -0.970337E-01   0.214033E+07   0.214029E+07   0.166723E+00
   0.734235E-01   0.384506E+07   0.383263E+07   0.355991E+02  -0.178461E+02   0.000000E+00   0.384314E+07   0.384314E+07   0.384314E+07  -0.913445E-01   0.201484E+07   0.201481E+07   0.149240E+00
   0.777425E-01   0.360725E+07   0.359470E+07   0.297883E+02  -0.149333E+02   0.000000E+00   0.360530E+07   0.360530E+07   0.360530E+07  -0.856916E-01   0.189015E+07   0.189012E+07   0.140611E+00
   0.820616E-01   0.337322E+07   0.335984E+07   0.249987E+02  -0.125325E+02   0.000000E+00   0.337115E+07   0.337115E+07   0.337115E+07  -0.801262E-01   0.176740E+07   0.176736E+07   0.136706E+00
   0.863806E-01   0.314852E+07   0.313404E+07   0.210562E+02  -0.105563E+02   0.000000E+00   0.314628E+07   0.314628E+07   0.314628E+07  -0.747815E-01   0.164951E+07   0.164947E+07   0.134153E+00
   0.906996E-01   0.293904E+07   0.292356E+07   0.178259E+02  -0.893705E+01   0.000000E+00   0.293665E+07   0.293665E+07   0.293665E+07  -0.697988E-01   0.153960E+07   0.153957E+07   0.130564E+00
   0.960627E-01   0.270790E+07   0.269180E+07   0.146396E+02  -0.733979E+01   0.000000E+00   0.270541E+07   0.270541E+07   0.270541E+07  -0.643027E-01   0.141837E+07   0.141834E+07   0.122778E+00
   0.101426E+00   0.251525E+07   0.249948E+07   0.121975E+02  -0.611543E+01   0.000000E+00   0.251281E+07   0.251281E+07   0.251281E+07  -0.597251E-01   0.131740E+07   0.131737E+07   0.110962E+00
   0.106789E+00   0.236207E+07   0.234754E+07   0.103332E+02  -0.518070E+01   0.000000E+00   0.235983E+07   0.235983E+07   0.235983E+07  -0.560889E-01   0.123719E+07   0.123716E+07   0.962956E-01
   0.112152E+00   0.224192E+07   0.222926E+07   0.889280E+01  -0.445843E+01   0.000000E+00   0.223997E+07   0.223997E+07   0.223997E+07  -0.532400E-01   0.117435E+07   0.117433E+07   0.807768E-01
   0.117515E+00   0.214377E+07   0.213318E+07   0.774596E+01  -0.388334E+01   0.000000E+00   0.214214E+07   0.214214E+07   0.214214E+07  -0.509147E-01   0.112306E+07   0.112304E+07   0.664631E-01
   0.122878E+00   0.205640E+07   0.204766E+07   0.679662E+01  -0.340731E+01   0.000000E+00   0.205505E+07   0.205505E+07   0.205505E+07  -0.488449E-01   0.107740E+07   0.107738E+07   0.549047E-01
   0.128241E+00   0.197095E+07   0.196354E+07   0.598122E+01  -0.299848E+01   0.000000E+00   0.196981E+07   0.196981E+07   0.196981E+07  -0.468188E-01   0.103271E+07   0.103269E+07   0.468328E-01
   0.133604E+00   0.188193E+07   0.187518E+07   0.526191E+01  -0.263786E+01   0.000000E+00   0.188088E+07   0.188088E+07   0.188088E+07  -0.447052E-01   0.986090E+06   0.986073E+06   0.421273E-01
   0.138967E+00   0.178791E+07   0.178122E+07   0.462050E+01  -0.231634E+01   0.000000E+00   0.178687E+07   0.178687E+07   0.178687E+07  -0.424707E-01   0.936803E+06   0.936787E+06   0.400193E-01
   0.144330E+00   0.169119E+07   0.168415E+07   0.405150E+01  -0.203112E+01   0.000000E+00   0.169010E+07   0.169010E+07   0.169010E+07  -0.401707E-01   0.886071E+06   0.886054E+06   0.394098E-01
   0.149694E+00   0.159607E+07   0.158852E+07   0.355420E+01  -0.178186E+01   0.000000E+00   0.159490E+07   0.159490E+07   0.159490E+07  -0.379079E-01   0.836160E+06   0.836142E+06   0.391931E-01
   0.155057E+00   0.150712E+07   0.149917E+07   0.312770E+01  -0.156807E+01   0.000000E+00   0.150589E+07   0.150589E+07   0.150589E+07  -0.357923E-01   0.789497E+06   0.789479E+06   0.385132E-01
   0.160420E+00   0.142831E+07   0.142022E+07   0.276908E+01  -0.138830E+01   0.000000E+00   0.142706E+07   0.142706E+07   0.142706E+07  -0.339186E-01   0.748168E+06   0.748150E+06   0.369098E-01
   0.165783E+00   0.136193E+07   0.135405E+07   0.247228E+01  -0.123949E+01   0.000000E+00   0.136071E+07   0.136071E+07   0.136071E+07  -0.323417E-01   0.713385E+06   0.713368E+06   0.343337E-01
   0.171146E+00   0.130767E+07   0.130031E+07   0.222739E+01  -0.111671E+01   0.000000E+00   0.130653E+07   0.130653E+07   0.130653E+07  -0.310538E-01   0.684977E+06   0.684961E+06   0.310546E-01
   0.176509E+00   0.126282E+07   0.125619E+07   0.202240E+01  -0.101392E+01   0.000000E+00   0.126179E+07   0.126179E+07   0.126179E+07  -0.299905E-01   0.661522E+06   0.661508E+06   0.275147E-01
   0.181872E+00   0.122373E+07   0.121787E+07   0.184607E+01  -0.925499E+00   0.000000E+00   0.122282E+07   0.122282E+07   0.122282E+07  -0.290643E-01   0.641091E+06   0.641078E+06   0.241774E-01
   0.187235E+00   0.118698E+07   0.118179E+07   0.168964E+01  -0.847062E+00   0.000000E+00   0.118618E+07   0.118618E+07   0.118618E+07  -0.281933E-01   0.621879E+06   0.621867E+06   0.214044E-01
   0.192598E+00   0.114985E+07   0.114514E+07   0.154696E+01  -0.775527E+00   0.000000E+00   0.114912E+07   0.114912E+07   0.114912E+07  -0.273125E-01   0.602448E+06   0.602437E+06   0.193804E-01
   0.197961E+00   0.111064E+07   0.110617E+07   0.141436E+01  -0.709052E+00   0.000000E+00   0.110995E+07   0.110995E+07   0.110995E+07  -0.263814E-01   0.581912E+06   0.581901E+06   0.180994E-01
   0.203324E+00   0.106913E+07   0.106471E+07   0.129060E+01  -0.647012E+00   0.000000E+00   0.106845E+07   0.106845E+07   0.106845E+07  -0.253951E-01   0.560155E+06   0.560144E+06   0.174033E-01
   0.208687E+00   0.102648E+07   0.102195E+07   0.117619E+01  -0.589661E+00   0.000000E+00   0.102578E+07   0.102578E+07   0.102578E+07  -0.243809E-01   0.537785E+06   0.537774E+06   0.170504E-01
   0.214050E+00   0.984488E+06   0.979821E+06   0.107220E+01  -0.537533E+00   0.000000E+00   0.983766E+06   0.983766E+06   0.983766E+06  -0.233824E-01   0.515761E+06   0.515750E+06   0.167884E-01
   0.219414E+00   0.944934E+06   0.940159E+06   0.979373E+00  -0.491003E+00   0.000000E+00   0.944195E+06   0.944195E+06   0.944195E+06  -0.224418E-01   0.495015E+06   0.495004E+06   0.164160E-01
   0.224777E+00   0.909136E+06   0.904351E+06   0.897811E+00  -0.450115E+00   0.000000E+00   0.908396E+06   0.908396E+06   0.908396E+06  -0.215909E-01   0.476247E+06   0.476236E+06   0.158191E-01
   0.230140E+00   0.877744E+06   0.873071E+06   0.826873E+00  -0.414551E+00   0.000000E+00   0.877021E+06   0.877021E+06   0.877021E+06  -0.208452E-01   0.459798E+06   0.459788E+06   0.149799E-01
   0.235503E+00   0.850622E+06   0.846170E+06   0.765254E+00  -0.383657E+00   0.000000E+00   0.849934E+06   0.849934E+06   0.849934E+06  -0.202014E-01   0.445597E+06   0.445587E+06   0.139597E-01
   0.240866E+00   0.826972E+06   0.822810E+06   0.711240E+00  -0.356574E+00   0.000000E+00   0.826328E+06   0.826328E+06   0.826328E+06  -0.196403E-01   0.433221E+06   0.433211E+06   0.128665E-01
   0.246229E+00   0.805613E+06   0.801759E+06   0.663044E+00  -0.332408E+00   0.000000E+00   0.805017E+06   0.805017E+06   0.805017E+06  -0.191338E-01   0.422047E+06   0.422039E+06   0.118175E-01
   0.251592E+00   0.785273E+06   0.781695E+06   0.619067E+00  -0.310358E+00   0.000000E+00   0.784719E+06   0.784719E+06   0.784719E+06  -0.186514E-01   0.411406E+06   0.411398E+06   0.109074E-01
   0.256955E+00   0.764874E+06   0.761505E+06   0.578092E+00  -0.289814E+00   0.000000E+00   0.764353E+06   0.764353E+06   0.764353E+06  -0.181673E-01   0.400728E+06   0.400720E+06   0.101883E-01
   0.262318E+00   0.743819E+06   0.740578E+06   0.539431E+00  -0.270432E+00   0.000000E+00   0.743318E+06   0.743318E+06   0.743318E+06  -0.176673E-01   0.389700E+06   0.389692E+06   0.966565E-02
   0.267681E+00   0.722103E+06   0.718916E+06   0.502903E+00  -0.252120E+00   0.000000E+00   0.721610E+06   0.721610E+06   0.721610E+06  -0.171514E-01   0.378319E+06   0.378312E+06   0.930496E-02
   0.273044E+00   0.700141E+06   0.696956E+06   0.468630E+00  -0.234939E+00   0.000000E+00   0.699648E+06   0.699648E+06   0.699648E+06  -0.166294E-01   0.366805E+06   0.366798E+06   0.904738E-02
   0.278407E+00   0.678506E+06   0.675304E+06   0.436807E+00  -0.218988E+00   0.000000E+00   0.678010E+06   0.678010E+06   0.678010E+06  -0.161151E-01   0.355461E+06   0.355454E+06   0.882758E-02
   0.283771E+00   0.657781E+06   0.654571E+06   0.407599E+00  -0.204346E+00   0.000000E+00   0.657285E+06   0.657285E+06   0.657285E+06  -0.156225E-01   0.344596E+06   0.344588E+06   0.859062E-02
   0.289134E+00   0.638476E+06   0.635289E+06   0.381089E+00  -0.191056E+00   0.000000E+00   0.637983E+06   0.637983E+06   0.637983E+06  -0.151637E-01   0.334477E+06   0.334469E+06   0.830306E-02
   0.294497E+00   0.620892E+06   0.617768E+06   0.357216E+00  -0.179087E+00   0.000000E+00   0.620409E+06   0.620409E+06   0.620409E+06  -0.147460E-01   0.325263E+06   0.325256E+06   0.795616E-02
   0.299860E+00   0.605014E+06   0.601991E+06   0.335743E+00  -0.168322E+00   0.000000E+00   0.604546E+06   0.604546E+06   0.604546E+06  -0.143690E-01   0.316947E+06   0.316940E+06   0.756240E-02
   0.305223E+00   0.590549E+06   0.587653E+06   0.316306E+00  -0.158576E+00   0.000000E+00   0.590101E+06   0.590101E+06   0.590101E+06  -0.140256E-01   0.309373E+06   0.309367E+06   0.714800E-02
   0.310586E+00   0.577079E+06   0.574318E+06   0.298515E+00  -0.149656E+00   0.000000E+00   0.576652E+06   0.576652E+06   0.576652E+06  -0.137060E-01   0.302322E+06   0.302316E+06   0.674378E-02
   0.315949E+00   0.564184E+06   0.561548E+06   0.282026E+00  -0.141389E+00   0.000000E+00   0.563776E+06   0.563776E+06   0.563776E+06  -0.133999E-01   0.295572E+06   0.295566E+06   0.637648E-02
   0.321312E+00   0.551501E+06   0.548969E+06   0.266563E+00  -0.133637E+00   0.000000E+00   0.551110E+06   0.551110E+06   0.551110E+06  -0.130989E-01   0.288931E+06   0.288925E+06   0.606261E-02
   0.326675E+00   0.538785E+06   0.536329E+06   0.251938E+00  -0.126305E+00   0.000000E+00   0.538405E+06   0.538405E+06   0.538405E+06  -0.127969E-01   0.282270E+06   0.282265E+06   0.580611E-02
   0.332038E+00   0.525968E+06   0.523561E+06   0.238063E+00  -0.119349E+00   0.000000E+00   0.525596E+06   0.525596E+06   0.525596E+06  -0.124925E-01   0.275555E+06   0.275549E+06   0.559982E-02
   0.337401E+00   0.513155E+06   0.510777E+06   0.224936E+00  -0.112768E+00   0.000000E+00   0.512787E+06   0.512787E+06   0.512787E+06  -0.121880E-01   0.268840E+06   0.268834E+06   0.542910E-02
   0.342764E+00   0.500548E+06   0.498189E+06   0.212595E+00  -0.106581E+00   0.000000E+00   0.500183E+06   0.500183E+06   0.500183E+06  -0.118884E-01   0.262232E+06   0.262226E+06   0.527648E-02
   0.348127E+00   0.488357E+06   0.486018E+06   0.201073E+00  -0.100805E+00   0.000000E+00   0.487995E+06   0.487995E+06   0.487995E+06  -0.115988E-01   0.255842E+06   0.255836E+06   0.512613E-02
   0.353491E+00   0.476755E+06   0.474445E+06   0.190383E+00  -0.954465E-01   0.000000E+00   0.476398E+06   0.476398E+06   0.476398E+06  -0.113231E-01   0.249762E+06   0.249757E+06   0.496720E-02
   0.358854E+00   0.465850E+06   0.463580E+06   0.180509E+00  -0.904961E-01   0.000000E+00   0.465498E+06   0.465498E+06   0.465498E+06  -0.110641E-01   0.244048E+06   0.244043E+06   0.479543E-02
   0.364217E+00   0.455654E+06   0.453438E+06   0.171397E+00  -0.859280E-01   0.000000E+00   0.455312E+06   0.455312E+06   0.455312E+06  -0.108219E-01   0.238707E+06   0.238702E+06   0.461263E-02
   0.369580E+00   0.446090E+06   0.443936E+06   0.162966E+00  -0.817010E-01   0.000000E+00   0.445757E+06   0.445757E+06   0.445757E+06  -0.105948E-01   0.233698E+06   0.233693E+06   0.442492E-02
   0.374943E+00   0.437022E+06   0.434934E+06   0.155120E+00  -0.777672E-01   0.000000E+00   0.436699E+06   0.436699E+06   0.436699E+06  -0.103795E-01   0.228949E+06   0.228944E+06   0.424035E-02
   0.380306E+00   0.428304E+06   0.426280E+06   0.147769E+00  -0.740819E-01   0.000000E+00   0.427991E+06   0.427991E+06   0.427991E+06  -0.101726E-01   0.224383E+06   0.224379E+06   0.406659E-02
   0.385669E+00   0.419809E+06   0.417843E+06   0.140839E+00  -0.706076E-01   0.000000E+00   0.419505E+06   0.419505E+06   0.419505E+06  -0.997088E-02   0.219934E+06   0.219930E+06   0.390898E-02
   0.391032E+00   0.411439E+06   0.409521E+06   0.134271E+00  -0.673148E-01   0.000000E+00   0.411142E+06   0.411142E+06   0.411142E+06  -0.977211E-02   0.215550E+06   0.215546E+06   0.376955E-02
   0.396395E+00   0.403142E+06   0.401262E+06   0.128028E+00  -0.641847E-01   0.000000E+00   0.402851E+06   0.402851E+06   0.402851E+06  -0.957505E-02   0.211203E+06   0.211199E+06   0.364712E-02
   0.401758E+00   0.394931E+06   0.393081E+06   0.122093E+00  -0.612097E-01   0.000000E+00   0.394644E+06   0.394644E+06   0.394644E+06  -0.937999E-02   0.206901E+06   0.206897E+06   0.353813E-02
   0.407121E+00   0.386868E+06   0.385044E+06   0.116470E+00  -0.583906E-01   0.000000E+00   0.386586E+06   0.386586E+06   0.386586E+06  -0.918845E-02   0.202676E+06   0.202672E+06   0.343790E-02
   0.412484E+00   0.379027E+06   0.377227E+06   0.111161E+00  -0.557290E-01   0.000000E+00   0.378749E+06   0.378749E+06   0.378749E+06  -0.900218E-02   0.198567E+06   0.198563E+06   0.334179E-02
   0.417848E+00   0.371459E+06   0.369684E+06   0.106162E+00  -0.532230E-01   0.000000E+00   0.371185E+06   0.371185E+06   0.371185E+06  -0.882239E-02   0.194602E+06   0.194597E+06   0.324619E-02
   0.423211E+00   0.364194E+06   0.362448E+06   0.101464E+00  -0.508678E-01   0.000000E+00   0.363924E+06   0.363924E+06   0.363924E+06  -0.864983E-02   0.190795E+06   0.190791E+06   0.314916E-02
   0.428574E+00   0.357251E+06   0.355538E+06   0.970545E-01  -0.486571E-01   0.000000E+00   0.356986E+06   0.356986E+06   0.356986E+06  -0.848493E-02   0.187158E+06   0.187154E+06   0.305057E-02
   0.433937E+00   0.350623E+06   0.348945E+06   0.929140E-01  -0.465812E-01   0.000000E+00   0.350363E+06   0.350363E+06   0.350363E+06  -0.832751E-02   0.183686E+06   0.183682E+06   0.295169E-02
   0.439300E+00   0.344266E+06   0.342626E+06   0.890158E-01  -0.446269E-01   0.000000E+00   0.344012E+06   0.344012E+06   0.344012E+06  -0.817655E-02   0.180356E+06   0.180352E+06   0.285453E-02
   0.444663E+00   0.338119E+06   0.336515E+06   0.853304E-01  -0.427792E-01   0.000000E+00   0.337871E+06   0.337871E+06   0.337871E+06  -0.803058E-02   0.177136E+06   0.177132E+06   0.276114E-02
   0.450026E+00   0.332133E+06   0.330564E+06   0.818342E-01  -0.410264E-01   0.000000E+00   0.331890E+06   0.331890E+06   0.331890E+06  -0.788843E-02   0.174001E+06   0.173997E+06   0.267320E-02
   0.455389E+00   0.326281E+06   0.324744E+06   0.785101E-01  -0.393599E-01   0.000000E+00   0.326043E+06   0.326043E+06   0.326043E+06  -0.774946E-02   0.170935E+06   0.170932E+06   0.259163E-02
   0.460752E+00   0.320542E+06   0.319034E+06   0.753443E-01  -0.377728E-01   0.000000E+00   0.320309E+06   0.320309E+06   0.320309E+06  -0.761317E-02   0.167929E+06   0.167925E+06   0.251640E-02
   0.466115E+00   0.314902E+06   0.313418E+06   0.723248E-01  -0.362590E-01   0.000000E+00   0.314672E+06   0.314672E+06   0.314672E+06  -0.747919E-02   0.164974E+06   0.164970E+06   0.244666E-02
   0.471478E+00   0.309364E+06   0.307902E+06   0.694454E-01  -0.348155E-01   0.000000E+00   0.309137E+06   0.309137E+06   0.309137E+06  -0.734764E-02   0.162072E+06   0.162069E+06   0.238116E-02
   0.476841E+00   0.303954E+06   0.302514E+06   0.667047E-01  -0.334415E-01   0.000000E+00   0.303731E+06   0.303731E+06   0.303731E+06  -0.721914E-02   0.159237E+06   0.159234E+06   0.231856E-02
   0.482204E+00   0.298698E+06   0.297279E+06   0.641011E-01  -0.321362E-01   0.000000E+00   0.298478E+06   0.298478E+06   0.298478E+06  -0.709429E-02   0.156484E+06   0.156480E+06   0.225770E-02
   0.487568E+00   0.293604E+06   0.292207E+06   0.616295E-01  -0.308971E-01   0.000000E+00   0.293388E+06   0.293388E+06   0.293388E+06  -0.697331E-02   0.153815E+06   0.153812E+06   0.219780E-02
   0.492931E+00   0.288672E+06   0.287297E+06   0.592827E-01  -0.297206E-01   0.000000E+00   0.288459E+06   0.288459E+06   0.288459E+06  -0.685616E-02   0.151231E+06   0.151228E+06   0.213852E-02
   0.498294E+00   0.283900E+06   0.282549E+06   0.570545E-01  -0.286035E-01   0.000000E+00   0.283691E+06   0.283691E+06   0.283691E+06  -0.674283E-02   0.148731E+06   0.148728E+06   0.208002E-02
   0.503657E+00   0.279283E+06   0.277956E+06   0.549378E-01  -0.275423E-01   0.000000E+00   0.279078E+06   0.279078E+06   0.279078E+06  -0.663318E-02   0.146313E+06   0.146309E+06   0.202275E-02
   0.509020E+00   0.274804E+06   0.273500E+06   0.529237E-01  -0.265326E-01   0.000000E+00   0.274602E+06   0.274602E+06   0.274602E+06  -0.652680E-02   0.143966E+06   0.143963E+06   0.196724E-02
   0.514383E+00   0.270439E+06   0.269158E+06   0.510027E-01  -0.255695E-01   0.000000E+00   0.270241E+06   0.270241E+06   0.270241E+06  -0.642313E-02   0.141679E+06   0.141676E+06   0.191396E-02
   0.519746E+00   0.266172E+06   0.264913E+06   0.491674E-01  -0.246494E-01   0.000000E+00   0.265977E+06   0.265977E+06   0.265977E+06  -0.632180E-02   0.139444E+06   0.139441E+06   0.186321E-02
   0.525109E+00   0.261997E+06   0.260758E+06   0.474127E-01  -0.237697E-01   0.000000E+00   0.261805E+06   0.261805E+06   0.261805E+06  -0.622264E-02   0.137257E+06   0.137254E+06   0.181509E-02
   0.530472E+00   0.257909E+06   0.256690E+06   0.457340E-01  -0.229281E-01   0.000000E+00   0.257721E+06   0.257721E+06   0.257721E+06  -0.612556E-02   0.135116E+06   0.135113E+06   0.176945E-02
   0.535835E+00   0.253904E+06   0.252703E+06   0.441271E-01  -0.221225E-01   0.000000E+00   0.253718E+06   0.253718E+06   0.253718E+06  -0.603043E-02   0.133017E+06   0.133015E+06   0.172595E-02
   0.541198E+00   0.249982E+06   0.248799E+06   0.425886E-01  -0.213512E-01   0.000000E+00   0.249799E+06   0.249799E+06   0.249799E+06  -0.593728E-02   0.130963E+06   0.130960E+06   0.168419E-02
   0.546561E+00   0.246152E+06   0.244985E+06   0.411170E-01  -0.206135E-01   0.000000E+00   0.245971E+06   0.245971E+06   0.245971E+06  -0.584629E-02   0.128956E+06   0.128953E+06   0.164379E-02
   0.551925E+00   0.242419E+06   0.241269E+06   0.397104E-01  -0.199083E-01   0.000000E+00   0.242241E+06   0.242241E+06   0.242241E+06  -0.575764E-02   0.127000E+06   0.126998E+06   0.160449E-02
   0.557288E+00   0.238784E+06   0.237651E+06   0.383657E-01  -0.192341E-01   0.000000E+00   0.238609E+06   0.238609E+06   0.238609E+06  -0.567130E-02   0.125096E+06   0.125093E+06   0.156608E-02
   0.562651E+00   0.235242E+06   0.234125E+06   0.370795E-01  -0.185893E-01   0.000000E+00   0.235069E+06   0.235069E+06   0.235069E+06  -0.558717E-02   0.123240E+06   0.123238E+06   0.152851E-02
   0.568014E+00   0.231790E+06   0.230690E+06   0.358487E-01  -0.179723E-01   0.000000E+00   0.231620E+06   0.231620E+06   0.231620E+06  -0.550519E-02   0.121432E+06   0.121429E+06   0.149184E-02
   0.573377E+00   0.228427E+06   0.227344E+06   0.346708E-01  -0.173817E-01   0.000000E+00   0.228259E+06   0.228259E+06   0.228259E+06  -0.542531E-02   0.119670E+06   0.119667E+06   0.145620E-02
   0.578740E+00   0.225145E+06   0.224078E+06   0.335423E-01  -0.168160E-01   0.000000E+00   0.224980E+06   0.224980E+06   0.224980E+06  -0.534738E-02   0.117951E+06   0.117948E+06   0.142169E-02
   0.584103E+00   0.221936E+06   0.220885E+06   0.324597E-01  -0.162733E-01   0.000000E+00   0.221773E+06   0.221773E+06   0.221773E+06  -0.527115E-02   0.116269E+06   0.116267E+06   0.138840E-02
   0.589466E+00   0.218792E+06   0.217756E+06   0.314203E-01  -0.157521E-01   0.000000E+00   0.218631E+06   0.218631E+06   0.218631E+06  -0.519648E-02   0.114622E+06   0.114620E+06   0.135636E-02
   0.594829E+00   0.215713E+06   0.214692E+06   0.304221E-01  -0.152517E-01   0.000000E+00   0.215555E+06   0.215555E+06   0.215555E+06  -0.512336E-02   0.113009E+06   0.113007E+06   0.132555E-02
   0.600192E+00   0.212700E+06   0.211693E+06   0.294634E-01  -0.147711E-01   0.000000E+00   0.212544E+06   0.212544E+06   0.212544E+06  -0.505179E-02   0.111431E+06   0.111428E+06   0.129590E-02
   0.605555E+00   0.209748E+06   0.208754E+06   0.285421E-01  -0.143092E-01   0.000000E+00   0.209594E+06   0.209594E+06   0.209594E+06  -0.498167E-02   0.109884E+06   0.109882E+06   0.126728E-02
   0.610918E+00   0.206855E+06   0.205875E+06   0.276564E-01  -0.138652E-01   0.000000E+00   0.206703E+06   0.206703E+06   0.206703E+06  -0.491296E-02   0.108369E+06   0.108366E+06   0.123955E-02
   0.616281E+00   0.204024E+06   0.203057E+06   0.268052E-01  -0.134384E-01   0.000000E+00   0.203874E+06   0.203874E+06   0.203874E+06  -0.484572E-02   0.106885E+06   0.106883E+06   0.121263E-02
   0.621645E+00   0.201257E+06   0.200303E+06   0.259875E-01  -0.130285E-01   0.000000E+00   0.201110E+06   0.201110E+06   0.201110E+06  -0.478002E-02   0.105436E+06   0.105434E+06   0.118643E-02
   0.627008E+00   0.198553E+06   0.197612E+06   0.252016E-01  -0.126345E-01   0.000000E+00   0.198408E+06   0.198408E+06   0.198408E+06  -0.471580E-02   0.104020E+06   0.104017E+06   0.116090E-02
   0.674474E+00   0.176956E+06   0.176118E+06   0.194103E-01  -0.973107E-02   0.000000E+00   0.176826E+06   0.176826E+06   0.176826E+06  -0.420285E-02   0.927050E+05   0.927031E+05   0.964064E-03
   0.725535E+00   0.157584E+06   0.156838E+06   0.149380E-01  -0.748899E-02   0.000000E+00   0.157469E+06   0.157469E+06   0.157469E+06  -0.374276E-02   0.825565E+05   0.825548E+05   0.800813E-03
   0.780460E+00   0.140239E+06   0.139575E+06   0.114885E-01  -0.575962E-02   0.000000E+00   0.140136E+06   0.140136E+06   0.140136E+06  -0.333079E-02   0.734695E+05   0.734679E+05   0.665178E-03
   0.839544E+00   0.124724E+06   0.124133E+06   0.882998E-02  -0.442680E-02   0.000000E+00   0.124633E+06   0.124633E+06   0.124633E+06  -0.296229E-02   0.653413E+05   0.653399E+05   0.552471E-03
   0.903101E+00   0.110853E+06   0.110328E+06   0.678224E-02  -0.340019E-02   0.000000E+00   0.110772E+06   0.110772E+06   0.110772E+06  -0.263285E-02   0.580747E+05   0.580734E+05   0.458895E-03
   0.971469E+00   0.984666E+05   0.980004E+05   0.520628E-02  -0.261011E-02   0.000000E+00   0.983945E+05   0.983945E+05   0.983945E+05  -0.233866E-02   0.515854E+05   0.515843E+05   0.381261E-03
   0.104501E+01   0.874127E+05   0.869989E+05   0.399418E-02  -0.200244E-02   0.000000E+00   0.873487E+05   0.873487E+05   0.873487E+05  -0.207612E-02   0.457944E+05   0.457935E+05   0.316876E-03
   0.126811E+01   0.635721E+05   0.632712E+05   0.197265E-02  -0.988966E-03   0.000000E+00   0.635256E+05   0.635256E+05   0.635256E+05  -0.150989E-02   0.333046E+05   0.333039E+05   0.194603E-03
   0.158368E+01   0.439006E+05   0.436928E+05   0.873440E-03  -0.437891E-03   0.000000E+00   0.438685E+05   0.438685E+05   0.438685E+05  -0.104267E-02   0.229990E+05   0.229985E+05   0.112161E-03
   0.197777E+01   0.301839E+05   0.300410E+05   0.385050E-03  -0.193042E-03   0.000000E+00   0.301618E+05   0.301618E+05   0.301618E+05  -0.716892E-03   0.158130E+05   0.158126E+05   0.656714E-04
   0.246994E+01   0.206709E+05   0.205729E+05   0.169075E-03  -0.847653E-04   0.000000E+00   0.206557E+05   0.206557E+05   0.206557E+05  -0.490950E-03   0.108292E+05   0.108289E+05   0.393721E-04
   0.308458E+01   0.141051E+05   0.140382E+05   0.739730E-04  -0.370868E-04   0.000000E+00   0.140948E+05   0.140948E+05   0.140948E+05  -0.335008E-03   0.738951E+04   0.738929E+04   0.243787E-04
   0.385217E+01   0.959320E+04   0.954760E+04   0.322577E-04  -0.161730E-04   0.000000E+00   0.958615E+04   0.958615E+04   0.958615E+04  -0.227845E-03   0.502576E+04   0.502558E+04   0.157120E-04
   0.481078E+01   0.650477E+04   0.647377E+04   0.140240E-04  -0.703145E-05   0.000000E+00   0.649997E+04   0.649997E+04   0.649997E+04  -0.154493E-03   0.340777E+04   0.340762E+04   0.105937E-04
   0.600794E+01   0.439825E+04   0.437719E+04   0.607977E-05  -0.304848E-05   0.000000E+00   0.439499E+04   0.439499E+04   0.439499E+04  -0.104461E-03   0.230419E+04   0.230405E+04   0.747782E-05
   0.750301E+01   0.296606E+04   0.295176E+04   0.262873E-05  -0.131819E-05   0.000000E+00   0.296385E+04   0.296385E+04   0.296385E+04  -0.704454E-04   0.155388E+04   0.155376E+04   0.550526E-05
   0.937012E+01   0.199517E+04   0.198545E+04   0.113368E-05  -0.568569E-06   0.000000E+00   0.199367E+04   0.199367E+04   0.199367E+04  -0.473859E-04   0.104524E+04   0.104513E+04   0.419785E-05
   0.117019E+02   0.133873E+04   0.133209E+04   0.487675E-06  -0.244632E-06   0.000000E+00   0.133770E+04   0.133770E+04   0.133770E+04  -0.317948E-04   0.701340E+03   0.701225E+03   0.328816E-05
   0.146139E+02   0.895932E+03   0.891375E+03   0.209222E-06  -0.104987E-06   0.000000E+00   0.895227E+03   0.895227E+03   0.895227E+03  -0.212779E-04   0.469363E+03   0.469249E+03   0.262505E-05
   0.182505E+02   0.597871E+03   0.594710E+03   0.894932E-07  -0.449302E-07   0.000000E+00   0.597382E+03   0.597382E+03   0.597382E+03  -0.141987E-04   0.313213E+03   0.313097E+03   0.212165E-05
   0.227921E+02   0.397600E+03   0.395373E+03   0.381421E-07  -0.191646E-07   0.000000E+00   0.397256E+03   0.397256E+03   0.397256E+03  -0.944205E-05   0.208293E+03   0.208175E+03   0.172662E-05
   0.284639E+02   0.263236E+03   0.261633E+03   0.161795E-07  -0.813955E-08   0.000000E+00   0.262988E+03   0.262988E+03   0.262988E+03  -0.625075E-05   0.137901E+03   0.137781E+03   0.140842E-05
   0.355471E+02   0.173192E+03   0.172005E+03   0.681757E-08  -0.343643E-08   0.000000E+00   0.173008E+03   0.173008E+03   0.173008E+03  -0.411209E-05   0.907281E+02   0.906059E+02   0.114665E-05
   0.443930E+02   0.112894E+03   0.111986E+03   0.284430E-08  -0.143802E-08   0.000000E+00   0.112753E+03   0.112753E+03   0.112753E+03  -0.267994E-05   0.591385E+02   0.590151E+02   0.927285E-06
   0.554402E+02   0.725313E+02   0.718137E+02   0.116843E-08  -0.593521E-09   0.000000E+00   0.724203E+02   0.724203E+02   0.724203E+02  -0.172130E-05   0.379931E+02   0.378701E+02   0.740070E-06
   0.692364E+02   0.455256E+02   0.449443E+02   0.468198E-09  -0.239573E-09   0.000000E+00   0.454357E+02   0.454357E+02   0.454357E+02  -0.107993E-05   0.238453E+02   0.237255E+02   0.577186E-06
   0.864658E+02   0.274885E+02   0.270149E+02   0.180040E-09  -0.931766E-10   0.000000E+00   0.274152E+02   0.274152E+02   0.274152E+02  -0.651611E-06   0.143961E+02   0.142840E+02   0.432709E-06
   0.107983E+03   0.155214E+02   0.151470E+02   0.644998E-10  -0.339727E-10   0.000000E+00   0.154635E+02   0.154635E+02   0.154635E+02  -0.367540E-06   0.812730E+01   0.802929E+01   0.302786E-06
   0.134854E+03   0.774287E+01   0.747392E+01   0.202955E-10  -0.109836E-10   0.000000E+00   0.770126E+01   0.770126E+01   0.770126E+01  -0.183045E-06   0.405315E+01   0.397774E+01   0.186542E-06
   0.168412E+03   0.296042E+01   0.280962E+01   0.485057E-11  -0.273648E-11   0.000000E+00   0.293709E+01   0.293709E+01   0.293709E+01  -0.698093E-07   0.154901E+01   0.150478E+01   0.875957E-07
   0.210322E+03   0.415387E+00   0.384080E+00   0.419502E-12  -0.252170E-12   0.000000E+00   0.410544E+00   0.410544E+00   0.410544E+00  -0.975789E-08   0.217207E+00   0.207768E+00   0.149701E-07
   0.262660E+03  -0.467155E+00  -0.414985E+00  -0.284778E-12   0.188047E-12   0.000000E+00  -0.459084E+00  -0.459084E+00  -0.459084E+00   0.109116E-07  -0.244010E+00  -0.228109E+00  -0.201954E-07
   0.328022E+03  -0.333495E+00  -0.278834E+00  -0.118794E-12   0.901944E-13   0.000000E+00  -0.325038E+00  -0.325038E+00  -0.325038E+00   0.772558E-08  -0.173930E+00  -0.157247E+00  -0.169655E-07
   0.409650E+03   0.165279E-01   0.126270E-01   0.328150E-14  -0.304314E-14   0.000000E+00   0.159244E-01   0.159244E-01   0.159244E-01  -0.378494E-09   0.860037E-02   0.742192E-02   0.959612E-09
   0.511591E+03   0.487093E-01   0.326588E-01   0.503250E-14  -0.618078E-14   0.000000E+00   0.462262E-01   0.462262E-01   0.462262E-01  -0.109871E-08   0.252695E-01   0.205226E-01   0.309514E-08
