#          k/h    CDM            baryon         photon         nu             mass_nu        total          no_nu          total_de       Weyl           v_CDM          v_b            v_b-v_c     
   0.104501E-04   0.198309E+08   0.198309E+08   0.264274E+08   0.264270E+08   0.000000E+00   0.198309E+08   0.198309E+08   0.198387E+08  -0.471825E+00   0.103990E+08   0.103990E+08   0.109292E+01
   0.127095E-04   0.198309E+08   0.198309E+08   0.264207E+08   0.264202E+08   0.000000E+00   0.198309E+08   0.198309E+08   0.198386E+08  -0.471824E+00   0.103990E+08   0.103990E+08   0.132909E+01
   0.154573E-04   0.198309E+08   0.198309E+08   0.264109E+08   0.264102E+08   0.000000E+00   0.198309E+08   0.198309E+08   0.198386E+08  -0.471824E+00   0.103990E+08   0.103990E+08   0.161624E+01
   0.187992E-04   0.198308E+08   0.198308E+08   0.263963E+08   0.263953E+08   0.000000E+00   0.198308E+08   0.198308E+08   0.198386E+08  -0.471823E+00   0.103989E+08   0.103989E+08   0.196529E+01
   0.228637E-04   0.198308E+08   0.198308E+08   0.263749E+08   0.263734E+08   0.000000E+00   0.198308E+08   0.198308E+08   0.198385E+08  -0.471822E+00   0.103989E+08   0.103989E+08   0.238950E+01
   0.278068E-04   0.198307E+08   0.198307E+08   0.263431E+08   0.263409E+08   0.000000E+00   0.198307E+08   0.198307E+08   0.198385E+08  -0.471820E+00   0.103989E+08   0.103989E+08   0.290487E+01
   0.338188E-04   0.198306E+08   0.198306E+08   0.262962E+08   0.262929E+08   0.000000E+00   0.198306E+08   0.198306E+08   0.198384E+08  -0.471817E+00   0.103988E+08   0.103988E+08   0.353069E+01
   0.411305E-04   0.198305E+08   0.198305E+08   0.262270E+08   0.262221E+08   0.000000E+00   0.198305E+08   0.198305E+08   0.198382E+08  -0.471813E+00   0.103988E+08   0.103988E+08   0.429003E+01
   0.500230E-04   0.198303E+08   0.198303E+08   0.261249E+08   0.261177E+08   0.000000E+00   0.198303E+08   0.198303E+08   0.198380E+08  -0.471807E+00   0.103987E+08   0.103987E+08   0.521035E+01
   0.608381E-04   0.198300E+08   0.198300E+08   0.259745E+08   0.259640E+08   0.000000E+00   0.198300E+08   0.198300E+08   0.198376E+08  -0.471798E+00   0.103985E+08   0.103985E+08   0.632393E+01
   0.739915E-04   0.198296E+08   0.198296E+08   0.257536E+08   0.257381E+08   0.000000E+00   0.198296E+08   0.198296E+08   0.198371E+08  -0.471784E+00   0.103983E+08   0.103983E+08   0.766804E+01
   0.899887E-04   0.198289E+08   0.198289E+08   0.254300E+08   0.254073E+08   0.000000E+00   0.198289E+08   0.198289E+08   0.198364E+08  -0.471765E+00   0.103979E+08   0.103979E+08   0.928446E+01
   0.109444E-03   0.198280E+08   0.198280E+08   0.249582E+08   0.249252E+08   0.000000E+00   0.198280E+08   0.198280E+08   0.198353E+08  -0.471736E+00   0.103974E+08   0.103974E+08   0.112178E+02
   0.133107E-03   0.198266E+08   0.198265E+08   0.242750E+08   0.242273E+08   0.000000E+00   0.198266E+08   0.198266E+08   0.198337E+08  -0.471694E+00   0.103967E+08   0.103967E+08   0.135115E+02
   0.161885E-03   0.198245E+08   0.198244E+08   0.232962E+08   0.232278E+08   0.000000E+00   0.198245E+08   0.198245E+08   0.198313E+08  -0.471632E+00   0.103956E+08   0.103956E+08   0.161998E+02
   0.196885E-03   0.198214E+08   0.198214E+08   0.219149E+08   0.218187E+08   0.000000E+00   0.198214E+08   0.198214E+08   0.198279E+08  -0.471541E+00   0.103939E+08   0.103939E+08   0.192933E+02
   0.239452E-03   0.198170E+08   0.198169E+08   0.200105E+08   0.198781E+08   0.000000E+00   0.198170E+08   0.198170E+08   0.198228E+08  -0.471409E+00   0.103916E+08   0.103916E+08   0.227544E+02
   0.291222E-03   0.198105E+08   0.198103E+08   0.174742E+08   0.172986E+08   0.000000E+00   0.198104E+08   0.198104E+08   0.198155E+08  -0.471219E+00   0.103881E+08   0.103881E+08   0.264618E+02
   0.354185E-03   0.198010E+08   0.198008E+08   0.142699E+08   0.140497E+08   0.000000E+00   0.198010E+08   0.198010E+08   0.198051E+08  -0.470948E+00   0.103830E+08   0.103830E+08   0.301639E+02
   0.430761E-03   0.197874E+08   0.197871E+08   0.105374E+08   0.102842E+08   0.000000E+00   0.197873E+08   0.197873E+08   0.197904E+08  -0.470567E+00   0.103758E+08   0.103757E+08   0.334412E+02
   0.523892E-03   0.197679E+08   0.197675E+08   0.671131E+07   0.645834E+07   0.000000E+00   0.197679E+08   0.197679E+08   0.197698E+08  -0.470041E+00   0.103654E+08   0.103654E+08   0.357195E+02
   0.637159E-03   0.197406E+08   0.197401E+08   0.352704E+07   0.332986E+07   0.000000E+00   0.197405E+08   0.197405E+08   0.197416E+08  -0.469328E+00   0.103508E+08   0.103508E+08   0.364084E+02
   0.774915E-03   0.197029E+08   0.197022E+08   0.167338E+07   0.158427E+07   0.000000E+00   0.197027E+08   0.197027E+08   0.197032E+08  -0.468379E+00   0.103307E+08   0.103307E+08   0.351971E+02
   0.942454E-03   0.196515E+08   0.196506E+08   0.106914E+07   0.108380E+07   0.000000E+00   0.196513E+08   0.196513E+08   0.196517E+08  -0.467126E+00   0.103035E+08   0.103034E+08   0.323219E+02
   0.114621E-02   0.195826E+08   0.195816E+08   0.726199E+06   0.768143E+06   0.000000E+00   0.195825E+08   0.195825E+08   0.195827E+08  -0.465474E+00   0.102671E+08   0.102670E+08   0.283685E+02
   0.139403E-02   0.194916E+08   0.194905E+08   0.259908E+06   0.283414E+06   0.000000E+00   0.194914E+08   0.194914E+08   0.194915E+08  -0.463297E+00   0.102192E+08   0.102191E+08   0.237551E+02
   0.169542E-02   0.193725E+08   0.193713E+08   0.159728E+06  -0.168798E+06   0.000000E+00   0.193723E+08   0.193723E+08   0.193723E+08  -0.460456E+00   0.101566E+08   0.101565E+08   0.190705E+02
   0.206198E-02   0.192183E+08   0.192171E+08   0.331859E+04  -0.113190E+06   0.000000E+00   0.192181E+08   0.192181E+08   0.192181E+08  -0.456789E+00   0.100757E+08   0.100756E+08   0.151888E+02
   0.250778E-02   0.190211E+08   0.190197E+08   0.302341E+04  -0.757298E+05   0.000000E+00   0.190209E+08   0.190209E+08   0.190209E+08  -0.452098E+00   0.997220E+07   0.997210E+07   0.123022E+02
   0.304997E-02   0.187718E+08   0.187700E+08   0.130150E+03  -0.505229E+05   0.000000E+00   0.187715E+08   0.187715E+08   0.187715E+08  -0.446167E+00   0.984137E+07   0.984128E+07   0.101265E+02
   0.370939E-02   0.184603E+08   0.184580E+08  -0.122836E+05  -0.335881E+05   0.000000E+00   0.184599E+08   0.184599E+08   0.184599E+08  -0.438761E+00   0.967801E+07   0.967792E+07   0.825063E+01
   0.451137E-02   0.180761E+08   0.180732E+08  -0.144516E+05  -0.222342E+05   0.000000E+00   0.180757E+08   0.180757E+08   0.180756E+08  -0.429627E+00   0.947652E+07   0.947643E+07   0.671710E+01
   0.548674E-02   0.176082E+08   0.176044E+08  -0.118309E+05  -0.146422E+05   0.000000E+00   0.176076E+08   0.176076E+08   0.176076E+08  -0.418502E+00   0.923113E+07   0.923104E+07   0.548956E+01
   0.667298E-02   0.170454E+08   0.170402E+08  -0.104233E+05  -0.958240E+04   0.000000E+00   0.170446E+08   0.170446E+08   0.170446E+08  -0.405120E+00   0.893595E+07   0.893586E+07   0.446864E+01
   0.811570E-02   0.163764E+08   0.163693E+08  -0.552694E+04  -0.622389E+04   0.000000E+00   0.163753E+08   0.163753E+08   0.163753E+08  -0.389213E+00   0.858507E+07   0.858498E+07   0.365134E+01
   0.987034E-02   0.155919E+08   0.155821E+08   0.192779E+04  -0.400605E+04   0.000000E+00   0.155904E+08   0.155904E+08   0.155904E+08  -0.370555E+00   0.817354E+07   0.817345E+07   0.300413E+01
   0.120043E-01   0.146777E+08   0.146643E+08  -0.219612E+04  -0.254944E+04   0.000000E+00   0.146756E+08   0.146756E+08   0.146756E+08  -0.348814E+00   0.769398E+07   0.769389E+07   0.248581E+01
   0.145997E-01   0.136317E+08   0.136134E+08   0.349727E+03  -0.160066E+04   0.000000E+00   0.136289E+08   0.136289E+08   0.136289E+08  -0.323934E+00   0.714519E+07   0.714510E+07   0.207762E+01
   0.177562E-01   0.124403E+08   0.124159E+08  -0.105194E+04  -0.987483E+03   0.000000E+00   0.124365E+08   0.124365E+08   0.124365E+08  -0.295593E+00   0.652008E+07   0.651998E+07   0.174970E+01
   0.215952E-01   0.111167E+08   0.110852E+08  -0.855149E+02  -0.596503E+03   0.000000E+00   0.111118E+08   0.111118E+08   0.111118E+08  -0.264108E+00   0.582560E+07   0.582550E+07   0.147708E+01
   0.259142E-01   0.978496E+07   0.974696E+07   0.334072E+02  -0.364563E+03   0.000000E+00   0.977908E+07   0.977908E+07   0.977908E+07  -0.232431E+00   0.512690E+07   0.512680E+07   0.124799E+01
   0.302332E-01   0.862538E+07   0.858304E+07  -0.788506E+02  -0.236069E+03   0.000000E+00   0.861883E+07   0.861883E+07   0.861883E+07  -0.204854E+00   0.451862E+07   0.451853E+07   0.105696E+01
   0.345522E-01   0.763964E+07   0.759560E+07  -0.246410E+02  -0.160066E+03   0.000000E+00   0.763283E+07   0.763283E+07   0.763283E+07  -0.181419E+00   0.400169E+07   0.400160E+07   0.885641E+00
   0.388713E-01   0.682269E+07   0.677958E+07  -0.191262E+02  -0.112938E+03   0.000000E+00   0.681602E+07   0.681602E+07   0.681602E+07  -0.162005E+00   0.357346E+07   0.357338E+07   0.728773E+00
   0.431903E-01   0.616097E+07   0.612104E+07  -0.191911E+02  -0.826054E+02   0.000000E+00   0.615480E+07   0.615480E+07   0.615480E+07  -0.146288E+00   0.322680E+07   0.322673E+07   0.586855E+00
   0.475093E-01   0.563157E+07   0.559640E+07   0.124469E+03  -0.624042E+02   0.000000E+00   0.562613E+07   0.562613E+07   0.562613E+07  -0.133723E+00   0.294963E+07   0.294957E+07   0.462388E+00
   0.518284E-01   0.521436E+07   0.518473E+07   0.968492E+02  -0.485555E+02   0.000000E+00   0.520977E+07   0.520977E+07   0.520977E+07  -0.123827E+00   0.273134E+07   0.273129E+07   0.357996E+00
   0.561474E-01   0.487439E+07   0.485029E+07   0.771517E+02  -0.386789E+02   0.000000E+00   0.487066E+07   0.487066E+07   0.487066E+07  -0.115767E+00   0.255355E+07   0.255350E+07   0.274875E+00
   0.604664E-01   0.458742E+07   0.456815E+07   0.626151E+02  -0.313903E+02   0.000000E+00   0.458444E+07   0.458444E+07   0.458444E+07  -0.108964E+00   0.240349E+07   0.240345E+07   0.212791E+00
   0.647855E-01   0.433016E+07   0.431455E+07   0.514909E+02  -0.258130E+02   0.000000E+00   0.432774E+07   0.432774E+07   0.432774E+07  -0.102863E+00   0.226891E+07   0.226887E+07   0.169826E+00
   0.691045E-01   0.408671E+07   0.407339E+07   0.427137E+02  -0.214126E+02   0.000000E+00   0.408465E+07   0.408465E+07   0.408465E+07  -0.970847E-01   0.214145E+07   0.214142E+07   0.142846E+00
   0.734235E-01   0.384756E+07   0.383521E+07   0.356225E+02  -0.178578E+02   0.000000E+00   0.384565E+07   0.384565E+07   0.384565E+07  -0.914042E-01   0.201616E+07   0.201613E+07   0.127967E+00
   0.777425E-01   0.361012E+07   0.359765E+07   0.298123E+02  -0.149453E+02   0.000000E+00   0.360819E+07   0.360819E+07   0.360819E+07  -0.857603E-01   0.189167E+07   0.189164E+07   0.121112E+00
   0.820616E-01   0.337648E+07   0.336319E+07   0.250230E+02  -0.125447E+02   0.000000E+00   0.337442E+07   0.337442E+07   0.337442E+07  -0.802040E-01   0.176911E+07   0.176908E+07   0.118488E+00
   0.863806E-01   0.315216E+07   0.313777E+07   0.210807E+02  -0.105686E+02   0.000000E+00   0.314994E+07   0.314994E+07   0.314994E+07  -0.748684E-01   0.165142E+07   0.165139E+07   0.116990E+00
   0.906996E-01   0.294305E+07   0.292768E+07   0.178504E+02  -0.894931E+01   0.000000E+00   0.294067E+07   0.294067E+07   0.294067E+07  -0.698946E-01   0.154172E+07   0.154168E+07   0.114421E+00
   0.960627E-01   0.271235E+07   0.269636E+07   0.146639E+02  -0.735192E+01   0.000000E+00   0.270988E+07   0.270988E+07   0.270988E+07  -0.644090E-01   0.142072E+07   0.142069E+07   0.108009E+00
   0.101426E+00   0.252012E+07   0.250445E+07   0.122212E+02  -0.612729E+01   0.000000E+00   0.251769E+07   0.251769E+07   0.251769E+07  -0.598410E-01   0.131996E+07   0.131993E+07   0.977275E-01
   0.106789E+00   0.236729E+07   0.235285E+07   0.103562E+02  -0.519218E+01   0.000000E+00   0.236506E+07   0.236506E+07   0.236506E+07  -0.562131E-01   0.123994E+07   0.123991E+07   0.846867E-01
   0.112152E+00   0.224743E+07   0.223484E+07   0.891475E+01  -0.446941E+01   0.000000E+00   0.224548E+07   0.224548E+07   0.224548E+07  -0.533711E-01   0.117725E+07   0.117722E+07   0.707620E-01
   0.117515E+00   0.214950E+07   0.213897E+07   0.776674E+01  -0.389374E+01   0.000000E+00   0.214787E+07   0.214787E+07   0.214787E+07  -0.510511E-01   0.112607E+07   0.112605E+07   0.578834E-01
   0.122878E+00   0.206228E+07   0.205359E+07   0.681611E+01  -0.341707E+01   0.000000E+00   0.206094E+07   0.206094E+07   0.206094E+07  -0.489848E-01   0.108049E+07   0.108047E+07   0.475068E-01
   0.128241E+00   0.197692E+07   0.196954E+07   0.599939E+01  -0.300757E+01   0.000000E+00   0.197578E+07   0.197578E+07   0.197578E+07  -0.469607E-01   0.103584E+07   0.103583E+07   0.403239E-01
   0.133604E+00   0.188793E+07   0.188121E+07   0.527874E+01  -0.264629E+01   0.000000E+00   0.188689E+07   0.188689E+07   0.188689E+07  -0.448481E-01   0.989241E+06   0.989226E+06   0.362331E-01
   0.138967E+00   0.179391E+07   0.178725E+07   0.463605E+01  -0.232413E+01   0.000000E+00   0.179288E+07   0.179288E+07   0.179288E+07  -0.426136E-01   0.939954E+06   0.939940E+06   0.345266E-01
   0.144330E+00   0.169717E+07   0.169016E+07   0.406586E+01  -0.203832E+01   0.000000E+00   0.169609E+07   0.169609E+07   0.169609E+07  -0.403129E-01   0.889209E+06   0.889194E+06   0.341874E-01
   0.149694E+00   0.160201E+07   0.159449E+07   0.356747E+01  -0.178850E+01   0.000000E+00   0.160084E+07   0.160084E+07   0.160084E+07  -0.380492E-01   0.839277E+06   0.839262E+06   0.341903E-01
   0.155057E+00   0.151302E+07   0.150510E+07   0.313997E+01  -0.157421E+01   0.000000E+00   0.151179E+07   0.151179E+07   0.151179E+07  -0.359326E-01   0.792590E+06   0.792575E+06   0.337418E-01
   0.160420E+00   0.143416E+07   0.142610E+07   0.278045E+01  -0.139399E+01   0.000000E+00   0.143291E+07   0.143291E+07   0.143291E+07  -0.340577E-01   0.751237E+06   0.751221E+06   0.324149E-01
   0.165783E+00   0.136773E+07   0.135989E+07   0.248284E+01  -0.124478E+01   0.000000E+00   0.136652E+07   0.136652E+07   0.136652E+07  -0.324797E-01   0.716428E+06   0.716413E+06   0.301648E-01
   0.171146E+00   0.131341E+07   0.130609E+07   0.223721E+01  -0.112163E+01   0.000000E+00   0.131228E+07   0.131228E+07   0.131228E+07  -0.311905E-01   0.687993E+06   0.687979E+06   0.272440E-01
   0.176509E+00   0.126850E+07   0.126189E+07   0.203153E+01  -0.101849E+01   0.000000E+00   0.126748E+07   0.126748E+07   0.126748E+07  -0.301257E-01   0.664504E+06   0.664492E+06   0.240660E-01
   0.181872E+00   0.122934E+07   0.122349E+07   0.185455E+01  -0.929746E+00   0.000000E+00   0.122843E+07   0.122843E+07   0.122843E+07  -0.291977E-01   0.644033E+06   0.644022E+06   0.210646E-01
   0.187235E+00   0.119250E+07   0.118733E+07   0.169751E+01  -0.851005E+00   0.000000E+00   0.119170E+07   0.119170E+07   0.119170E+07  -0.283246E-01   0.624774E+06   0.624763E+06   0.185780E-01
   0.192598E+00   0.115526E+07   0.115056E+07   0.155426E+01  -0.779182E+00   0.000000E+00   0.115453E+07   0.115453E+07   0.115453E+07  -0.274412E-01   0.605288E+06   0.605278E+06   0.167799E-01
   0.197961E+00   0.111593E+07   0.111148E+07   0.142112E+01  -0.712436E+00   0.000000E+00   0.111524E+07   0.111524E+07   0.111524E+07  -0.265074E-01   0.584690E+06   0.584680E+06   0.156664E-01
   0.203324E+00   0.107430E+07   0.106989E+07   0.129686E+01  -0.650144E+00   0.000000E+00   0.107362E+07   0.107362E+07   0.107362E+07  -0.255180E-01   0.562867E+06   0.562858E+06   0.150915E-01
   0.208687E+00   0.103152E+07   0.102701E+07   0.118198E+01  -0.592560E+00   0.000000E+00   0.103082E+07   0.103082E+07   0.103082E+07  -0.245008E-01   0.540430E+06   0.540420E+06   0.148308E-01
   0.214050E+00   0.989403E+06   0.984749E+06   0.107756E+01  -0.540219E+00   0.000000E+00   0.988683E+06   0.988683E+06   0.988683E+06  -0.234992E-01   0.518338E+06   0.518329E+06   0.146498E-01
   0.219414E+00   0.949725E+06   0.944964E+06   0.984350E+00  -0.493495E+00   0.000000E+00   0.948989E+06   0.948989E+06   0.948989E+06  -0.225558E-01   0.497528E+06   0.497519E+06   0.143611E-01
   0.224777E+00   0.913811E+06   0.909040E+06   0.902438E+00  -0.452432E+00   0.000000E+00   0.913073E+06   0.913073E+06   0.913073E+06  -0.217021E-01   0.478699E+06   0.478689E+06   0.138590E-01
   0.230140E+00   0.882308E+06   0.877649E+06   0.831182E+00  -0.416709E+00   0.000000E+00   0.881587E+06   0.881587E+06   0.881587E+06  -0.209538E-01   0.462192E+06   0.462183E+06   0.131269E-01
   0.235503E+00   0.855082E+06   0.850643E+06   0.769274E+00  -0.385670E+00   0.000000E+00   0.854395E+06   0.854395E+06   0.854395E+06  -0.203074E-01   0.447936E+06   0.447927E+06   0.122220E-01
   0.240866E+00   0.831330E+06   0.827180E+06   0.714996E+00  -0.358455E+00   0.000000E+00   0.830688E+06   0.830688E+06   0.830688E+06  -0.197440E-01   0.435506E+06   0.435498E+06   0.112453E-01
   0.246229E+00   0.809872E+06   0.806028E+06   0.666556E+00  -0.334167E+00   0.000000E+00   0.809277E+06   0.809277E+06   0.809277E+06  -0.192351E-01   0.424281E+06   0.424273E+06   0.103063E-01
   0.251592E+00   0.789433E+06   0.785863E+06   0.622352E+00  -0.312003E+00   0.000000E+00   0.788880E+06   0.788880E+06   0.788880E+06  -0.187503E-01   0.413587E+06   0.413580E+06   0.949368E-02
   0.256955E+00   0.768933E+06   0.765572E+06   0.581165E+00  -0.291354E+00   0.000000E+00   0.768413E+06   0.768413E+06   0.768413E+06  -0.182638E-01   0.402857E+06   0.402850E+06   0.885657E-02
   0.262318E+00   0.747777E+06   0.744543E+06   0.542306E+00  -0.271872E+00   0.000000E+00   0.747277E+06   0.747277E+06   0.747277E+06  -0.177614E-01   0.391776E+06   0.391769E+06   0.840029E-02
   0.267681E+00   0.725959E+06   0.722779E+06   0.505593E+00  -0.253468E+00   0.000000E+00   0.725467E+06   0.725467E+06   0.725467E+06  -0.172431E-01   0.380341E+06   0.380335E+06   0.809310E-02
   0.273044E+00   0.703896E+06   0.700719E+06   0.471147E+00  -0.236201E+00   0.000000E+00   0.703404E+06   0.703404E+06   0.703404E+06  -0.167187E-01   0.368775E+06   0.368768E+06   0.788030E-02
   0.278407E+00   0.682162E+06   0.678968E+06   0.439166E+00  -0.220169E+00   0.000000E+00   0.681668E+06   0.681668E+06   0.681668E+06  -0.162020E-01   0.357379E+06   0.357373E+06   0.770115E-02
   0.283771E+00   0.661342E+06   0.658141E+06   0.409810E+00  -0.205453E+00   0.000000E+00   0.660847E+06   0.660847E+06   0.660847E+06  -0.157072E-01   0.346463E+06   0.346457E+06   0.750456E-02
   0.289134E+00   0.641946E+06   0.638767E+06   0.383164E+00  -0.192095E+00   0.000000E+00   0.641454E+06   0.641454E+06   0.641454E+06  -0.152462E-01   0.336296E+06   0.336290E+06   0.725939E-02
   0.294497E+00   0.624276E+06   0.621160E+06   0.359167E+00  -0.180064E+00   0.000000E+00   0.623794E+06   0.623794E+06   0.623794E+06  -0.148265E-01   0.327037E+06   0.327031E+06   0.695747E-02
   0.299860E+00   0.608315E+06   0.605300E+06   0.337579E+00  -0.169241E+00   0.000000E+00   0.607849E+06   0.607849E+06   0.607849E+06  -0.144475E-01   0.318678E+06   0.318672E+06   0.661048E-02
   0.305223E+00   0.593772E+06   0.590882E+06   0.318035E+00  -0.159443E+00   0.000000E+00   0.593325E+06   0.593325E+06   0.593325E+06  -0.141023E-01   0.311063E+06   0.311058E+06   0.624293E-02
   0.310586E+00   0.580226E+06   0.577471E+06   0.300145E+00  -0.150473E+00   0.000000E+00   0.579799E+06   0.579799E+06   0.579799E+06  -0.137808E-01   0.303972E+06   0.303967E+06   0.588366E-02
   0.315949E+00   0.567256E+06   0.564627E+06   0.283564E+00  -0.142160E+00   0.000000E+00   0.566850E+06   0.566850E+06   0.566850E+06  -0.134730E-01   0.297183E+06   0.297178E+06   0.555771E-02
   0.321312E+00   0.554501E+06   0.551975E+06   0.268016E+00  -0.134365E+00   0.000000E+00   0.554110E+06   0.554110E+06   0.554110E+06  -0.131702E-01   0.290504E+06   0.290499E+06   0.528056E-02
   0.326675E+00   0.541714E+06   0.539263E+06   0.253310E+00  -0.126992E+00   0.000000E+00   0.541335E+06   0.541335E+06   0.541335E+06  -0.128666E-01   0.283806E+06   0.283801E+06   0.505604E-02
   0.332038E+00   0.528826E+06   0.526425E+06   0.239359E+00  -0.119998E+00   0.000000E+00   0.528455E+06   0.528455E+06   0.528455E+06  -0.125604E-01   0.277054E+06   0.277049E+06   0.487758E-02
   0.337401E+00   0.515945E+06   0.513572E+06   0.226161E+00  -0.113382E+00   0.000000E+00   0.515578E+06   0.515578E+06   0.515578E+06  -0.122544E-01   0.270303E+06   0.270298E+06   0.473161E-02
   0.342764E+00   0.503270E+06   0.500917E+06   0.213753E+00  -0.107162E+00   0.000000E+00   0.502906E+06   0.502906E+06   0.502906E+06  -0.119532E-01   0.263659E+06   0.263655E+06   0.460189E-02
   0.348127E+00   0.491014E+06   0.488681E+06   0.202169E+00  -0.101355E+00   0.000000E+00   0.490653E+06   0.490653E+06   0.490653E+06  -0.116620E-01   0.257236E+06   0.257231E+06   0.447367E-02
   0.353491E+00   0.479350E+06   0.477045E+06   0.191422E+00  -0.959665E-01   0.000000E+00   0.478994E+06   0.478994E+06   0.478994E+06  -0.113848E-01   0.251123E+06   0.251118E+06   0.433688E-02
   0.358854E+00   0.468384E+06   0.466120E+06   0.181493E+00  -0.909890E-01   0.000000E+00   0.468034E+06   0.468034E+06   0.468034E+06  -0.111243E-01   0.245377E+06   0.245372E+06   0.418754E-02
   0.364217E+00   0.458131E+06   0.455920E+06   0.172331E+00  -0.863956E-01   0.000000E+00   0.457789E+06   0.457789E+06   0.457789E+06  -0.108808E-01   0.240006E+06   0.240002E+06   0.402736E-02
   0.369580E+00   0.448512E+06   0.446363E+06   0.163852E+00  -0.821449E-01   0.000000E+00   0.448179E+06   0.448179E+06   0.448179E+06  -0.106524E-01   0.234968E+06   0.234963E+06   0.386207E-02
   0.374943E+00   0.439389E+06   0.437306E+06   0.155962E+00  -0.781889E-01   0.000000E+00   0.439067E+06   0.439067E+06   0.439067E+06  -0.104358E-01   0.230190E+06   0.230186E+06   0.369919E-02
   0.380306E+00   0.430619E+06   0.428600E+06   0.148569E+00  -0.744828E-01   0.000000E+00   0.430307E+06   0.430307E+06   0.430307E+06  -0.102276E-01   0.225598E+06   0.225594E+06   0.354591E-02
   0.385669E+00   0.422074E+06   0.420113E+06   0.141600E+00  -0.709889E-01   0.000000E+00   0.421771E+06   0.421771E+06   0.421771E+06  -0.100247E-01   0.221122E+06   0.221118E+06   0.340724E-02
   0.391032E+00   0.413655E+06   0.411741E+06   0.134996E+00  -0.676778E-01   0.000000E+00   0.413359E+06   0.413359E+06   0.413359E+06  -0.982480E-02   0.216712E+06   0.216708E+06   0.328514E-02
   0.396395E+00   0.405310E+06   0.403434E+06   0.128717E+00  -0.645302E-01   0.000000E+00   0.405020E+06   0.405020E+06   0.405020E+06  -0.962659E-02   0.212340E+06   0.212336E+06   0.317853E-02
   0.401758E+00   0.397052E+06   0.395206E+06   0.122750E+00  -0.615388E-01   0.000000E+00   0.396766E+06   0.396766E+06   0.396766E+06  -0.943042E-02   0.208013E+06   0.208009E+06   0.308412E-02
   0.407121E+00   0.388944E+06   0.387124E+06   0.117096E+00  -0.587041E-01   0.000000E+00   0.388662E+06   0.388662E+06   0.388662E+06  -0.923780E-02   0.203764E+06   0.203761E+06   0.299758E-02
   0.412484E+00   0.381058E+06   0.379262E+06   0.111758E+00  -0.560279E-01   0.000000E+00   0.380781E+06   0.380781E+06   0.380781E+06  -0.905047E-02   0.199632E+06   0.199629E+06   0.291458E-02
   0.417848E+00   0.373447E+06   0.371677E+06   0.106731E+00  -0.535081E-01   0.000000E+00   0.373173E+06   0.373173E+06   0.373173E+06  -0.886966E-02   0.195644E+06   0.195641E+06   0.283179E-02
   0.423211E+00   0.366141E+06   0.364399E+06   0.102008E+00  -0.511400E-01   0.000000E+00   0.365872E+06   0.365872E+06   0.365872E+06  -0.869611E-02   0.191816E+06   0.191813E+06   0.274740E-02
   0.428574E+00   0.359158E+06   0.357449E+06   0.975734E-01  -0.489170E-01   0.000000E+00   0.358893E+06   0.358893E+06   0.358893E+06  -0.853025E-02   0.188158E+06   0.188154E+06   0.266130E-02
   0.433937E+00   0.352490E+06   0.350817E+06   0.934098E-01  -0.468296E-01   0.000000E+00   0.352231E+06   0.352231E+06   0.352231E+06  -0.837191E-02   0.184665E+06   0.184662E+06   0.257467E-02
   0.439300E+00   0.346096E+06   0.344459E+06   0.894898E-01  -0.448643E-01   0.000000E+00   0.345842E+06   0.345842E+06   0.345842E+06  -0.822005E-02   0.181315E+06   0.181312E+06   0.248939E-02
   0.444663E+00   0.339912E+06   0.338312E+06   0.857838E-01  -0.430063E-01   0.000000E+00   0.339664E+06   0.339664E+06   0.339664E+06  -0.807321E-02   0.178076E+06   0.178073E+06   0.240740E-02
   0.450026E+00   0.333890E+06   0.332326E+06   0.822680E-01  -0.412437E-01   0.000000E+00   0.333648E+06   0.333648E+06   0.333648E+06  -0.793022E-02   0.174922E+06   0.174919E+06   0.233028E-02
   0.455389E+00   0.328004E+06   0.326471E+06   0.789255E-01  -0.395680E-01   0.000000E+00   0.327767E+06   0.327767E+06   0.327767E+06  -0.779043E-02   0.171839E+06   0.171836E+06   0.225889E-02
   0.460752E+00   0.322232E+06   0.320727E+06   0.757421E-01  -0.379720E-01   0.000000E+00   0.321999E+06   0.321999E+06   0.321999E+06  -0.765334E-02   0.168815E+06   0.168812E+06   0.219322E-02
   0.466115E+00   0.316558E+06   0.315078E+06   0.727060E-01  -0.364499E-01   0.000000E+00   0.316329E+06   0.316329E+06   0.316329E+06  -0.751858E-02   0.165842E+06   0.165839E+06   0.213251E-02
   0.471478E+00   0.310988E+06   0.309530E+06   0.698108E-01  -0.349985E-01   0.000000E+00   0.310762E+06   0.310762E+06   0.310762E+06  -0.738627E-02   0.162924E+06   0.162921E+06   0.207558E-02
   0.476841E+00   0.305547E+06   0.304111E+06   0.670551E-01  -0.336170E-01   0.000000E+00   0.305325E+06   0.305325E+06   0.305325E+06  -0.725702E-02   0.160073E+06   0.160070E+06   0.202121E-02
   0.482204E+00   0.300261E+06   0.298846E+06   0.644372E-01  -0.323046E-01   0.000000E+00   0.300042E+06   0.300042E+06   0.300042E+06  -0.713146E-02   0.157303E+06   0.157301E+06   0.196831E-02
   0.487568E+00   0.295138E+06   0.293744E+06   0.619520E-01  -0.310587E-01   0.000000E+00   0.294922E+06   0.294922E+06   0.294922E+06  -0.700978E-02   0.154619E+06   0.154617E+06   0.191615E-02
   0.492931E+00   0.290177E+06   0.288806E+06   0.595925E-01  -0.298757E-01   0.000000E+00   0.289965E+06   0.289965E+06   0.289965E+06  -0.689195E-02   0.152020E+06   0.152018E+06   0.186445E-02
   0.498294E+00   0.285377E+06   0.284030E+06   0.573520E-01  -0.287525E-01   0.000000E+00   0.285169E+06   0.285169E+06   0.285169E+06  -0.677795E-02   0.149506E+06   0.149503E+06   0.181334E-02
   0.503657E+00   0.280734E+06   0.279410E+06   0.552237E-01  -0.276855E-01   0.000000E+00   0.280529E+06   0.280529E+06   0.280529E+06  -0.666767E-02   0.147073E+06   0.147071E+06   0.176324E-02
   0.509020E+00   0.276228E+06   0.274928E+06   0.531985E-01  -0.266702E-01   0.000000E+00   0.276027E+06   0.276027E+06   0.276027E+06  -0.656066E-02   0.144713E+06   0.144710E+06   0.171466E-02
   0.514383E+00   0.271837E+06   0.270560E+06   0.512670E-01  -0.257019E-01   0.000000E+00   0.271640E+06   0.271640E+06   0.271640E+06  -0.645639E-02   0.142413E+06   0.142410E+06   0.166804E-02
   0.519746E+00   0.267546E+06   0.266290E+06   0.494217E-01  -0.247767E-01   0.000000E+00   0.267351E+06   0.267351E+06   0.267351E+06  -0.635446E-02   0.140165E+06   0.140162E+06   0.162367E-02
   0.525109E+00   0.263346E+06   0.262111E+06   0.476574E-01  -0.238923E-01   0.000000E+00   0.263155E+06   0.263155E+06   0.263155E+06  -0.625473E-02   0.137965E+06   0.137962E+06   0.158165E-02
   0.530472E+00   0.259235E+06   0.258019E+06   0.459696E-01  -0.230461E-01   0.000000E+00   0.259047E+06   0.259047E+06   0.259047E+06  -0.615708E-02   0.135811E+06   0.135808E+06   0.154184E-02
   0.535835E+00   0.255207E+06   0.254009E+06   0.443539E-01  -0.222361E-01   0.000000E+00   0.255022E+06   0.255022E+06   0.255022E+06  -0.606141E-02   0.133701E+06   0.133698E+06   0.150393E-02
   0.541198E+00   0.251263E+06   0.250082E+06   0.428072E-01  -0.214607E-01   0.000000E+00   0.251080E+06   0.251080E+06   0.251080E+06  -0.596772E-02   0.131634E+06   0.131632E+06   0.146756E-02
   0.546561E+00   0.247410E+06   0.246246E+06   0.413276E-01  -0.207189E-01   0.000000E+00   0.247230E+06   0.247230E+06   0.247230E+06  -0.587621E-02   0.129616E+06   0.129613E+06   0.143238E-02
   0.551925E+00   0.243656E+06   0.242509E+06   0.399134E-01  -0.200099E-01   0.000000E+00   0.243479E+06   0.243479E+06   0.243479E+06  -0.578705E-02   0.127649E+06   0.127647E+06   0.139812E-02
   0.557288E+00   0.240000E+06   0.238870E+06   0.385615E-01  -0.193322E-01   0.000000E+00   0.239825E+06   0.239825E+06   0.239825E+06  -0.570022E-02   0.125734E+06   0.125731E+06   0.136463E-02
   0.562651E+00   0.236438E+06   0.235324E+06   0.372683E-01  -0.186839E-01   0.000000E+00   0.236265E+06   0.236265E+06   0.236265E+06  -0.561561E-02   0.123867E+06   0.123865E+06   0.133185E-02
   0.568014E+00   0.232966E+06   0.231869E+06   0.360310E-01  -0.180636E-01   0.000000E+00   0.232796E+06   0.232796E+06   0.232796E+06  -0.553315E-02   0.122049E+06   0.122046E+06   0.129982E-02
   0.573377E+00   0.229584E+06   0.228503E+06   0.348467E-01  -0.174698E-01   0.000000E+00   0.229416E+06   0.229416E+06   0.229416E+06  -0.545282E-02   0.120276E+06   0.120274E+06   0.126868E-02
   0.578740E+00   0.226283E+06   0.225219E+06   0.337122E-01  -0.169011E-01   0.000000E+00   0.226118E+06   0.226118E+06   0.226118E+06  -0.537443E-02   0.118547E+06   0.118545E+06   0.123853E-02
   0.584103E+00   0.223055E+06   0.222007E+06   0.326238E-01  -0.163554E-01   0.000000E+00   0.222893E+06   0.222893E+06   0.222893E+06  -0.529776E-02   0.116856E+06   0.116854E+06   0.120946E-02
   0.589466E+00   0.219893E+06   0.218860E+06   0.315788E-01  -0.158315E-01   0.000000E+00   0.219733E+06   0.219733E+06   0.219733E+06  -0.522267E-02   0.115200E+06   0.115198E+06   0.118148E-02
   0.594829E+00   0.216797E+06   0.215779E+06   0.305753E-01  -0.153284E-01   0.000000E+00   0.216640E+06   0.216640E+06   0.216640E+06  -0.514913E-02   0.113578E+06   0.113576E+06   0.115460E-02
   0.600192E+00   0.213766E+06   0.212762E+06   0.296115E-01  -0.148453E-01   0.000000E+00   0.213611E+06   0.213611E+06   0.213611E+06  -0.507715E-02   0.111990E+06   0.111988E+06   0.112874E-02
   0.605555E+00   0.210798E+06   0.209807E+06   0.286853E-01  -0.143809E-01   0.000000E+00   0.210644E+06   0.210644E+06   0.210644E+06  -0.500664E-02   0.110435E+06   0.110433E+06   0.110378E-02
   0.610918E+00   0.207888E+06   0.206911E+06   0.277949E-01  -0.139345E-01   0.000000E+00   0.207737E+06   0.207737E+06   0.207737E+06  -0.493754E-02   0.108911E+06   0.108909E+06   0.107961E-02
   0.616281E+00   0.205041E+06   0.204077E+06   0.269392E-01  -0.135055E-01   0.000000E+00   0.204892E+06   0.204892E+06   0.204892E+06  -0.486992E-02   0.107419E+06   0.107417E+06   0.105614E-02
   0.621645E+00   0.202259E+06   0.201308E+06   0.261171E-01  -0.130934E-01   0.000000E+00   0.202112E+06   0.202112E+06   0.202112E+06  -0.480384E-02   0.105962E+06   0.105960E+06   0.103329E-02
   0.627008E+00   0.199540E+06   0.198602E+06   0.253271E-01  -0.126974E-01   0.000000E+00   0.199395E+06   0.199395E+06   0.199395E+06  -0.473926E-02   0.104537E+06   0.104535E+06   0.101101E-02
   0.674474E+00   0.177822E+06   0.176986E+06   0.195054E-01  -0.977874E-02   0.000000E+00   0.177693E+06   0.177693E+06   0.177693E+06  -0.422343E-02   0.931591E+05   0.931574E+05   0.839256E-03
   0.725535E+00   0.158343E+06   0.157599E+06   0.150101E-01  -0.752510E-02   0.000000E+00   0.158228E+06   0.158228E+06   0.158228E+06  -0.376080E-02   0.829545E+05   0.829530E+05   0.696850E-03
   0.780460E+00   0.140904E+06   0.140242E+06   0.115431E-01  -0.578694E-02   0.000000E+00   0.140801E+06   0.140801E+06   0.140801E+06  -0.334659E-02   0.738180E+05   0.738167E+05   0.578552E-03
   0.839544E+00   0.125305E+06   0.124717E+06   0.887123E-02  -0.444746E-02   0.000000E+00   0.125214E+06   0.125214E+06   0.125214E+06  -0.297612E-02   0.656463E+05   0.656451E+05   0.480266E-03
   0.903101E+00   0.111362E+06   0.110838E+06   0.681341E-02  -0.341580E-02   0.000000E+00   0.111281E+06   0.111281E+06   0.111281E+06  -0.264494E-02   0.583413E+05   0.583402E+05   0.398678E-03
   0.971469E+00   0.989107E+05   0.984460E+05   0.522982E-02  -0.262189E-02   0.000000E+00   0.988388E+05   0.988388E+05   0.988388E+05  -0.234922E-02   0.518184E+05   0.518174E+05   0.331004E-03
   0.104501E+01   0.878004E+05   0.873879E+05   0.401194E-02  -0.201133E-02   0.000000E+00   0.877365E+05   0.877365E+05   0.877365E+05  -0.208534E-02   0.459978E+05   0.459969E+05   0.274893E-03
   0.126811E+01   0.638411E+05   0.635413E+05   0.198102E-02  -0.993157E-03   0.000000E+00   0.637948E+05   0.637948E+05   0.637948E+05  -0.151629E-02   0.334458E+05   0.334451E+05   0.168384E-03
   0.158368E+01   0.440755E+05   0.438685E+05   0.876929E-03  -0.439638E-03   0.000000E+00   0.440435E+05   0.440435E+05   0.440435E+05  -0.104683E-02   0.230907E+05   0.230903E+05   0.966445E-04
   0.197777E+01   0.302953E+05   0.301530E+05   0.386475E-03  -0.193756E-03   0.000000E+00   0.302733E+05   0.302733E+05   0.302733E+05  -0.719542E-03   0.158714E+05   0.158711E+05   0.562555E-04
   0.246994E+01   0.207392E+05   0.206418E+05   0.169636E-03  -0.850462E-04   0.000000E+00   0.207242E+05   0.207242E+05   0.207242E+05  -0.492576E-03   0.108651E+05   0.108649E+05   0.334608E-04
   0.308458E+01   0.141440E+05   0.140775E+05   0.741780E-04  -0.371893E-04   0.000000E+00   0.141338E+05   0.141338E+05   0.141338E+05  -0.335934E-03   0.740994E+04   0.740975E+04   0.205097E-04
   0.385217E+01   0.961163E+04   0.956636E+04   0.323202E-04  -0.162042E-04   0.000000E+00   0.960463E+04   0.960463E+04   0.960463E+04  -0.228285E-03   0.503545E+04   0.503530E+04   0.130595E-04
   0.481078E+01   0.650863E+04   0.647792E+04   0.140326E-04  -0.703569E-05   0.000000E+00   0.650388E+04   0.650388E+04   0.650388E+04  -0.154586E-03   0.340982E+04   0.340969E+04   0.868789E-05
   0.600794E+01   0.439140E+04   0.437061E+04   0.607045E-05  -0.304377E-05   0.000000E+00   0.438818E+04   0.438818E+04   0.438818E+04  -0.104299E-03   0.230062E+04   0.230051E+04   0.604772E-05
   0.750301E+01   0.295099E+04   0.293694E+04   0.261545E-05  -0.131151E-05   0.000000E+00   0.294881E+04   0.294881E+04   0.294881E+04  -0.700880E-04   0.154600E+04   0.154590E+04   0.439061E-05
   0.937012E+01   0.197345E+04   0.196398E+04   0.112139E-05  -0.562392E-06   0.000000E+00   0.197199E+04   0.197199E+04   0.197199E+04  -0.468706E-04   0.103388E+04   0.103379E+04   0.330022E-05
   0.117019E+02   0.131137E+04   0.130499E+04   0.477736E-06  -0.239639E-06   0.000000E+00   0.131038E+04   0.131038E+04   0.131038E+04  -0.311454E-04   0.687016E+03   0.686927E+03   0.254364E-05
   0.146139E+02   0.863563E+03   0.859284E+03   0.201682E-06  -0.101198E-06   0.000000E+00   0.862901E+03   0.862901E+03   0.862901E+03  -0.205096E-04   0.452417E+03   0.452330E+03   0.198895E-05
   0.182505E+02   0.560959E+03   0.558095E+03   0.839793E-07  -0.421592E-07   0.000000E+00   0.560516E+03   0.560516E+03   0.560516E+03  -0.133225E-04   0.293885E+03   0.293800E+03   0.155990E-05
   0.227921E+02   0.356590E+03   0.354687E+03   0.342150E-07  -0.171897E-07   0.000000E+00   0.356295E+03   0.356295E+03   0.356295E+03  -0.846850E-05   0.186818E+03   0.186735E+03   0.121096E-05
   0.284639E+02   0.218739E+03   0.217492E+03   0.134487E-07  -0.676475E-08   0.000000E+00   0.218546E+03   0.218546E+03   0.218546E+03  -0.519445E-05   0.114599E+03   0.114521E+03   0.914102E-06
   0.355471E+02   0.126215E+03   0.125425E+03   0.497077E-08  -0.250496E-08   0.000000E+00   0.126093E+03   0.126093E+03   0.126093E+03  -0.299701E-05   0.661262E+02   0.660567E+02   0.652296E-06
   0.443930E+02   0.651256E+02   0.646604E+02   0.164203E-08  -0.829888E-09   0.000000E+00   0.650536E+02   0.650536E+02   0.650536E+02  -0.154621E-05   0.341212E+02   0.340657E+02   0.417568E-06
   0.554402E+02   0.266310E+02   0.264044E+02   0.429498E-09  -0.218058E-09   0.000000E+00   0.265959E+02   0.265959E+02   0.265959E+02  -0.632137E-06   0.139534E+02   0.139181E+02   0.212289E-06
   0.692364E+02   0.519860E+01   0.514350E+01   0.535552E-10  -0.273877E-10   0.000000E+00   0.519008E+01   0.519008E+01   0.519008E+01  -0.123359E-06   0.272405E+01   0.271332E+01   0.517136E-07
   0.864658E+02  -0.315620E+01  -0.311188E+01  -0.207320E-10   0.107111E-10   0.000000E+00  -0.314935E+01  -0.314935E+01  -0.314935E+01   0.748543E-07  -0.165389E+01  -0.164387E+01  -0.386454E-07
   0.107983E+03  -0.288097E+01  -0.282584E+01  -0.120242E-10   0.631935E-11   0.000000E+00  -0.287244E+01  -0.287244E+01  -0.287244E+01   0.682728E-07  -0.150993E+01  -0.149570E+01  -0.439386E-07
   0.134854E+03  -0.350624E-01  -0.342250E-01  -0.924552E-13   0.500388E-13   0.000000E+00  -0.349329E-01  -0.349329E-01  -0.349329E-01   0.830292E-09  -0.183939E-01  -0.181208E-01  -0.675564E-09
   0.168412E+03   0.467858E+00   0.449445E+00   0.774270E-12  -0.434974E-12   0.000000E+00   0.465010E+00   0.465010E+00   0.465010E+00  -0.110524E-07   0.245354E+00   0.239836E+00   0.109290E-07
   0.210322E+03  -0.185963E+00  -0.175120E+00  -0.190768E-12   0.113805E-12   0.000000E+00  -0.184285E+00  -0.184285E+00  -0.184285E+00   0.438013E-08  -0.975605E-01  -0.942134E-01  -0.530871E-08
   0.262660E+03   0.733357E-01   0.669729E-01   0.457125E-13  -0.299442E-13   0.000000E+00   0.723513E-01   0.723513E-01   0.723513E-01  -0.171966E-08   0.385036E-01   0.364996E-01   0.254509E-08
   0.328022E+03  -0.227573E-01  -0.198341E-01  -0.836776E-14   0.629547E-14   0.000000E+00  -0.223051E-01  -0.223051E-01  -0.223051E-01   0.530151E-09  -0.119612E-01  -0.110329E-01  -0.944036E-09
   0.409650E+03  -0.977831E-02  -0.793202E-02  -0.203136E-14   0.185912E-14   0.000000E+00  -0.949268E-02  -0.949268E-02  -0.949268E-02   0.225624E-09  -0.514375E-02  -0.456545E-02  -0.470912E-09
   0.511591E+03  -0.391105E-02  -0.285778E-02  -0.426316E-15   0.521641E-15   0.000000E+00  -0.374810E-02  -0.374810E-02  -0.374810E-02   0.890857E-10  -0.206094E-02  -0.173496E-02  -0.212557E-09
