#          k/h    CDM            baryon         photon         nu             mass_nu        total          no_nu          total_de       Weyl           v_CDM          v_b            v_b-v_c     
   0.104501E-04   0.198309E+08   0.198309E+08   0.264274E+08   0.264270E+08   0.000000E+00   0.198309E+08   0.198309E+08   0.198387E+08  -0.471825E+00   0.103990E+08   0.103990E+08   0.113663E+01
   0.127095E-04   0.198309E+08   0.198309E+08   0.264207E+08   0.264202E+08   0.000000E+00   0.198309E+08   0.198309E+08   0.198386E+08  -0.471824E+00   0.103990E+08   0.103990E+08   0.138224E+01
   0.154573E-04   0.198309E+08   0.198309E+08   0.264109E+08   0.264102E+08   0.000000E+00   0.198309E+08   0.198309E+08   0.198386E+08  -0.471824E+00   0.103990E+08   0.103990E+08   0.168086E+01
   0.187992E-04   0.198308E+08   0.198308E+08   0.263963E+08   0.263953E+08   0.000000E+00   0.198308E+08   0.198308E+08   0.198386E+08  -0.471823E+00   0.103989E+08   0.103989E+08   0.204387E+01
   0.228637E-04   0.198308E+08   0.198308E+08   0.263749E+08   0.263734E+08   0.000000E+00   0.198308E+08   0.198308E+08   0.198385E+08  -0.471822E+00   0.103989E+08   0.103989E+08   0.248503E+01
   0.278068E-04   0.198307E+08   0.198307E+08   0.263431E+08   0.263409E+08   0.000000E+00   0.198307E+08   0.198307E+08   0.198385E+08  -0.471820E+00   0.103989E+08   0.103989E+08   0.302100E+01
   0.338188E-04   0.198306E+08   0.198306E+08   0.262962E+08   0.262929E+08   0.000000E+00   0.198306E+08   0.198306E+08   0.198384E+08  -0.471817E+00   0.103988E+08   0.103988E+08   0.367180E+01
   0.411305E-04   0.198305E+08   0.198305E+08   0.262270E+08   0.262221E+08   0.000000E+00   0.198305E+08   0.198305E+08   0.198382E+08  -0.471813E+00   0.103988E+08   0.103988E+08   0.446145E+01
   0.500230E-04   0.198303E+08   0.198303E+08   0.261249E+08   0.261177E+08   0.000000E+00   0.198303E+08   0.198303E+08   0.198380E+08  -0.471807E+00   0.103987E+08   0.103987E+08   0.541846E+01
   0.608381E-04   0.198300E+08   0.198300E+08   0.259745E+08   0.259640E+08   0.000000E+00   0.198300E+08   0.198300E+08   0.198376E+08  -0.471798E+00   0.103985E+08   0.103985E+08   0.657636E+01
   0.739915E-04   0.198296E+08   0.198296E+08   0.257536E+08   0.257381E+08   0.000000E+00   0.198296E+08   0.198296E+08   0.198371E+08  -0.471784E+00   0.103983E+08   0.103983E+08   0.797384E+01
   0.899887E-04   0.198289E+08   0.198289E+08   0.254300E+08   0.254073E+08   0.000000E+00   0.198289E+08   0.198289E+08   0.198364E+08  -0.471765E+00   0.103979E+08   0.103979E+08   0.965423E+01
   0.109444E-03   0.198280E+08   0.198280E+08   0.249582E+08   0.249252E+08   0.000000E+00   0.198280E+08   0.198280E+08   0.198353E+08  -0.471736E+00   0.103974E+08   0.103974E+08   0.116637E+02
   0.133107E-03   0.198266E+08   0.198265E+08   0.242750E+08   0.242273E+08   0.000000E+00   0.198266E+08   0.198266E+08   0.198337E+08  -0.471694E+00   0.103967E+08   0.103967E+08   0.140470E+02
   0.161885E-03   0.198245E+08   0.198244E+08   0.232962E+08   0.232278E+08   0.000000E+00   0.198245E+08   0.198245E+08   0.198313E+08  -0.471632E+00   0.103956E+08   0.103956E+08   0.168390E+02
   0.196885E-03   0.198214E+08   0.198214E+08   0.219149E+08   0.218187E+08   0.000000E+00   0.198214E+08   0.198214E+08   0.198279E+08  -0.471541E+00   0.103939E+08   0.103939E+08   0.200495E+02
   0.239452E-03   0.198170E+08   0.198169E+08   0.200105E+08   0.198781E+08   0.000000E+00   0.198170E+08   0.198170E+08   0.198228E+08  -0.471409E+00   0.103916E+08   0.103916E+08   0.236377E+02
   0.291222E-03   0.198105E+08   0.198103E+08   0.174742E+08   0.172986E+08   0.000000E+00   0.198104E+08   0.198104E+08   0.198155E+08  -0.471219E+00   0.103881E+08   0.103881E+08   0.274740E+02
   0.354185E-03   0.198010E+08   0.198008E+08   0.142699E+08   0.140497E+08   0.000000E+00   0.198010E+08   0.198010E+08   0.198051E+08  -0.470948E+00   0.103830E+08   0.103830E+08   0.312928E+02
   0.430761E-03   0.197874E+08   0.197871E+08   0.105374E+08   0.102842E+08   0.000000E+00   0.197873E+08   0.197873E+08   0.197904E+08  -0.470567E+00   0.103758E+08   0.103757E+08   0.346524E+02
   0.523892E-03   0.197679E+08   0.197675E+08   0.671131E+07   0.645834E+07   0.000000E+00   0.197679E+08   0.197679E+08   0.197698E+08  -0.470041E+00   0.103654E+08   0.103654E+08   0.369514E+02
   0.637159E-03   0.197406E+08   0.197401E+08   0.352704E+07   0.332986E+07   0.000000E+00   0.197405E+08   0.197405E+08   0.197416E+08  -0.469328E+00   0.103508E+08   0.103508E+08   0.375780E+02
   0.774915E-03   0.197029E+08   0.197022E+08   0.167338E+07   0.158427E+07   0.000000E+00   0.197027E+08   0.197027E+08   0.197032E+08  -0.468379E+00   0.103307E+08   0.103307E+08   0.362254E+02
   0.942454E-03   0.196515E+08   0.196506E+08   0.106914E+07   0.108380E+07   0.000000E+00   0.196513E+08   0.196513E+08   0.196517E+08  -0.467126E+00   0.103035E+08   0.103034E+08   0.331731E+02
   0.114621E-02   0.195826E+08   0.195816E+08   0.726199E+06   0.768143E+06   0.000000E+00   0.195825E+08   0.195825E+08   0.195827E+08  -0.465474E+00   0.102671E+08   0.102670E+08   0.290640E+02
   0.139403E-02   0.194916E+08   0.194905E+08   0.259908E+06   0.283414E+06   0.000000E+00   0.194914E+08   0.194914E+08   0.194915E+08  -0.463297E+00   0.102192E+08   0.102191E+08   0.243265E+02
   0.169542E-02   0.193725E+08   0.193713E+08   0.159728E+06  -0.168798E+06   0.000000E+00   0.193723E+08   0.193723E+08   0.193723E+08  -0.460456E+00   0.101566E+08   0.101565E+08   0.195303E+02
   0.206198E-02   0.192184E+08   0.192170E+08   0.331859E+04  -0.113190E+06   0.000000E+00   0.192181E+08   0.192181E+08   0.192181E+08  -0.456789E+00   0.100757E+08   0.100756E+08   0.155609E+02
   0.250778E-02   0.190211E+08   0.190196E+08   0.302341E+04  -0.757298E+05   0.000000E+00   0.190209E+08   0.190209E+08   0.190209E+08  -0.452098E+00   0.997220E+07   0.997210E+07   0.126035E+02
   0.304997E-02   0.187718E+08   0.187699E+08   0.130181E+03  -0.505229E+05   0.000000E+00   0.187715E+08   0.187715E+08   0.187715E+08  -0.446167E+00   0.984137E+07   0.984128E+07   0.103710E+02
   0.370939E-02   0.184603E+08   0.184580E+08  -0.122836E+05  -0.335881E+05   0.000000E+00   0.184599E+08   0.184599E+08   0.184599E+08  -0.438761E+00   0.967801E+07   0.967791E+07   0.844811E+01
   0.451137E-02   0.180761E+08   0.180732E+08  -0.144516E+05  -0.222342E+05   0.000000E+00   0.180756E+08   0.180756E+08   0.180756E+08  -0.429627E+00   0.947652E+07   0.947643E+07   0.687629E+01
   0.548674E-02   0.176082E+08   0.176043E+08  -0.118309E+05  -0.146422E+05   0.000000E+00   0.176076E+08   0.176076E+08   0.176076E+08  -0.418502E+00   0.923113E+07   0.923104E+07   0.561738E+01
   0.667298E-02   0.170454E+08   0.170402E+08  -0.104233E+05  -0.958240E+04   0.000000E+00   0.170446E+08   0.170446E+08   0.170446E+08  -0.405120E+00   0.893595E+07   0.893585E+07   0.457074E+01
   0.811570E-02   0.163764E+08   0.163693E+08  -0.552695E+04  -0.622388E+04   0.000000E+00   0.163753E+08   0.163753E+08   0.163753E+08  -0.389212E+00   0.858505E+07   0.858496E+07   0.373252E+01
   0.987034E-02   0.155918E+08   0.155820E+08   0.192776E+04  -0.400603E+04   0.000000E+00   0.155903E+08   0.155903E+08   0.155903E+08  -0.370554E+00   0.817351E+07   0.817342E+07   0.306832E+01
   0.120043E-01   0.146776E+08   0.146642E+08  -0.219611E+04  -0.254942E+04   0.000000E+00   0.146755E+08   0.146755E+08   0.146755E+08  -0.348811E+00   0.769393E+07   0.769383E+07   0.253626E+01
   0.145997E-01   0.136315E+08   0.136132E+08   0.349754E+03  -0.160064E+04   0.000000E+00   0.136287E+08   0.136287E+08   0.136287E+08  -0.323929E+00   0.714510E+07   0.714500E+07   0.211699E+01
   0.177562E-01   0.124400E+08   0.124155E+08  -0.105194E+04  -0.987458E+03   0.000000E+00   0.124362E+08   0.124362E+08   0.124362E+08  -0.295586E+00   0.651991E+07   0.651982E+07   0.178017E+01
   0.215952E-01   0.111161E+08   0.110847E+08  -0.854906E+02  -0.596473E+03   0.000000E+00   0.111113E+08   0.111113E+08   0.111113E+08  -0.264095E+00   0.582531E+07   0.582521E+07   0.150042E+01
   0.259142E-01   0.978405E+07   0.974602E+07   0.334524E+02  -0.364529E+03   0.000000E+00   0.977817E+07   0.977817E+07   0.977817E+07  -0.232410E+00   0.512642E+07   0.512632E+07   0.126598E+01
   0.302332E-01   0.862400E+07   0.858164E+07  -0.788637E+02  -0.236031E+03   0.000000E+00   0.861745E+07   0.861745E+07   0.861745E+07  -0.204821E+00   0.451790E+07   0.451780E+07   0.107119E+01
   0.345522E-01   0.763770E+07   0.759364E+07  -0.246228E+02  -0.160025E+03   0.000000E+00   0.763088E+07   0.763088E+07   0.763088E+07  -0.181372E+00   0.400068E+07   0.400058E+07   0.897103E+00
   0.388713E-01   0.682012E+07   0.677699E+07  -0.190932E+02  -0.112896E+03   0.000000E+00   0.681345E+07   0.681345E+07   0.681345E+07  -0.161943E+00   0.357212E+07   0.357203E+07   0.738112E+00
   0.431903E-01   0.615774E+07   0.611779E+07  -0.191877E+02  -0.825620E+02   0.000000E+00   0.615156E+07   0.615156E+07   0.615156E+07  -0.146211E+00   0.322510E+07   0.322503E+07   0.594528E+00
   0.475093E-01   0.562764E+07   0.559246E+07   0.124382E+03  -0.623607E+02   0.000000E+00   0.562220E+07   0.562220E+07   0.562220E+07  -0.133630E+00   0.294757E+07   0.294751E+07   0.468734E+00
   0.518284E-01   0.520977E+07   0.518014E+07   0.967639E+02  -0.485128E+02   0.000000E+00   0.520519E+07   0.520519E+07   0.520519E+07  -0.123718E+00   0.272894E+07   0.272888E+07   0.363283E+00
   0.561474E-01   0.486920E+07   0.484510E+07   0.770695E+02  -0.386377E+02   0.000000E+00   0.486547E+07   0.486547E+07   0.486547E+07  -0.115644E+00   0.255083E+07   0.255078E+07   0.279314E+00
   0.604664E-01   0.458169E+07   0.456242E+07   0.625367E+02  -0.313510E+02   0.000000E+00   0.457871E+07   0.457871E+07   0.457871E+07  -0.108828E+00   0.240048E+07   0.240044E+07   0.216554E+00
   0.647855E-01   0.432395E+07   0.430835E+07   0.514171E+02  -0.257759E+02   0.000000E+00   0.432154E+07   0.432154E+07   0.432154E+07  -0.102715E+00   0.226565E+07   0.226562E+07   0.173051E+00
   0.691045E-01   0.408010E+07   0.406680E+07   0.426447E+02  -0.213780E+02   0.000000E+00   0.407804E+07   0.407804E+07   0.407804E+07  -0.969278E-01   0.213799E+07   0.213796E+07   0.145644E+00
   0.734235E-01   0.384063E+07   0.382831E+07   0.355584E+02  -0.178257E+02   0.000000E+00   0.383873E+07   0.383873E+07   0.383873E+07  -0.912396E-01   0.201253E+07   0.201250E+07   0.130427E+00
   0.777425E-01   0.360293E+07   0.359049E+07   0.297529E+02  -0.149155E+02   0.000000E+00   0.360101E+07   0.360101E+07   0.360101E+07  -0.855895E-01   0.188790E+07   0.188787E+07   0.123300E+00
   0.820616E-01   0.336906E+07   0.335581E+07   0.249681E+02  -0.125171E+02   0.000000E+00   0.336701E+07   0.336701E+07   0.336701E+07  -0.800279E-01   0.176523E+07   0.176520E+07   0.120456E+00
   0.863806E-01   0.314455E+07   0.313020E+07   0.210298E+02  -0.105430E+02   0.000000E+00   0.314233E+07   0.314233E+07   0.314233E+07  -0.746875E-01   0.164743E+07   0.164740E+07   0.118774E+00
   0.906996E-01   0.293526E+07   0.291992E+07   0.178031E+02  -0.892560E+01   0.000000E+00   0.293288E+07   0.293288E+07   0.293288E+07  -0.697094E-01   0.153763E+07   0.153760E+07   0.116048E+00
   0.960627E-01   0.270434E+07   0.268839E+07   0.146206E+02  -0.733019E+01   0.000000E+00   0.270187E+07   0.270187E+07   0.270187E+07  -0.642186E-01   0.141652E+07   0.141649E+07   0.109465E+00
   0.101426E+00   0.251189E+07   0.249626E+07   0.121813E+02  -0.610730E+01   0.000000E+00   0.250948E+07   0.250948E+07   0.250948E+07  -0.596457E-01   0.131565E+07   0.131562E+07   0.990310E-01
   0.106789E+00   0.235888E+07   0.234448E+07   0.103194E+02  -0.517374E+01   0.000000E+00   0.235665E+07   0.235665E+07   0.235665E+07  -0.560134E-01   0.123553E+07   0.123550E+07   0.858527E-01
   0.112152E+00   0.223887E+07   0.222632E+07   0.888078E+01  -0.445239E+01   0.000000E+00   0.223693E+07   0.223693E+07   0.223693E+07  -0.531678E-01   0.117276E+07   0.117274E+07   0.718029E-01
   0.117515E+00   0.214085E+07   0.213035E+07   0.773547E+01  -0.387807E+01   0.000000E+00   0.213923E+07   0.213923E+07   0.213923E+07  -0.508456E-01   0.112154E+07   0.112152E+07   0.588113E-01
   0.122878E+00   0.205361E+07   0.204495E+07   0.678745E+01  -0.340270E+01   0.000000E+00   0.205227E+07   0.205227E+07   0.205227E+07  -0.487788E-01   0.107595E+07   0.107593E+07   0.483343E-01
   0.128241E+00   0.196831E+07   0.196095E+07   0.597323E+01  -0.299447E+01   0.000000E+00   0.196717E+07   0.196717E+07   0.196717E+07  -0.467561E-01   0.103133E+07   0.103131E+07   0.410637E-01
   0.133604E+00   0.187944E+07   0.187275E+07   0.525500E+01  -0.263439E+01   0.000000E+00   0.187841E+07   0.187841E+07   0.187841E+07  -0.446464E-01   0.984792E+06   0.984777E+06   0.368975E-01
   0.138967E+00   0.178560E+07   0.177897E+07   0.461457E+01  -0.231336E+01   0.000000E+00   0.178457E+07   0.178457E+07   0.178457E+07  -0.424161E-01   0.935599E+06   0.935585E+06   0.351268E-01
   0.144330E+00   0.168908E+07   0.168210E+07   0.404646E+01  -0.202859E+01   0.000000E+00   0.168800E+07   0.168800E+07   0.168800E+07  -0.401207E-01   0.884967E+06   0.884952E+06   0.347328E-01
   0.149694E+00   0.159414E+07   0.158666E+07   0.354995E+01  -0.177972E+01   0.000000E+00   0.159299E+07   0.159299E+07   0.159299E+07  -0.378624E-01   0.835158E+06   0.835142E+06   0.346889E-01
   0.155057E+00   0.150539E+07   0.149750E+07   0.312413E+01  -0.156627E+01   0.000000E+00   0.150417E+07   0.150417E+07   0.150417E+07  -0.357514E-01   0.788593E+06   0.788577E+06   0.341994E-01
   0.160420E+00   0.142675E+07   0.141873E+07   0.276608E+01  -0.138679E+01   0.000000E+00   0.142551E+07   0.142551E+07   0.142551E+07  -0.338818E-01   0.747355E+06   0.747339E+06   0.328362E-01
   0.165783E+00   0.136052E+07   0.135271E+07   0.246975E+01  -0.123822E+01   0.000000E+00   0.135932E+07   0.135932E+07   0.135932E+07  -0.323085E-01   0.712652E+06   0.712637E+06   0.305534E-01
   0.171146E+00   0.130639E+07   0.129910E+07   0.222524E+01  -0.111563E+01   0.000000E+00   0.130526E+07   0.130526E+07   0.130526E+07  -0.310238E-01   0.684314E+06   0.684300E+06   0.276028E-01
   0.176509E+00   0.126166E+07   0.125508E+07   0.202056E+01  -0.101299E+01   0.000000E+00   0.126064E+07   0.126064E+07   0.126064E+07  -0.299631E-01   0.660918E+06   0.660905E+06   0.243978E-01
   0.181872E+00   0.122267E+07   0.121685E+07   0.184448E+01  -0.924700E+00   0.000000E+00   0.122177E+07   0.122177E+07   0.122177E+07  -0.290392E-01   0.640538E+06   0.640526E+06   0.213717E-01
   0.187235E+00   0.118601E+07   0.118086E+07   0.168827E+01  -0.846372E+00   0.000000E+00   0.118521E+07   0.118521E+07   0.118521E+07  -0.281703E-01   0.621372E+06   0.621361E+06   0.188627E-01
   0.192598E+00   0.114895E+07   0.114428E+07   0.154577E+01  -0.774929E+00   0.000000E+00   0.114823E+07   0.114823E+07   0.114823E+07  -0.272914E-01   0.601984E+06   0.601974E+06   0.170445E-01
   0.197961E+00   0.110982E+07   0.110540E+07   0.141334E+01  -0.708536E+00   0.000000E+00   0.110914E+07   0.110914E+07   0.110914E+07  -0.263622E-01   0.581489E+06   0.581479E+06   0.159129E-01
   0.203324E+00   0.106840E+07   0.106401E+07   0.128973E+01  -0.646571E+00   0.000000E+00   0.106772E+07   0.106772E+07   0.106772E+07  -0.253777E-01   0.559773E+06   0.559764E+06   0.153219E-01
   0.208687E+00   0.102582E+07   0.102133E+07   0.117545E+01  -0.589286E+00   0.000000E+00   0.102513E+07   0.102513E+07   0.102513E+07  -0.243654E-01   0.537444E+06   0.537434E+06   0.150466E-01
   0.214050E+00   0.983905E+06   0.979275E+06   0.107157E+01  -0.537217E+00   0.000000E+00   0.983189E+06   0.983189E+06   0.983189E+06  -0.233686E-01   0.515458E+06   0.515448E+06   0.148525E-01
   0.219414E+00   0.944421E+06   0.939683E+06   0.978850E+00  -0.490739E+00   0.000000E+00   0.943688E+06   0.943688E+06   0.943688E+06  -0.224298E-01   0.494749E+06   0.494740E+06   0.145518E-01
   0.224777E+00   0.908687E+06   0.903940E+06   0.897376E+00  -0.449896E+00   0.000000E+00   0.907952E+06   0.907952E+06   0.907952E+06  -0.215804E-01   0.476014E+06   0.476005E+06   0.140386E-01
   0.230140E+00   0.877351E+06   0.872715E+06   0.826511E+00  -0.414368E+00   0.000000E+00   0.876634E+06   0.876634E+06   0.876634E+06  -0.208360E-01   0.459595E+06   0.459586E+06   0.132961E-01
   0.235503E+00   0.850278E+06   0.845861E+06   0.764952E+00  -0.383504E+00   0.000000E+00   0.849595E+06   0.849595E+06   0.849595E+06  -0.201933E-01   0.445419E+06   0.445410E+06   0.123817E-01
   0.240866E+00   0.826670E+06   0.822540E+06   0.710987E+00  -0.356446E+00   0.000000E+00   0.826031E+06   0.826031E+06   0.826031E+06  -0.196333E-01   0.433065E+06   0.433057E+06   0.113961E-01
   0.246229E+00   0.805347E+06   0.801523E+06   0.662831E+00  -0.332300E+00   0.000000E+00   0.804756E+06   0.804756E+06   0.804756E+06  -0.191276E-01   0.421911E+06   0.421903E+06   0.104489E-01
   0.251592E+00   0.785039E+06   0.781488E+06   0.618888E+00  -0.310267E+00   0.000000E+00   0.784490E+06   0.784490E+06   0.784490E+06  -0.186459E-01   0.411285E+06   0.411278E+06   0.962876E-02
   0.256955E+00   0.764669E+06   0.761325E+06   0.577942E+00  -0.289738E+00   0.000000E+00   0.764152E+06   0.764152E+06   0.764152E+06  -0.181625E-01   0.400623E+06   0.400616E+06   0.898472E-02
   0.262318E+00   0.743641E+06   0.740425E+06   0.539306E+00  -0.270369E+00   0.000000E+00   0.743144E+06   0.743144E+06   0.743144E+06  -0.176632E-01   0.389609E+06   0.389602E+06   0.852204E-02
   0.267681E+00   0.721951E+06   0.718788E+06   0.502801E+00  -0.252068E+00   0.000000E+00   0.721462E+06   0.721462E+06   0.721462E+06  -0.171479E-01   0.378242E+06   0.378235E+06   0.820895E-02
   0.273044E+00   0.700013E+06   0.696852E+06   0.468548E+00  -0.234898E+00   0.000000E+00   0.699524E+06   0.699524E+06   0.699524E+06  -0.166264E-01   0.366740E+06   0.366734E+06   0.799067E-02
   0.278407E+00   0.678401E+06   0.675223E+06   0.436744E+00  -0.218955E+00   0.000000E+00   0.677909E+06   0.677909E+06   0.677909E+06  -0.161127E-01   0.355408E+06   0.355402E+06   0.780640E-02
   0.283771E+00   0.657697E+06   0.654511E+06   0.407551E+00  -0.204321E+00   0.000000E+00   0.657204E+06   0.657204E+06   0.657204E+06  -0.156206E-01   0.344554E+06   0.344547E+06   0.760501E-02
   0.289134E+00   0.638411E+06   0.635248E+06   0.381053E+00  -0.191037E+00   0.000000E+00   0.637922E+06   0.637922E+06   0.637922E+06  -0.151623E-01   0.334444E+06   0.334438E+06   0.735530E-02
   0.294497E+00   0.620844E+06   0.617743E+06   0.357191E+00  -0.179074E+00   0.000000E+00   0.620364E+06   0.620364E+06   0.620364E+06  -0.147449E-01   0.325239E+06   0.325233E+06   0.704910E-02
   0.299860E+00   0.604980E+06   0.601979E+06   0.335727E+00  -0.168313E+00   0.000000E+00   0.604516E+06   0.604516E+06   0.604516E+06  -0.143683E-01   0.316931E+06   0.316924E+06   0.669808E-02
   0.305223E+00   0.590527E+06   0.587652E+06   0.316297E+00  -0.158571E+00   0.000000E+00   0.590082E+06   0.590082E+06   0.590082E+06  -0.140252E-01   0.309363E+06   0.309358E+06   0.632673E-02
   0.310586E+00   0.577067E+06   0.574326E+06   0.298511E+00  -0.149654E+00   0.000000E+00   0.576643E+06   0.576643E+06   0.576643E+06  -0.137058E-01   0.302318E+06   0.302312E+06   0.596390E-02
   0.315949E+00   0.564181E+06   0.561565E+06   0.282027E+00  -0.141389E+00   0.000000E+00   0.563776E+06   0.563776E+06   0.563776E+06  -0.134000E-01   0.295572E+06   0.295567E+06   0.563459E-02
   0.321312E+00   0.551507E+06   0.548993E+06   0.266568E+00  -0.133639E+00   0.000000E+00   0.551118E+06   0.551118E+06   0.551118E+06  -0.130991E-01   0.288935E+06   0.288930E+06   0.535431E-02
   0.326675E+00   0.538799E+06   0.536360E+06   0.251946E+00  -0.126309E+00   0.000000E+00   0.538421E+06   0.538421E+06   0.538421E+06  -0.127973E-01   0.282279E+06   0.282274E+06   0.512686E-02
   0.332038E+00   0.525988E+06   0.523599E+06   0.238074E+00  -0.119354E+00   0.000000E+00   0.525619E+06   0.525619E+06   0.525619E+06  -0.124930E-01   0.275567E+06   0.275562E+06   0.494564E-02
   0.337401E+00   0.513182E+06   0.510822E+06   0.224950E+00  -0.112775E+00   0.000000E+00   0.512817E+06   0.512817E+06   0.512817E+06  -0.121887E-01   0.268855E+06   0.268850E+06   0.479706E-02
   0.342764E+00   0.500581E+06   0.498240E+06   0.212611E+00  -0.106589E+00   0.000000E+00   0.500219E+06   0.500219E+06   0.500219E+06  -0.118893E-01   0.262250E+06   0.262246E+06   0.466486E-02
   0.348127E+00   0.488396E+06   0.486074E+06   0.201091E+00  -0.100814E+00   0.000000E+00   0.488036E+06   0.488036E+06   0.488036E+06  -0.115998E-01   0.255864E+06   0.255859E+06   0.453430E-02
   0.353491E+00   0.476799E+06   0.474505E+06   0.190403E+00  -0.954558E-01   0.000000E+00   0.476444E+06   0.476444E+06   0.476444E+06  -0.113242E-01   0.249786E+06   0.249781E+06   0.439527E-02
   0.358854E+00   0.465897E+06   0.463644E+06   0.180529E+00  -0.905059E-01   0.000000E+00   0.465549E+06   0.465549E+06   0.465549E+06  -0.110653E-01   0.244074E+06   0.244069E+06   0.424380E-02
   0.364217E+00   0.455705E+06   0.453505E+06   0.171418E+00  -0.859381E-01   0.000000E+00   0.455365E+06   0.455365E+06   0.455365E+06  -0.108232E-01   0.238735E+06   0.238730E+06   0.408159E-02
   0.369580E+00   0.446144E+06   0.444005E+06   0.162987E+00  -0.817112E-01   0.000000E+00   0.445813E+06   0.445813E+06   0.445813E+06  -0.105962E-01   0.233727E+06   0.233723E+06   0.391436E-02
   0.374943E+00   0.437077E+06   0.435004E+06   0.155141E+00  -0.777775E-01   0.000000E+00   0.436756E+06   0.436756E+06   0.436756E+06  -0.103809E-01   0.228979E+06   0.228975E+06   0.374965E-02
   0.380306E+00   0.428361E+06   0.426352E+06   0.147790E+00  -0.740922E-01   0.000000E+00   0.428050E+06   0.428050E+06   0.428050E+06  -0.101740E-01   0.224414E+06   0.224410E+06   0.359462E-02
   0.385669E+00   0.419868E+06   0.417915E+06   0.140860E+00  -0.706178E-01   0.000000E+00   0.419566E+06   0.419566E+06   0.419566E+06  -0.997232E-02   0.219966E+06   0.219962E+06   0.345430E-02
   0.391032E+00   0.411499E+06   0.409594E+06   0.134292E+00  -0.673250E-01   0.000000E+00   0.411204E+06   0.411204E+06   0.411204E+06  -0.977359E-02   0.215583E+06   0.215579E+06   0.333063E-02
   0.396395E+00   0.403203E+06   0.401336E+06   0.128048E+00  -0.641948E-01   0.000000E+00   0.402914E+06   0.402914E+06   0.402914E+06  -0.957655E-02   0.211236E+06   0.211233E+06   0.322251E-02
   0.401758E+00   0.394993E+06   0.393156E+06   0.122114E+00  -0.612197E-01   0.000000E+00   0.394709E+06   0.394709E+06   0.394709E+06  -0.938152E-02   0.206935E+06   0.206931E+06   0.312668E-02
   0.407121E+00   0.386932E+06   0.385120E+06   0.116490E+00  -0.584005E-01   0.000000E+00   0.386651E+06   0.386651E+06   0.386651E+06  -0.919001E-02   0.202710E+06   0.202707E+06   0.303877E-02
   0.412484E+00   0.379092E+06   0.377304E+06   0.111181E+00  -0.557387E-01   0.000000E+00   0.378815E+06   0.378815E+06   0.378815E+06  -0.900375E-02   0.198602E+06   0.198598E+06   0.295448E-02
   0.417848E+00   0.371524E+06   0.369762E+06   0.106182E+00  -0.532326E-01   0.000000E+00   0.371251E+06   0.371251E+06   0.371251E+06  -0.882398E-02   0.194637E+06   0.194633E+06   0.287044E-02
   0.423211E+00   0.364260E+06   0.362526E+06   0.101483E+00  -0.508772E-01   0.000000E+00   0.363991E+06   0.363991E+06   0.363991E+06  -0.865143E-02   0.190830E+06   0.190827E+06   0.278485E-02
   0.428574E+00   0.357317E+06   0.355615E+06   0.970731E-01  -0.486662E-01   0.000000E+00   0.357053E+06   0.357053E+06   0.357053E+06  -0.848652E-02   0.187193E+06   0.187190E+06   0.269759E-02
   0.433937E+00   0.350688E+06   0.349022E+06   0.929321E-01  -0.465901E-01   0.000000E+00   0.350430E+06   0.350430E+06   0.350430E+06  -0.832910E-02   0.183721E+06   0.183717E+06   0.260986E-02
   0.439300E+00   0.344331E+06   0.342702E+06   0.890333E-01  -0.446355E-01   0.000000E+00   0.344079E+06   0.344079E+06   0.344079E+06  -0.817813E-02   0.180391E+06   0.180387E+06   0.252353E-02
   0.444663E+00   0.338183E+06   0.336591E+06   0.853474E-01  -0.427876E-01   0.000000E+00   0.337937E+06   0.337937E+06   0.337937E+06  -0.803215E-02   0.177170E+06   0.177167E+06   0.244053E-02
   0.450026E+00   0.332196E+06   0.330639E+06   0.818506E-01  -0.410345E-01   0.000000E+00   0.331956E+06   0.331956E+06   0.331956E+06  -0.788999E-02   0.174035E+06   0.174032E+06   0.236244E-02
   0.455389E+00   0.326344E+06   0.324818E+06   0.785260E-01  -0.393678E-01   0.000000E+00   0.326108E+06   0.326108E+06   0.326108E+06  -0.775100E-02   0.170969E+06   0.170966E+06   0.229013E-02
   0.460752E+00   0.320605E+06   0.319107E+06   0.753596E-01  -0.377804E-01   0.000000E+00   0.320373E+06   0.320373E+06   0.320373E+06  -0.761470E-02   0.167963E+06   0.167960E+06   0.222357E-02
   0.466115E+00   0.314964E+06   0.313491E+06   0.723397E-01  -0.362664E-01   0.000000E+00   0.314736E+06   0.314736E+06   0.314736E+06  -0.748071E-02   0.165007E+06   0.165004E+06   0.216200E-02
   0.471478E+00   0.309425E+06   0.307974E+06   0.694599E-01  -0.348226E-01   0.000000E+00   0.309201E+06   0.309201E+06   0.309201E+06  -0.734915E-02   0.162105E+06   0.162102E+06   0.210426E-02
   0.476841E+00   0.304015E+06   0.302585E+06   0.667187E-01  -0.334484E-01   0.000000E+00   0.303794E+06   0.303794E+06   0.303794E+06  -0.722063E-02   0.159270E+06   0.159267E+06   0.204909E-02
   0.482204E+00   0.298758E+06   0.297350E+06   0.641147E-01  -0.321429E-01   0.000000E+00   0.298540E+06   0.298540E+06   0.298540E+06  -0.709577E-02   0.156516E+06   0.156513E+06   0.199543E-02
   0.487568E+00   0.293664E+06   0.292277E+06   0.616426E-01  -0.309036E-01   0.000000E+00   0.293450E+06   0.293450E+06   0.293450E+06  -0.697477E-02   0.153847E+06   0.153844E+06   0.194255E-02
   0.492931E+00   0.288731E+06   0.287366E+06   0.592954E-01  -0.297269E-01   0.000000E+00   0.288520E+06   0.288520E+06   0.288520E+06  -0.685760E-02   0.151263E+06   0.151260E+06   0.189014E-02
   0.498294E+00   0.283958E+06   0.282617E+06   0.570668E-01  -0.286096E-01   0.000000E+00   0.283751E+06   0.283751E+06   0.283751E+06  -0.674425E-02   0.148762E+06   0.148760E+06   0.183834E-02
   0.503657E+00   0.279341E+06   0.278023E+06   0.549496E-01  -0.275482E-01   0.000000E+00   0.279137E+06   0.279137E+06   0.279137E+06  -0.663458E-02   0.146343E+06   0.146341E+06   0.178759E-02
   0.509020E+00   0.274861E+06   0.273566E+06   0.529350E-01  -0.265382E-01   0.000000E+00   0.274660E+06   0.274660E+06   0.274660E+06  -0.652818E-02   0.143997E+06   0.143994E+06   0.173838E-02
   0.514383E+00   0.270494E+06   0.269223E+06   0.510136E-01  -0.255749E-01   0.000000E+00   0.270298E+06   0.270298E+06   0.270298E+06  -0.642449E-02   0.141709E+06   0.141707E+06   0.169115E-02
   0.519746E+00   0.266227E+06   0.264977E+06   0.491780E-01  -0.246546E-01   0.000000E+00   0.266033E+06   0.266033E+06   0.266033E+06  -0.632313E-02   0.139474E+06   0.139471E+06   0.164620E-02
   0.525109E+00   0.262051E+06   0.260821E+06   0.474229E-01  -0.237747E-01   0.000000E+00   0.261860E+06   0.261860E+06   0.261860E+06  -0.622395E-02   0.137286E+06   0.137283E+06   0.160361E-02
   0.530472E+00   0.257962E+06   0.256752E+06   0.457438E-01  -0.229330E-01   0.000000E+00   0.257775E+06   0.257775E+06   0.257775E+06  -0.612685E-02   0.135144E+06   0.135142E+06   0.156326E-02
   0.535835E+00   0.253956E+06   0.252764E+06   0.441365E-01  -0.221272E-01   0.000000E+00   0.253772E+06   0.253772E+06   0.253772E+06  -0.603170E-02   0.133045E+06   0.133043E+06   0.152482E-02
   0.541198E+00   0.250034E+06   0.248858E+06   0.425978E-01  -0.213557E-01   0.000000E+00   0.249852E+06   0.249852E+06   0.249852E+06  -0.593853E-02   0.130990E+06   0.130988E+06   0.148794E-02
   0.546561E+00   0.246202E+06   0.245044E+06   0.411258E-01  -0.206178E-01   0.000000E+00   0.246023E+06   0.246023E+06   0.246023E+06  -0.584752E-02   0.128983E+06   0.128980E+06   0.145227E-02
   0.551925E+00   0.242469E+06   0.241327E+06   0.397189E-01  -0.199125E-01   0.000000E+00   0.242292E+06   0.242292E+06   0.242292E+06  -0.575885E-02   0.127027E+06   0.127025E+06   0.141754E-02
   0.557288E+00   0.238833E+06   0.237708E+06   0.383739E-01  -0.192382E-01   0.000000E+00   0.238659E+06   0.238659E+06   0.238659E+06  -0.567249E-02   0.125122E+06   0.125120E+06   0.138359E-02
   0.562651E+00   0.235290E+06   0.234181E+06   0.370874E-01  -0.185932E-01   0.000000E+00   0.235118E+06   0.235118E+06   0.235118E+06  -0.558834E-02   0.123266E+06   0.123264E+06   0.135036E-02
   0.568014E+00   0.231837E+06   0.230745E+06   0.358563E-01  -0.179760E-01   0.000000E+00   0.231668E+06   0.231668E+06   0.231668E+06  -0.550634E-02   0.121457E+06   0.121455E+06   0.131790E-02
   0.573377E+00   0.228473E+06   0.227398E+06   0.346781E-01  -0.173853E-01   0.000000E+00   0.228307E+06   0.228307E+06   0.228307E+06  -0.542644E-02   0.119695E+06   0.119693E+06   0.128634E-02
   0.578740E+00   0.225191E+06   0.224131E+06   0.335494E-01  -0.168195E-01   0.000000E+00   0.225027E+06   0.225027E+06   0.225027E+06  -0.534848E-02   0.117975E+06   0.117973E+06   0.125579E-02
   0.584103E+00   0.221980E+06   0.220937E+06   0.324666E-01  -0.162766E-01   0.000000E+00   0.221819E+06   0.221819E+06   0.221819E+06  -0.527223E-02   0.116293E+06   0.116291E+06   0.122633E-02
   0.589466E+00   0.218835E+06   0.217807E+06   0.314269E-01  -0.157554E-01   0.000000E+00   0.218676E+06   0.218676E+06   0.218676E+06  -0.519754E-02   0.114646E+06   0.114644E+06   0.119798E-02
   0.594829E+00   0.215756E+06   0.214742E+06   0.304284E-01  -0.152548E-01   0.000000E+00   0.215599E+06   0.215599E+06   0.215599E+06  -0.512441E-02   0.113033E+06   0.113030E+06   0.117073E-02
   0.600192E+00   0.212742E+06   0.211742E+06   0.294695E-01  -0.147741E-01   0.000000E+00   0.212587E+06   0.212587E+06   0.212587E+06  -0.505281E-02   0.111453E+06   0.111451E+06   0.114451E-02
   0.605555E+00   0.209789E+06   0.208803E+06   0.285480E-01  -0.143121E-01   0.000000E+00   0.209636E+06   0.209636E+06   0.209636E+06  -0.498268E-02   0.109906E+06   0.109904E+06   0.111921E-02
   0.610918E+00   0.206895E+06   0.205922E+06   0.276621E-01  -0.138680E-01   0.000000E+00   0.206745E+06   0.206745E+06   0.206745E+06  -0.491395E-02   0.108390E+06   0.108388E+06   0.109471E-02
   0.616281E+00   0.204063E+06   0.203103E+06   0.268107E-01  -0.134411E-01   0.000000E+00   0.203915E+06   0.203915E+06   0.203915E+06  -0.484669E-02   0.106907E+06   0.106905E+06   0.107091E-02
   0.621645E+00   0.201296E+06   0.200349E+06   0.259927E-01  -0.130311E-01   0.000000E+00   0.201150E+06   0.201150E+06   0.201150E+06  -0.478097E-02   0.105457E+06   0.105455E+06   0.104774E-02
   0.627008E+00   0.198592E+06   0.197657E+06   0.252067E-01  -0.126370E-01   0.000000E+00   0.198447E+06   0.198447E+06   0.198447E+06  -0.471673E-02   0.104040E+06   0.104038E+06   0.102517E-02
   0.674474E+00   0.176988E+06   0.176156E+06   0.194139E-01  -0.973289E-02   0.000000E+00   0.176859E+06   0.176859E+06   0.176859E+06  -0.420363E-02   0.927223E+05   0.927206E+05   0.851066E-03
   0.725535E+00   0.157611E+06   0.156870E+06   0.149407E-01  -0.749029E-02   0.000000E+00   0.157496E+06   0.157496E+06   0.157496E+06  -0.374340E-02   0.825708E+05   0.825693E+05   0.706707E-03
   0.780460E+00   0.140261E+06   0.139601E+06   0.114904E-01  -0.576054E-02   0.000000E+00   0.140159E+06   0.140159E+06   0.140159E+06  -0.333132E-02   0.734811E+05   0.734798E+05   0.586782E-03
   0.839544E+00   0.124741E+06   0.124155E+06   0.883127E-02  -0.442743E-02   0.000000E+00   0.124650E+06   0.124650E+06   0.124650E+06  -0.296272E-02   0.653507E+05   0.653494E+05   0.487140E-03
   0.903101E+00   0.110867E+06   0.110346E+06   0.678312E-02  -0.340062E-02   0.000000E+00   0.110786E+06   0.110786E+06   0.110786E+06  -0.263319E-02   0.580820E+05   0.580809E+05   0.404423E-03
   0.971469E+00   0.984769E+05   0.980141E+05   0.520688E-02  -0.261039E-02   0.000000E+00   0.984053E+05   0.984053E+05   0.984053E+05  -0.233892E-02   0.515911E+05   0.515901E+05   0.335809E-03
   0.104501E+01   0.874204E+05   0.870095E+05   0.399457E-02  -0.200262E-02   0.000000E+00   0.873568E+05   0.873568E+05   0.873568E+05  -0.207632E-02   0.457987E+05   0.457978E+05   0.278915E-03
   0.126811E+01   0.635748E+05   0.632761E+05   0.197275E-02  -0.989014E-03   0.000000E+00   0.635286E+05   0.635286E+05   0.635286E+05  -0.150996E-02   0.333063E+05   0.333056E+05   0.170912E-03
   0.158368E+01   0.439002E+05   0.436939E+05   0.873441E-03  -0.437890E-03   0.000000E+00   0.438683E+05   0.438683E+05   0.438683E+05  -0.104267E-02   0.229989E+05   0.229984E+05   0.981535E-04
   0.197777E+01   0.301820E+05   0.300401E+05   0.385029E-03  -0.193031E-03   0.000000E+00   0.301600E+05   0.301600E+05   0.301600E+05  -0.716850E-03   0.158121E+05   0.158117E+05   0.571814E-04
   0.246994E+01   0.206683E+05   0.205711E+05   0.169055E-03  -0.847551E-04   0.000000E+00   0.206532E+05   0.206532E+05   0.206532E+05  -0.490890E-03   0.108279E+05   0.108277E+05   0.340507E-04
   0.308458E+01   0.141022E+05   0.140358E+05   0.739586E-04  -0.370793E-04   0.000000E+00   0.140920E+05   0.140920E+05   0.140920E+05  -0.334941E-03   0.738802E+04   0.738783E+04   0.209035E-04
   0.385217E+01   0.959014E+04   0.954494E+04   0.322479E-04  -0.161679E-04   0.000000E+00   0.958315E+04   0.958315E+04   0.958315E+04  -0.227774E-03   0.502419E+04   0.502403E+04   0.133371E-04
   0.481078E+01   0.650161E+04   0.647089E+04   0.140175E-04  -0.702808E-05   0.000000E+00   0.649685E+04   0.649685E+04   0.649685E+04  -0.154419E-03   0.340613E+04   0.340600E+04   0.889531E-05
   0.600794E+01   0.439495E+04   0.437411E+04   0.607535E-05  -0.304621E-05   0.000000E+00   0.439173E+04   0.439173E+04   0.439173E+04  -0.104384E-03   0.230248E+04   0.230236E+04   0.621239E-05
   0.750301E+01   0.296258E+04   0.294845E+04   0.262572E-05  -0.131666E-05   0.000000E+00   0.296040E+04   0.296040E+04   0.296040E+04  -0.703633E-04   0.155207E+04   0.155197E+04   0.452980E-05
   0.937012E+01   0.199145E+04   0.198187E+04   0.113161E-05  -0.567515E-06   0.000000E+00   0.198997E+04   0.198997E+04   0.198997E+04  -0.472980E-04   0.104330E+04   0.104321E+04   0.342589E-05
   0.117019E+02   0.133471E+04   0.132820E+04   0.486238E-06  -0.243901E-06   0.000000E+00   0.133370E+04   0.133370E+04   0.133370E+04  -0.316997E-04   0.699242E+03   0.699148E+03   0.266521E-05
   0.146139E+02   0.891557E+03   0.887114E+03   0.208219E-06  -0.104476E-06   0.000000E+00   0.890870E+03   0.890870E+03   0.890870E+03  -0.211744E-04   0.467079E+03   0.466987E+03   0.211505E-05
   0.182505E+02   0.593097E+03   0.590044E+03   0.887899E-07  -0.445726E-07   0.000000E+00   0.592625E+03   0.592625E+03   0.592625E+03  -0.140856E-04   0.310719E+03   0.310626E+03   0.169933E-05
   0.227921E+02   0.392390E+03   0.390270E+03   0.376496E-07  -0.189142E-07   0.000000E+00   0.392062E+03   0.392062E+03   0.392062E+03  -0.931861E-05   0.205570E+03   0.205476E+03   0.137322E-05
   0.284639E+02   0.257564E+03   0.256070E+03   0.158356E-07  -0.796462E-08   0.000000E+00   0.257333E+03   0.257333E+03   0.257333E+03  -0.611634E-05   0.134936E+03   0.134842E+03   0.110925E-05
   0.355471E+02   0.167053E+03   0.165981E+03   0.657893E-08  -0.331491E-08   0.000000E+00   0.166887E+03   0.166887E+03   0.166887E+03  -0.396661E-05   0.875183E+02   0.874235E+02   0.889630E-06
   0.443930E+02   0.106315E+03   0.105529E+03   0.268045E-08  -0.135440E-08   0.000000E+00   0.106193E+03   0.106193E+03   0.106193E+03  -0.252402E-05   0.556980E+02   0.556045E+02   0.702171E-06
   0.554402E+02   0.655910E+02   0.650080E+02   0.105779E-08  -0.536838E-09   0.000000E+00   0.655008E+02   0.655008E+02   0.655008E+02  -0.155684E-05   0.343632E+02   0.342738E+02   0.538132E-06
   0.692364E+02   0.383868E+02   0.379559E+02   0.395454E-09  -0.202070E-09   0.000000E+00   0.383201E+02   0.383201E+02   0.383201E+02  -0.910800E-06   0.201111E+02   0.200298E+02   0.391442E-06
   0.864658E+02   0.204404E+02   0.201368E+02   0.134233E-09  -0.693208E-10   0.000000E+00   0.203935E+02   0.203935E+02   0.203935E+02  -0.484716E-06   0.107091E+02   0.106419E+02   0.258973E-06
   0.107983E+03   0.902237E+01   0.883770E+01   0.376471E-10  -0.197635E-10   0.000000E+00   0.899380E+01   0.899380E+01   0.899380E+01  -0.213767E-06   0.472708E+01   0.468117E+01   0.141831E-06
   0.134854E+03   0.242077E+01   0.235028E+01   0.638564E-11  -0.343848E-11   0.000000E+00   0.240986E+01   0.240986E+01   0.240986E+01  -0.572782E-07   0.126837E+01   0.124932E+01   0.471025E-07
   0.168412E+03  -0.520739E+00  -0.498612E+00  -0.861863E-12   0.482086E-12   0.000000E+00  -0.517316E+00  -0.517316E+00  -0.517316E+00   0.122957E-07  -0.272837E+00  -0.266553E+00  -0.124456E-07
   0.210322E+03  -0.908774E+00  -0.851911E+00  -0.931996E-12   0.553230E-12   0.000000E+00  -0.899977E+00  -0.899977E+00  -0.899977E+00   0.213908E-07  -0.476194E+00  -0.459424E+00  -0.265973E-07
   0.262660E+03  -0.199688E+00  -0.181196E+00  -0.124561E-12   0.808120E-13   0.000000E+00  -0.196827E+00  -0.196827E+00  -0.196827E+00   0.467822E-08  -0.104646E+00  -0.990796E-01  -0.706922E-08
   0.328022E+03   0.153704E+00   0.132722E+00   0.566819E-13  -0.419248E-13   0.000000E+00   0.150458E+00   0.150458E+00   0.150458E+00  -0.357612E-08   0.805533E-01   0.741937E-01   0.646734E-08
   0.409650E+03  -0.227269E-01  -0.182255E-01  -0.475176E-14   0.423814E-14   0.000000E+00  -0.220305E-01  -0.220305E-01  -0.220305E-01   0.523626E-09  -0.119087E-01  -0.105496E-01  -0.110676E-08
   0.511591E+03   0.360911E-02   0.260003E-02   0.400650E-15  -0.467629E-15   0.000000E+00   0.345300E-02   0.345300E-02   0.345300E-02  -0.820716E-10   0.189107E-02   0.158913E-02   0.196875E-09
