#          k/h    CDM            baryon         photon         nu             mass_nu        total          no_nu          total_de       Weyl           v_CDM          v_b            v_b-v_c     
   0.104501E-04   0.198309E+08   0.198309E+08   0.264274E+08   0.264270E+08   0.000000E+00   0.198309E+08   0.198309E+08   0.198387E+08  -0.471825E+00   0.103990E+08   0.103990E+08   0.136423E+01
   0.127095E-04   0.198309E+08   0.198309E+08   0.264207E+08   0.264202E+08   0.000000E+00   0.198309E+08   0.198309E+08   0.198386E+08  -0.471824E+00   0.103990E+08   0.103990E+08   0.165902E+01
   0.154573E-04   0.198309E+08   0.198309E+08   0.264109E+08   0.264102E+08   0.000000E+00   0.198309E+08   0.198309E+08   0.198386E+08  -0.471824E+00   0.103990E+08   0.103990E+08   0.201744E+01
   0.187992E-04   0.198308E+08   0.198308E+08   0.263963E+08   0.263953E+08   0.000000E+00   0.198308E+08   0.198308E+08   0.198386E+08  -0.471823E+00   0.103989E+08   0.103989E+08   0.245312E+01
   0.228637E-04   0.198308E+08   0.198308E+08   0.263749E+08   0.263734E+08   0.000000E+00   0.198308E+08   0.198308E+08   0.198385E+08  -0.471822E+00   0.103989E+08   0.103989E+08   0.298261E+01
   0.278068E-04   0.198307E+08   0.198307E+08   0.263431E+08   0.263409E+08   0.000000E+00   0.198307E+08   0.198307E+08   0.198385E+08  -0.471820E+00   0.103989E+08   0.103989E+08   0.362586E+01
   0.338188E-04   0.198306E+08   0.198306E+08   0.262962E+08   0.262929E+08   0.000000E+00   0.198306E+08   0.198306E+08   0.198384E+08  -0.471817E+00   0.103988E+08   0.103988E+08   0.440693E+01
   0.411305E-04   0.198305E+08   0.198305E+08   0.262270E+08   0.262221E+08   0.000000E+00   0.198305E+08   0.198305E+08   0.198382E+08  -0.471813E+00   0.103988E+08   0.103988E+08   0.535458E+01
   0.500230E-04   0.198303E+08   0.198303E+08   0.261249E+08   0.261177E+08   0.000000E+00   0.198303E+08   0.198303E+08   0.198380E+08  -0.471807E+00   0.103987E+08   0.103987E+08   0.650302E+01
   0.608381E-04   0.198300E+08   0.198300E+08   0.259745E+08   0.259640E+08   0.000000E+00   0.198300E+08   0.198300E+08   0.198376E+08  -0.471798E+00   0.103985E+08   0.103985E+08   0.789243E+01
   0.739915E-04   0.198296E+08   0.198296E+08   0.257536E+08   0.257381E+08   0.000000E+00   0.198296E+08   0.198296E+08   0.198371E+08  -0.471784E+00   0.103983E+08   0.103983E+08   0.956910E+01
   0.899887E-04   0.198289E+08   0.198289E+08   0.254300E+08   0.254073E+08   0.000000E+00   0.198289E+08   0.198289E+08   0.198364E+08  -0.471765E+00   0.103979E+08   0.103979E+08   0.115848E+02
   0.109444E-03   0.198280E+08   0.198279E+08   0.249582E+08   0.249252E+08   0.000000E+00   0.198280E+08   0.198280E+08   0.198353E+08  -0.471736E+00   0.103974E+08   0.103974E+08   0.139946E+02
   0.133107E-03   0.198266E+08   0.198265E+08   0.242750E+08   0.242273E+08   0.000000E+00   0.198266E+08   0.198266E+08   0.198337E+08  -0.471694E+00   0.103967E+08   0.103967E+08   0.168514E+02
   0.161885E-03   0.198245E+08   0.198244E+08   0.232962E+08   0.232278E+08   0.000000E+00   0.198245E+08   0.198245E+08   0.198313E+08  -0.471632E+00   0.103956E+08   0.103956E+08   0.201959E+02
   0.196885E-03   0.198214E+08   0.198214E+08   0.219149E+08   0.218187E+08   0.000000E+00   0.198214E+08   0.198214E+08   0.198279E+08  -0.471541E+00   0.103939E+08   0.103939E+08   0.240376E+02
   0.239452E-03   0.198170E+08   0.198169E+08   0.200105E+08   0.198781E+08   0.000000E+00   0.198170E+08   0.198170E+08   0.198228E+08  -0.471409E+00   0.103916E+08   0.103915E+08   0.283237E+02
   0.291222E-03   0.198105E+08   0.198103E+08   0.174742E+08   0.172986E+08   0.000000E+00   0.198104E+08   0.198104E+08   0.198155E+08  -0.471219E+00   0.103881E+08   0.103881E+08   0.328930E+02
   0.354185E-03   0.198010E+08   0.198007E+08   0.142699E+08   0.140497E+08   0.000000E+00   0.198010E+08   0.198010E+08   0.198051E+08  -0.470948E+00   0.103830E+08   0.103830E+08   0.374168E+02
   0.430761E-03   0.197874E+08   0.197870E+08   0.105374E+08   0.102842E+08   0.000000E+00   0.197873E+08   0.197873E+08   0.197904E+08  -0.470567E+00   0.103758E+08   0.103757E+08   0.413516E+02
   0.523892E-03   0.197679E+08   0.197674E+08   0.671131E+07   0.645834E+07   0.000000E+00   0.197679E+08   0.197679E+08   0.197698E+08  -0.470041E+00   0.103654E+08   0.103653E+08   0.439603E+02
   0.637159E-03   0.197406E+08   0.197400E+08   0.352704E+07   0.332986E+07   0.000000E+00   0.197405E+08   0.197405E+08   0.197416E+08  -0.469328E+00   0.103508E+08   0.103508E+08   0.444994E+02
   0.774915E-03   0.197029E+08   0.197020E+08   0.167337E+07   0.158427E+07   0.000000E+00   0.197027E+08   0.197027E+08   0.197032E+08  -0.468379E+00   0.103307E+08   0.103306E+08   0.426188E+02
   0.942454E-03   0.196515E+08   0.196505E+08   0.106914E+07   0.108380E+07   0.000000E+00   0.196513E+08   0.196513E+08   0.196517E+08  -0.467126E+00   0.103035E+08   0.103034E+08   0.387277E+02
   0.114621E-02   0.195827E+08   0.195815E+08   0.726199E+06   0.768143E+06   0.000000E+00   0.195825E+08   0.195825E+08   0.195827E+08  -0.465474E+00   0.102671E+08   0.102670E+08   0.337178E+02
   0.139403E-02   0.194916E+08   0.194903E+08   0.259908E+06   0.283414E+06   0.000000E+00   0.194914E+08   0.194914E+08   0.194915E+08  -0.463297E+00   0.102192E+08   0.102190E+08   0.281565E+02
   0.169542E-02   0.193725E+08   0.193711E+08   0.159728E+06  -0.168798E+06   0.000000E+00   0.193723E+08   0.193723E+08   0.193723E+08  -0.460456E+00   0.101566E+08   0.101565E+08   0.226123E+02
   0.206198E-02   0.192184E+08   0.192169E+08   0.331896E+04  -0.113190E+06   0.000000E+00   0.192181E+08   0.192181E+08   0.192181E+08  -0.456789E+00   0.100757E+08   0.100756E+08   0.180399E+02
   0.250778E-02   0.190212E+08   0.190195E+08   0.302359E+04  -0.757298E+05   0.000000E+00   0.190209E+08   0.190209E+08   0.190209E+08  -0.452098E+00   0.997220E+07   0.997209E+07   0.146158E+02
   0.304997E-02   0.187718E+08   0.187698E+08   0.130084E+03  -0.505229E+05   0.000000E+00   0.187715E+08   0.187715E+08   0.187715E+08  -0.446167E+00   0.984138E+07   0.984126E+07   0.120126E+02
   0.370939E-02   0.184603E+08   0.184578E+08  -0.122837E+05  -0.335881E+05   0.000000E+00   0.184599E+08   0.184599E+08   0.184599E+08  -0.438761E+00   0.967801E+07   0.967790E+07   0.977741E+01
   0.451137E-02   0.180761E+08   0.180730E+08  -0.144516E+05  -0.222342E+05   0.000000E+00   0.180757E+08   0.180757E+08   0.180756E+08  -0.429627E+00   0.947652E+07   0.947642E+07   0.795132E+01
   0.548674E-02   0.176082E+08   0.176042E+08  -0.118309E+05  -0.146422E+05   0.000000E+00   0.176076E+08   0.176076E+08   0.176076E+08  -0.418502E+00   0.923113E+07   0.923103E+07   0.648497E+01
   0.667298E-02   0.170454E+08   0.170400E+08  -0.104233E+05  -0.958241E+04   0.000000E+00   0.170446E+08   0.170446E+08   0.170446E+08  -0.405120E+00   0.893596E+07   0.893585E+07   0.526741E+01
   0.811570E-02   0.163765E+08   0.163691E+08  -0.552695E+04  -0.622389E+04   0.000000E+00   0.163753E+08   0.163753E+08   0.163753E+08  -0.389213E+00   0.858507E+07   0.858496E+07   0.429073E+01
   0.987034E-02   0.155919E+08   0.155819E+08   0.192779E+04  -0.400605E+04   0.000000E+00   0.155904E+08   0.155904E+08   0.155904E+08  -0.370556E+00   0.817354E+07   0.817344E+07   0.351482E+01
   0.120043E-01   0.146778E+08   0.146641E+08  -0.219611E+04  -0.254944E+04   0.000000E+00   0.146756E+08   0.146756E+08   0.146756E+08  -0.348814E+00   0.769398E+07   0.769388E+07   0.289244E+01
   0.145997E-01   0.136317E+08   0.136132E+08   0.349712E+03  -0.160066E+04   0.000000E+00   0.136289E+08   0.136289E+08   0.136289E+08  -0.323934E+00   0.714520E+07   0.714509E+07   0.240079E+01
   0.177562E-01   0.124403E+08   0.124156E+08  -0.105194E+04  -0.987484E+03   0.000000E+00   0.124365E+08   0.124365E+08   0.124365E+08  -0.295594E+00   0.652008E+07   0.651998E+07   0.200569E+01
   0.215952E-01   0.111167E+08   0.110849E+08  -0.855075E+02  -0.596503E+03   0.000000E+00   0.111118E+08   0.111118E+08   0.111118E+08  -0.264108E+00   0.582560E+07   0.582549E+07   0.167869E+01
   0.259142E-01   0.978498E+07   0.974661E+07   0.333883E+02  -0.364562E+03   0.000000E+00   0.977904E+07   0.977904E+07   0.977904E+07  -0.232430E+00   0.512688E+07   0.512677E+07   0.140750E+01
   0.302332E-01   0.862532E+07   0.858260E+07  -0.788360E+02  -0.236065E+03   0.000000E+00   0.861871E+07   0.861871E+07   0.861871E+07  -0.204851E+00   0.451856E+07   0.451845E+07   0.118551E+01
   0.345522E-01   0.763946E+07   0.759506E+07  -0.246435E+02  -0.160061E+03   0.000000E+00   0.763260E+07   0.763260E+07   0.763260E+07  -0.181413E+00   0.400157E+07   0.400147E+07   0.989935E+00
   0.388713E-01   0.682235E+07   0.677890E+07  -0.191570E+02  -0.112932E+03   0.000000E+00   0.681563E+07   0.681563E+07   0.681563E+07  -0.161995E+00   0.357326E+07   0.357317E+07   0.813341E+00
   0.431903E-01   0.616044E+07   0.612020E+07  -0.191889E+02  -0.825976E+02   0.000000E+00   0.615421E+07   0.615421E+07   0.615421E+07  -0.146275E+00   0.322650E+07   0.322641E+07   0.655154E+00
   0.475093E-01   0.563079E+07   0.559536E+07   0.124450E+03  -0.623952E+02   0.000000E+00   0.562531E+07   0.562531E+07   0.562531E+07  -0.133704E+00   0.294920E+07   0.294913E+07   0.517310E+00
   0.518284E-01   0.521331E+07   0.518347E+07   0.968287E+02  -0.485454E+02   0.000000E+00   0.520869E+07   0.520869E+07   0.520869E+07  -0.123801E+00   0.273078E+07   0.273071E+07   0.402132E+00
   0.561474E-01   0.487304E+07   0.484878E+07   0.771297E+02  -0.386680E+02   0.000000E+00   0.486929E+07   0.486929E+07   0.486929E+07  -0.115734E+00   0.255283E+07   0.255278E+07   0.310518E+00
   0.604664E-01   0.458576E+07   0.456636E+07   0.625919E+02  -0.313787E+02   0.000000E+00   0.458276E+07   0.458276E+07   0.458276E+07  -0.108924E+00   0.240260E+07   0.240256E+07   0.241974E+00
   0.647855E-01   0.432816E+07   0.431245E+07   0.514668E+02  -0.258009E+02   0.000000E+00   0.432573E+07   0.432573E+07   0.432573E+07  -0.102815E+00   0.226785E+07   0.226781E+07   0.194270E+00
   0.691045E-01   0.408436E+07   0.407096E+07   0.426889E+02  -0.214003E+02   0.000000E+00   0.408229E+07   0.408229E+07   0.408229E+07  -0.970286E-01   0.214022E+07   0.214018E+07   0.163939E+00
   0.734235E-01   0.384486E+07   0.383244E+07   0.355973E+02  -0.178452E+02   0.000000E+00   0.384294E+07   0.384294E+07   0.384294E+07  -0.913398E-01   0.201474E+07   0.201470E+07   0.146754E+00
   0.777425E-01   0.360707E+07   0.359453E+07   0.297869E+02  -0.149326E+02   0.000000E+00   0.360513E+07   0.360513E+07   0.360513E+07  -0.856874E-01   0.189006E+07   0.189003E+07   0.138310E+00
   0.820616E-01   0.337307E+07   0.335970E+07   0.249976E+02  -0.125319E+02   0.000000E+00   0.337100E+07   0.337100E+07   0.337100E+07  -0.801226E-01   0.176732E+07   0.176728E+07   0.134525E+00
   0.863806E-01   0.314840E+07   0.313392E+07   0.210554E+02  -0.105559E+02   0.000000E+00   0.314616E+07   0.314616E+07   0.314616E+07  -0.747785E-01   0.164944E+07   0.164941E+07   0.132067E+00
   0.906996E-01   0.293894E+07   0.292347E+07   0.178253E+02  -0.893675E+01   0.000000E+00   0.293655E+07   0.293655E+07   0.293655E+07  -0.697965E-01   0.153955E+07   0.153952E+07   0.128578E+00
   0.960627E-01   0.270783E+07   0.269175E+07   0.146393E+02  -0.733961E+01   0.000000E+00   0.270534E+07   0.270534E+07   0.270534E+07  -0.643012E-01   0.141834E+07   0.141831E+07   0.120943E+00
   0.101426E+00   0.251522E+07   0.249946E+07   0.121973E+02  -0.611535E+01   0.000000E+00   0.251278E+07   0.251278E+07   0.251278E+07  -0.597243E-01   0.131739E+07   0.131735E+07   0.109313E+00
   0.106789E+00   0.236207E+07   0.234755E+07   0.103332E+02  -0.518070E+01   0.000000E+00   0.235982E+07   0.235982E+07   0.235982E+07  -0.560888E-01   0.123719E+07   0.123716E+07   0.948555E-01
   0.112152E+00   0.224195E+07   0.222929E+07   0.889290E+01  -0.445847E+01   0.000000E+00   0.223999E+07   0.223999E+07   0.223999E+07  -0.532405E-01   0.117437E+07   0.117434E+07   0.795483E-01
   0.117515E+00   0.214382E+07   0.213324E+07   0.774614E+01  -0.388343E+01   0.000000E+00   0.214218E+07   0.214218E+07   0.214218E+07  -0.509159E-01   0.112309E+07   0.112306E+07   0.654268E-01
   0.122878E+00   0.205647E+07   0.204774E+07   0.679685E+01  -0.340743E+01   0.000000E+00   0.205512E+07   0.205512E+07   0.205512E+07  -0.488466E-01   0.107744E+07   0.107742E+07   0.540252E-01
   0.128241E+00   0.197104E+07   0.196363E+07   0.598150E+01  -0.299862E+01   0.000000E+00   0.196990E+07   0.196990E+07   0.196990E+07  -0.468209E-01   0.103276E+07   0.103274E+07   0.460674E-01
   0.133604E+00   0.188204E+07   0.187529E+07   0.526222E+01  -0.263802E+01   0.000000E+00   0.188099E+07   0.188099E+07   0.188099E+07  -0.447079E-01   0.986149E+06   0.986132E+06   0.414356E-01
   0.138967E+00   0.178804E+07   0.178135E+07   0.462084E+01  -0.231651E+01   0.000000E+00   0.178700E+07   0.178700E+07   0.178700E+07  -0.424739E-01   0.936873E+06   0.936857E+06   0.393700E-01
   0.144330E+00   0.169134E+07   0.168431E+07   0.405187E+01  -0.203131E+01   0.000000E+00   0.169026E+07   0.169026E+07   0.169026E+07  -0.401744E-01   0.886152E+06   0.886136E+06   0.387844E-01
   0.149694E+00   0.159624E+07   0.158870E+07   0.355459E+01  -0.178205E+01   0.000000E+00   0.159507E+07   0.159507E+07   0.159507E+07  -0.379120E-01   0.836252E+06   0.836235E+06   0.385854E-01
   0.155057E+00   0.150732E+07   0.149937E+07   0.312810E+01  -0.156827E+01   0.000000E+00   0.150609E+07   0.150609E+07   0.150609E+07  -0.357970E-01   0.789600E+06   0.789582E+06   0.379270E-01
   0.160420E+00   0.142852E+07   0.142044E+07   0.276950E+01  -0.138851E+01   0.000000E+00   0.142727E+07   0.142727E+07   0.142727E+07  -0.339237E-01   0.748281E+06   0.748263E+06   0.363539E-01
   0.165783E+00   0.136216E+07   0.135429E+07   0.247270E+01  -0.123971E+01   0.000000E+00   0.136095E+07   0.136095E+07   0.136095E+07  -0.323472E-01   0.713507E+06   0.713490E+06   0.338175E-01
   0.171146E+00   0.130791E+07   0.130056E+07   0.222782E+01  -0.111692E+01   0.000000E+00   0.130678E+07   0.130678E+07   0.130678E+07  -0.310597E-01   0.685107E+06   0.685092E+06   0.305847E-01
   0.176509E+00   0.126308E+07   0.125645E+07   0.202282E+01  -0.101413E+01   0.000000E+00   0.126205E+07   0.126205E+07   0.126205E+07  -0.299967E-01   0.661659E+06   0.661645E+06   0.270928E-01
   0.181872E+00   0.122400E+07   0.121814E+07   0.184648E+01  -0.925705E+00   0.000000E+00   0.122309E+07   0.122309E+07   0.122309E+07  -0.290708E-01   0.641234E+06   0.641221E+06   0.238006E-01
   0.187235E+00   0.118726E+07   0.118208E+07   0.169004E+01  -0.847264E+00   0.000000E+00   0.118646E+07   0.118646E+07   0.118646E+07  -0.282000E-01   0.622027E+06   0.622015E+06   0.210655E-01
   0.192598E+00   0.115013E+07   0.114543E+07   0.154735E+01  -0.775722E+00   0.000000E+00   0.114941E+07   0.114941E+07   0.114941E+07  -0.273193E-01   0.602600E+06   0.602589E+06   0.190705E-01
   0.197961E+00   0.111093E+07   0.110647E+07   0.141474E+01  -0.709240E+00   0.000000E+00   0.111024E+07   0.111024E+07   0.111024E+07  -0.263884E-01   0.582066E+06   0.582056E+06   0.178097E-01
   0.203324E+00   0.106943E+07   0.106501E+07   0.129097E+01  -0.647193E+00   0.000000E+00   0.106875E+07   0.106875E+07   0.106875E+07  -0.254022E-01   0.560312E+06   0.560302E+06   0.171270E-01
   0.208687E+00   0.102678E+07   0.102226E+07   0.117654E+01  -0.589835E+00   0.000000E+00   0.102608E+07   0.102608E+07   0.102608E+07  -0.243881E-01   0.537944E+06   0.537934E+06   0.167832E-01
   0.214050E+00   0.984795E+06   0.980130E+06   0.107253E+01  -0.537701E+00   0.000000E+00   0.984074E+06   0.984074E+06   0.984074E+06  -0.233897E-01   0.515922E+06   0.515911E+06   0.165290E-01
   0.219414E+00   0.945244E+06   0.940471E+06   0.979696E+00  -0.491164E+00   0.000000E+00   0.944506E+06   0.944506E+06   0.944506E+06  -0.224492E-01   0.495178E+06   0.495167E+06   0.161651E-01
   0.224777E+00   0.909449E+06   0.904666E+06   0.898122E+00  -0.450271E+00   0.000000E+00   0.908710E+06   0.908710E+06   0.908710E+06  -0.215984E-01   0.476411E+06   0.476401E+06   0.155789E-01
   0.230140E+00   0.878060E+06   0.873388E+06   0.827171E+00  -0.414700E+00   0.000000E+00   0.877337E+06   0.877337E+06   0.877337E+06  -0.208527E-01   0.459963E+06   0.459953E+06   0.147528E-01
   0.235503E+00   0.850939E+06   0.846488E+06   0.765540E+00  -0.383800E+00   0.000000E+00   0.850251E+06   0.850251E+06   0.850251E+06  -0.202089E-01   0.445763E+06   0.445753E+06   0.137473E-01
   0.240866E+00   0.827289E+06   0.823129E+06   0.711514E+00  -0.356711E+00   0.000000E+00   0.826646E+06   0.826646E+06   0.826646E+06  -0.196479E-01   0.433387E+06   0.433378E+06   0.126692E-01
   0.246229E+00   0.805930E+06   0.802078E+06   0.663306E+00  -0.332539E+00   0.000000E+00   0.805334E+06   0.805334E+06   0.805334E+06  -0.191414E-01   0.422214E+06   0.422205E+06   0.116347E-01
   0.251592E+00   0.785590E+06   0.782013E+06   0.619317E+00  -0.310483E+00   0.000000E+00   0.785036E+06   0.785036E+06   0.785036E+06  -0.186589E-01   0.411572E+06   0.411564E+06   0.107373E-01
   0.256955E+00   0.765189E+06   0.761821E+06   0.578331E+00  -0.289934E+00   0.000000E+00   0.764668E+06   0.764668E+06   0.764668E+06  -0.181748E-01   0.400893E+06   0.400885E+06   0.100287E-01
   0.262318E+00   0.744132E+06   0.740892E+06   0.539658E+00  -0.270546E+00   0.000000E+00   0.743631E+06   0.743631E+06   0.743631E+06  -0.176748E-01   0.389864E+06   0.389857E+06   0.951412E-02
   0.267681E+00   0.722414E+06   0.719228E+06   0.503120E+00  -0.252229E+00   0.000000E+00   0.721921E+06   0.721921E+06   0.721921E+06  -0.171588E-01   0.378482E+06   0.378475E+06   0.915963E-02
   0.273044E+00   0.700449E+06   0.697265E+06   0.468836E+00  -0.235043E+00   0.000000E+00   0.699956E+06   0.699956E+06   0.699956E+06  -0.166367E-01   0.366967E+06   0.366960E+06   0.890697E-02
   0.278407E+00   0.678811E+06   0.675610E+06   0.437004E+00  -0.219086E+00   0.000000E+00   0.678316E+06   0.678316E+06   0.678316E+06  -0.161223E-01   0.355622E+06   0.355614E+06   0.869155E-02
   0.283771E+00   0.658083E+06   0.654874E+06   0.407787E+00  -0.204440E+00   0.000000E+00   0.657587E+06   0.657587E+06   0.657587E+06  -0.156297E-01   0.344754E+06   0.344747E+06   0.845905E-02
   0.289134E+00   0.638775E+06   0.635588E+06   0.381267E+00  -0.191145E+00   0.000000E+00   0.638282E+06   0.638282E+06   0.638282E+06  -0.151708E-01   0.334633E+06   0.334626E+06   0.817638E-02
   0.294497E+00   0.621188E+06   0.618064E+06   0.357387E+00  -0.179173E+00   0.000000E+00   0.620705E+06   0.620705E+06   0.620705E+06  -0.147530E-01   0.325418E+06   0.325411E+06   0.783491E-02
   0.299860E+00   0.605307E+06   0.602284E+06   0.335906E+00  -0.168403E+00   0.000000E+00   0.604839E+06   0.604839E+06   0.604839E+06  -0.143759E-01   0.317100E+06   0.317093E+06   0.744698E-02
   0.305223E+00   0.590838E+06   0.587942E+06   0.316461E+00  -0.158654E+00   0.000000E+00   0.590390E+06   0.590390E+06   0.590390E+06  -0.140325E-01   0.309525E+06   0.309518E+06   0.703853E-02
   0.310586E+00   0.577364E+06   0.574603E+06   0.298663E+00  -0.149730E+00   0.000000E+00   0.576937E+06   0.576937E+06   0.576937E+06  -0.137128E-01   0.302472E+06   0.302466E+06   0.664006E-02
   0.315949E+00   0.564465E+06   0.561830E+06   0.282167E+00  -0.141460E+00   0.000000E+00   0.564058E+06   0.564058E+06   0.564058E+06  -0.134066E-01   0.295719E+06   0.295713E+06   0.627804E-02
   0.321312E+00   0.551779E+06   0.549247E+06   0.266698E+00  -0.133704E+00   0.000000E+00   0.551387E+06   0.551387E+06   0.551387E+06  -0.131055E-01   0.289076E+06   0.289071E+06   0.596877E-02
   0.326675E+00   0.539059E+06   0.536603E+06   0.252066E+00  -0.126369E+00   0.000000E+00   0.538679E+06   0.538679E+06   0.538679E+06  -0.128034E-01   0.282414E+06   0.282408E+06   0.571619E-02
   0.332038E+00   0.526237E+06   0.523831E+06   0.238185E+00  -0.119410E+00   0.000000E+00   0.525865E+06   0.525865E+06   0.525865E+06  -0.124989E-01   0.275696E+06   0.275690E+06   0.551320E-02
   0.337401E+00   0.513420E+06   0.511043E+06   0.225053E+00  -0.112827E+00   0.000000E+00   0.513053E+06   0.513053E+06   0.513053E+06  -0.121943E-01   0.268979E+06   0.268973E+06   0.534535E-02
   0.342764E+00   0.500809E+06   0.498451E+06   0.212706E+00  -0.106637E+00   0.000000E+00   0.500444E+06   0.500444E+06   0.500444E+06  -0.118947E-01   0.262369E+06   0.262363E+06   0.519535E-02
   0.348127E+00   0.488614E+06   0.486276E+06   0.201179E+00  -0.100859E+00   0.000000E+00   0.488252E+06   0.488252E+06   0.488252E+06  -0.116049E-01   0.255977E+06   0.255971E+06   0.504754E-02
   0.353491E+00   0.477008E+06   0.474698E+06   0.190485E+00  -0.954972E-01   0.000000E+00   0.476651E+06   0.476651E+06   0.476651E+06  -0.113291E-01   0.249895E+06   0.249889E+06   0.489121E-02
   0.358854E+00   0.466099E+06   0.463829E+06   0.180605E+00  -0.905445E-01   0.000000E+00   0.465748E+06   0.465748E+06   0.465748E+06  -0.110700E-01   0.244178E+06   0.244173E+06   0.472213E-02
   0.364217E+00   0.455899E+06   0.453683E+06   0.171490E+00  -0.859743E-01   0.000000E+00   0.455557E+06   0.455557E+06   0.455557E+06  -0.108278E-01   0.238835E+06   0.238830E+06   0.454209E-02
   0.369580E+00   0.446331E+06   0.444178E+06   0.163054E+00  -0.817452E-01   0.000000E+00   0.445998E+06   0.445998E+06   0.445998E+06  -0.106006E-01   0.233824E+06   0.233819E+06   0.435716E-02
   0.374943E+00   0.437259E+06   0.435171E+06   0.155204E+00  -0.778094E-01   0.000000E+00   0.436936E+06   0.436936E+06   0.436936E+06  -0.103852E-01   0.229073E+06   0.229068E+06   0.417531E-02
   0.380306E+00   0.428537E+06   0.426513E+06   0.147850E+00  -0.741223E-01   0.000000E+00   0.428224E+06   0.428224E+06   0.428224E+06  -0.101781E-01   0.224506E+06   0.224501E+06   0.400409E-02
   0.385669E+00   0.420038E+06   0.418072E+06   0.140916E+00  -0.706462E-01   0.000000E+00   0.419734E+06   0.419734E+06   0.419734E+06  -0.997633E-02   0.220055E+06   0.220050E+06   0.384882E-02
   0.391032E+00   0.411664E+06   0.409746E+06   0.134345E+00  -0.673518E-01   0.000000E+00   0.411368E+06   0.411368E+06   0.411368E+06  -0.977747E-02   0.215668E+06   0.215664E+06   0.371151E-02
   0.396395E+00   0.403364E+06   0.401484E+06   0.128098E+00  -0.642200E-01   0.000000E+00   0.403073E+06   0.403073E+06   0.403073E+06  -0.958032E-02   0.211320E+06   0.211315E+06   0.359098E-02
   0.401758E+00   0.395149E+06   0.393299E+06   0.122161E+00  -0.612435E-01   0.000000E+00   0.394862E+06   0.394862E+06   0.394862E+06  -0.938517E-02   0.207015E+06   0.207011E+06   0.348372E-02
   0.407121E+00   0.387082E+06   0.385258E+06   0.116535E+00  -0.584229E-01   0.000000E+00   0.386800E+06   0.386800E+06   0.386800E+06  -0.919355E-02   0.202788E+06   0.202784E+06   0.338510E-02
   0.412484E+00   0.379238E+06   0.377438E+06   0.111223E+00  -0.557599E-01   0.000000E+00   0.378959E+06   0.378959E+06   0.378959E+06  -0.900718E-02   0.198678E+06   0.198674E+06   0.329053E-02
   0.417848E+00   0.371666E+06   0.369891E+06   0.106221E+00  -0.532527E-01   0.000000E+00   0.371392E+06   0.371392E+06   0.371392E+06  -0.882731E-02   0.194710E+06   0.194706E+06   0.319645E-02
   0.423211E+00   0.364398E+06   0.362652E+06   0.101521E+00  -0.508963E-01   0.000000E+00   0.364128E+06   0.364128E+06   0.364128E+06  -0.865467E-02   0.190902E+06   0.190898E+06   0.310093E-02
   0.428574E+00   0.357451E+06   0.355738E+06   0.971090E-01  -0.486843E-01   0.000000E+00   0.357186E+06   0.357186E+06   0.357186E+06  -0.848968E-02   0.187263E+06   0.187259E+06   0.300385E-02
   0.433937E+00   0.350820E+06   0.349142E+06   0.929662E-01  -0.466074E-01   0.000000E+00   0.350560E+06   0.350560E+06   0.350560E+06  -0.833218E-02   0.183789E+06   0.183785E+06   0.290647E-02
   0.439300E+00   0.344459E+06   0.342819E+06   0.890658E-01  -0.446519E-01   0.000000E+00   0.344205E+06   0.344205E+06   0.344205E+06  -0.818114E-02   0.180457E+06   0.180453E+06   0.281076E-02
   0.444663E+00   0.338309E+06   0.336705E+06   0.853785E-01  -0.428033E-01   0.000000E+00   0.338060E+06   0.338060E+06   0.338060E+06  -0.803509E-02   0.177236E+06   0.177232E+06   0.271877E-02
   0.450026E+00   0.332320E+06   0.330751E+06   0.818803E-01  -0.410495E-01   0.000000E+00   0.332077E+06   0.332077E+06   0.332077E+06  -0.789287E-02   0.174098E+06   0.174095E+06   0.263215E-02
   0.455389E+00   0.326465E+06   0.324928E+06   0.785544E-01  -0.393821E-01   0.000000E+00   0.326227E+06   0.326227E+06   0.326227E+06  -0.775383E-02   0.171031E+06   0.171028E+06   0.255182E-02
   0.460752E+00   0.320723E+06   0.319214E+06   0.753867E-01  -0.377940E-01   0.000000E+00   0.320490E+06   0.320490E+06   0.320490E+06  -0.761746E-02   0.168024E+06   0.168020E+06   0.247773E-02
   0.466115E+00   0.315079E+06   0.313595E+06   0.723656E-01  -0.362795E-01   0.000000E+00   0.314850E+06   0.314850E+06   0.314850E+06  -0.748341E-02   0.165067E+06   0.165063E+06   0.240908E-02
   0.471478E+00   0.309538E+06   0.308077E+06   0.694846E-01  -0.348351E-01   0.000000E+00   0.309312E+06   0.309312E+06   0.309312E+06  -0.735179E-02   0.162163E+06   0.162160E+06   0.234460E-02
   0.476841E+00   0.304125E+06   0.302685E+06   0.667424E-01  -0.334604E-01   0.000000E+00   0.303902E+06   0.303902E+06   0.303902E+06  -0.722321E-02   0.159327E+06   0.159324E+06   0.228298E-02
   0.482204E+00   0.298866E+06   0.297448E+06   0.641374E-01  -0.321544E-01   0.000000E+00   0.298647E+06   0.298647E+06   0.298647E+06  -0.709830E-02   0.156572E+06   0.156569E+06   0.222307E-02
   0.487568E+00   0.293770E+06   0.292373E+06   0.616643E-01  -0.309146E-01   0.000000E+00   0.293554E+06   0.293554E+06   0.293554E+06  -0.697725E-02   0.153902E+06   0.153899E+06   0.216409E-02
   0.492931E+00   0.288835E+06   0.287460E+06   0.593163E-01  -0.297374E-01   0.000000E+00   0.288622E+06   0.288622E+06   0.288622E+06  -0.686004E-02   0.151316E+06   0.151313E+06   0.210573E-02
   0.498294E+00   0.284060E+06   0.282709E+06   0.570868E-01  -0.286197E-01   0.000000E+00   0.283851E+06   0.283851E+06   0.283851E+06  -0.674664E-02   0.148815E+06   0.148812E+06   0.204812E-02
   0.503657E+00   0.279441E+06   0.278113E+06   0.549689E-01  -0.275579E-01   0.000000E+00   0.279235E+06   0.279235E+06   0.279235E+06  -0.663693E-02   0.146395E+06   0.146392E+06   0.199171E-02
   0.509020E+00   0.274959E+06   0.273655E+06   0.529536E-01  -0.265475E-01   0.000000E+00   0.274757E+06   0.274757E+06   0.274757E+06  -0.653049E-02   0.144047E+06   0.144044E+06   0.193705E-02
   0.514383E+00   0.270591E+06   0.269311E+06   0.510315E-01  -0.255839E-01   0.000000E+00   0.270393E+06   0.270393E+06   0.270393E+06  -0.642676E-02   0.141759E+06   0.141756E+06   0.188457E-02
   0.519746E+00   0.266322E+06   0.265063E+06   0.491952E-01  -0.246633E-01   0.000000E+00   0.266127E+06   0.266127E+06   0.266127E+06  -0.632536E-02   0.139523E+06   0.139520E+06   0.183459E-02
   0.525109E+00   0.262144E+06   0.260906E+06   0.474395E-01  -0.237831E-01   0.000000E+00   0.261953E+06   0.261953E+06   0.261953E+06  -0.622615E-02   0.137334E+06   0.137332E+06   0.178721E-02
   0.530472E+00   0.258054E+06   0.256835E+06   0.457598E-01  -0.229410E-01   0.000000E+00   0.257866E+06   0.257866E+06   0.257866E+06  -0.612901E-02   0.135192E+06   0.135189E+06   0.174227E-02
   0.535835E+00   0.254047E+06   0.252846E+06   0.441519E-01  -0.221349E-01   0.000000E+00   0.253861E+06   0.253861E+06   0.253861E+06  -0.603383E-02   0.133092E+06   0.133090E+06   0.169944E-02
   0.541198E+00   0.250123E+06   0.248939E+06   0.426126E-01  -0.213632E-01   0.000000E+00   0.249940E+06   0.249940E+06   0.249940E+06  -0.594062E-02   0.131036E+06   0.131034E+06   0.165832E-02
   0.546561E+00   0.246290E+06   0.245123E+06   0.411402E-01  -0.206251E-01   0.000000E+00   0.246109E+06   0.246109E+06   0.246109E+06  -0.584958E-02   0.129028E+06   0.129026E+06   0.161855E-02
   0.551925E+00   0.242555E+06   0.241405E+06   0.397327E-01  -0.199194E-01   0.000000E+00   0.242377E+06   0.242377E+06   0.242377E+06  -0.576087E-02   0.127072E+06   0.127069E+06   0.157984E-02
   0.557288E+00   0.238918E+06   0.237785E+06   0.383872E-01  -0.192449E-01   0.000000E+00   0.238743E+06   0.238743E+06   0.238743E+06  -0.567449E-02   0.125166E+06   0.125163E+06   0.154203E-02
   0.562651E+00   0.235374E+06   0.234257E+06   0.371003E-01  -0.185997E-01   0.000000E+00   0.235201E+06   0.235201E+06   0.235201E+06  -0.559031E-02   0.123309E+06   0.123307E+06   0.150504E-02
   0.568014E+00   0.231920E+06   0.230820E+06   0.358688E-01  -0.179824E-01   0.000000E+00   0.231750E+06   0.231750E+06   0.231750E+06  -0.550828E-02   0.121500E+06   0.121497E+06   0.146893E-02
   0.573377E+00   0.228555E+06   0.227472E+06   0.346902E-01  -0.173915E-01   0.000000E+00   0.228387E+06   0.228387E+06   0.228387E+06  -0.542835E-02   0.119737E+06   0.119734E+06   0.143382E-02
   0.578740E+00   0.225271E+06   0.224204E+06   0.335611E-01  -0.168254E-01   0.000000E+00   0.225106E+06   0.225106E+06   0.225106E+06  -0.535037E-02   0.118017E+06   0.118014E+06   0.139984E-02
   0.584103E+00   0.222059E+06   0.221008E+06   0.324779E-01  -0.162823E-01   0.000000E+00   0.221897E+06   0.221897E+06   0.221897E+06  -0.527409E-02   0.116334E+06   0.116332E+06   0.136706E-02
   0.589466E+00   0.218914E+06   0.217878E+06   0.314378E-01  -0.157609E-01   0.000000E+00   0.218753E+06   0.218753E+06   0.218753E+06  -0.519938E-02   0.114686E+06   0.114684E+06   0.133551E-02
   0.594829E+00   0.215833E+06   0.214812E+06   0.304391E-01  -0.152602E-01   0.000000E+00   0.215675E+06   0.215675E+06   0.215675E+06  -0.512622E-02   0.113072E+06   0.113070E+06   0.130517E-02
   0.600192E+00   0.212818E+06   0.211811E+06   0.294798E-01  -0.147793E-01   0.000000E+00   0.212662E+06   0.212662E+06   0.212662E+06  -0.505460E-02   0.111493E+06   0.111490E+06   0.127597E-02
   0.605555E+00   0.209864E+06   0.208871E+06   0.285580E-01  -0.143172E-01   0.000000E+00   0.209710E+06   0.209710E+06   0.209710E+06  -0.498444E-02   0.109945E+06   0.109943E+06   0.124779E-02
   0.610918E+00   0.206969E+06   0.205990E+06   0.276718E-01  -0.138729E-01   0.000000E+00   0.206818E+06   0.206818E+06   0.206818E+06  -0.491569E-02   0.108429E+06   0.108426E+06   0.122049E-02
   0.616281E+00   0.204137E+06   0.203170E+06   0.268201E-01  -0.134459E-01   0.000000E+00   0.203987E+06   0.203987E+06   0.203987E+06  -0.484841E-02   0.106945E+06   0.106942E+06   0.119398E-02
   0.621645E+00   0.201369E+06   0.200415E+06   0.260019E-01  -0.130357E-01   0.000000E+00   0.201221E+06   0.201221E+06   0.201221E+06  -0.478266E-02   0.105494E+06   0.105492E+06   0.116818E-02
   0.627008E+00   0.198663E+06   0.197722E+06   0.252156E-01  -0.126415E-01   0.000000E+00   0.198518E+06   0.198518E+06   0.198518E+06  -0.471841E-02   0.104077E+06   0.104075E+06   0.114304E-02
   0.674474E+00   0.177053E+06   0.176215E+06   0.194209E-01  -0.973639E-02   0.000000E+00   0.176923E+06   0.176923E+06   0.176923E+06  -0.420514E-02   0.927556E+05   0.927537E+05   0.949216E-03
   0.725535E+00   0.157669E+06   0.156923E+06   0.149461E-01  -0.749302E-02   0.000000E+00   0.157554E+06   0.157554E+06   0.157554E+06  -0.374477E-02   0.826009E+05   0.825992E+05   0.788463E-03
   0.780460E+00   0.140313E+06   0.139649E+06   0.114946E-01  -0.576267E-02   0.000000E+00   0.140211E+06   0.140211E+06   0.140211E+06  -0.333255E-02   0.735084E+05   0.735069E+05   0.654903E-03
   0.839544E+00   0.124789E+06   0.124198E+06   0.883459E-02  -0.442910E-02   0.000000E+00   0.124698E+06   0.124698E+06   0.124698E+06  -0.296384E-02   0.653754E+05   0.653740E+05   0.543923E-03
   0.903101E+00   0.110910E+06   0.110385E+06   0.678571E-02  -0.340193E-02   0.000000E+00   0.110829E+06   0.110829E+06   0.110829E+06  -0.263420E-02   0.581044E+05   0.581032E+05   0.451781E-03
   0.971469E+00   0.985161E+05   0.980500E+05   0.520891E-02  -0.261142E-02   0.000000E+00   0.984440E+05   0.984440E+05   0.984440E+05  -0.233984E-02   0.516114E+05   0.516103E+05   0.375337E-03
   0.104501E+01   0.874559E+05   0.870421E+05   0.399616E-02  -0.200343E-02   0.000000E+00   0.873919E+05   0.873919E+05   0.873919E+05  -0.207715E-02   0.458171E+05   0.458161E+05   0.311941E-03
   0.126811E+01   0.636020E+05   0.633011E+05   0.197358E-02  -0.989432E-03   0.000000E+00   0.635555E+05   0.635555E+05   0.635555E+05  -0.151060E-02   0.333203E+05   0.333196E+05   0.191548E-03
   0.158368E+01   0.439201E+05   0.437123E+05   0.873829E-03  -0.438086E-03   0.000000E+00   0.438880E+05   0.438880E+05   0.438880E+05  -0.104314E-02   0.230092E+05   0.230087E+05   0.110378E-03
   0.197777E+01   0.301966E+05   0.300537E+05   0.385212E-03  -0.193123E-03   0.000000E+00   0.301745E+05   0.301745E+05   0.301745E+05  -0.717193E-03   0.158196E+05   0.158192E+05   0.646107E-04
   0.246994E+01   0.206791E+05   0.205811E+05   0.169142E-03  -0.847989E-04   0.000000E+00   0.206639E+05   0.206639E+05   0.206639E+05  -0.491144E-03   0.108335E+05   0.108332E+05   0.387226E-04
   0.308458E+01   0.141103E+05   0.140434E+05   0.740003E-04  -0.371005E-04   0.000000E+00   0.141000E+05   0.141000E+05   0.141000E+05  -0.335131E-03   0.739224E+04   0.739202E+04   0.239660E-04
   0.385217E+01   0.959642E+04   0.955085E+04   0.322686E-04  -0.161784E-04   0.000000E+00   0.958937E+04   0.958937E+04   0.958937E+04  -0.227922E-03   0.502745E+04   0.502727E+04   0.154381E-04
   0.481078E+01   0.650668E+04   0.647569E+04   0.140282E-04  -0.703351E-05   0.000000E+00   0.650189E+04   0.650189E+04   0.650189E+04  -0.154538E-03   0.340877E+04   0.340862E+04   0.104033E-04
   0.600794E+01   0.439927E+04   0.437823E+04   0.608120E-05  -0.304919E-05   0.000000E+00   0.439602E+04   0.439602E+04   0.439602E+04  -0.104485E-03   0.230472E+04   0.230459E+04   0.733934E-05
   0.750301E+01   0.296647E+04   0.295218E+04   0.262910E-05  -0.131838E-05   0.000000E+00   0.296426E+04   0.296426E+04   0.296426E+04  -0.704552E-04   0.155410E+04   0.155398E+04   0.540047E-05
   0.937012E+01   0.199515E+04   0.198544E+04   0.113368E-05  -0.568564E-06   0.000000E+00   0.199365E+04   0.199365E+04   0.199365E+04  -0.473855E-04   0.104523E+04   0.104512E+04   0.411591E-05
   0.117019E+02   0.133840E+04   0.133177E+04   0.487556E-06  -0.244571E-06   0.000000E+00   0.133737E+04   0.133737E+04   0.133737E+04  -0.317869E-04   0.701166E+03   0.701053E+03   0.322235E-05
   0.146139E+02   0.895357E+03   0.890811E+03   0.209090E-06  -0.104920E-06   0.000000E+00   0.894654E+03   0.894654E+03   0.894654E+03  -0.212643E-04   0.469063E+03   0.468950E+03   0.257102E-05
   0.182505E+02   0.597102E+03   0.593953E+03   0.893792E-07  -0.448725E-07   0.000000E+00   0.596615E+03   0.596615E+03   0.596615E+03  -0.141805E-04   0.312811E+03   0.312697E+03   0.207638E-05
   0.227921E+02   0.396666E+03   0.394452E+03   0.380533E-07  -0.191197E-07   0.000000E+00   0.396324E+03   0.396324E+03   0.396324E+03  -0.941990E-05   0.207805E+03   0.207689E+03   0.168784E-05
   0.284639E+02   0.262155E+03   0.260565E+03   0.161135E-07  -0.810618E-08   0.000000E+00   0.261909E+03   0.261909E+03   0.261909E+03  -0.622512E-05   0.137336E+03   0.137218E+03   0.137430E-05
   0.355471E+02   0.171977E+03   0.170806E+03   0.677008E-08  -0.341237E-08   0.000000E+00   0.171796E+03   0.171796E+03   0.171796E+03  -0.408329E-05   0.900925E+02   0.899736E+02   0.111558E-05
   0.443930E+02   0.111558E+03   0.110667E+03   0.281085E-08  -0.142103E-08   0.000000E+00   0.111420E+03   0.111420E+03   0.111420E+03  -0.264825E-05   0.584392E+02   0.583198E+02   0.897769E-06
   0.554402E+02   0.710904E+02   0.703937E+02   0.114535E-08  -0.581744E-09   0.000000E+00   0.709826E+02   0.709826E+02   0.709826E+02  -0.168713E-05   0.372389E+02   0.371208E+02   0.710699E-06
   0.692364E+02   0.440069E+02   0.434513E+02   0.452656E-09  -0.231590E-09   0.000000E+00   0.439210E+02   0.439210E+02   0.439210E+02  -0.104392E-05   0.230504E+02   0.229369E+02   0.546670E-06
   0.864658E+02   0.259385E+02   0.254973E+02   0.169933E-09  -0.879278E-10   0.000000E+00   0.258702E+02   0.258702E+02   0.258702E+02  -0.614889E-06   0.135849E+02   0.134812E+02   0.400097E-06
   0.107983E+03   0.140163E+02   0.136829E+02   0.582691E-10  -0.306811E-10   0.000000E+00   0.139647E+02   0.139647E+02   0.139647E+02  -0.331916E-06   0.733959E+01   0.725285E+01   0.267955E-06
   0.134854E+03   0.639694E+01   0.617805E+01   0.167782E-10  -0.907570E-11   0.000000E+00   0.636307E+01   0.636307E+01   0.636307E+01  -0.151239E-06   0.334889E+01   0.328782E+01   0.151063E-06
   0.168412E+03   0.192142E+01   0.182507E+01   0.315126E-11  -0.177654E-11   0.000000E+00   0.190652E+01   0.190652E+01   0.190652E+01  -0.453145E-07   0.100550E+01   0.977359E+00   0.557471E-07
   0.210322E+03  -0.178477E+00  -0.165211E+00  -0.180619E-12   0.108284E-12   0.000000E+00  -0.176425E+00  -0.176425E+00  -0.176425E+00   0.419330E-08  -0.933329E-01  -0.893661E-01  -0.629147E-08
   0.262660E+03  -0.591126E+00  -0.526135E+00  -0.361173E-12   0.238101E-12   0.000000E+00  -0.581071E+00  -0.581071E+00  -0.581071E+00   0.138110E-07  -0.308862E+00  -0.289112E+00  -0.250820E-07
   0.328022E+03  -0.191101E+00  -0.160251E+00  -0.683069E-13   0.517346E-13   0.000000E+00  -0.186329E+00  -0.186329E+00  -0.186329E+00   0.442870E-08  -0.997130E-01  -0.903217E-01  -0.955042E-08
   0.409650E+03   0.906034E-01   0.695231E-01   0.180751E-13  -0.167125E-13   0.000000E+00   0.873422E-01   0.873422E-01   0.873422E-01  -0.207597E-08   0.471794E-01   0.408230E-01   0.517604E-08
   0.511591E+03   0.175968E-02   0.118697E-02   0.180950E-15  -0.226010E-15   0.000000E+00   0.167108E-02   0.167108E-02   0.167108E-02  -0.397186E-10   0.915006E-03   0.744821E-03   0.110968E-09
