#           k/h    P           
   0.104501E-04   0.495834E+02
   0.127096E-04   0.599384E+02
   0.154576E-04   0.724558E+02
   0.187998E-04   0.875873E+02
   0.228647E-04   0.105879E+03
   0.278084E-04   0.127990E+03
   0.338210E-04   0.154718E+03
   0.411337E-04   0.187027E+03
   0.500274E-04   0.226081E+03
   0.608442E-04   0.273288E+03
   0.739997E-04   0.330347E+03
   0.899996E-04   0.399310E+03
   0.109459E-03   0.482656E+03
   0.133126E-03   0.583372E+03
   0.161910E-03   0.705056E+03
   0.196917E-03   0.852038E+03
   0.239494E-03   0.102951E+04
   0.291277E-03   0.124370E+04
   0.354256E-03   0.150199E+04
   0.430851E-03   0.181317E+04
   0.524009E-03   0.218752E+04
   0.637308E-03   0.263705E+04
   0.775104E-03   0.317557E+04
   0.942694E-03   0.381873E+04
   0.114652E-02   0.458390E+04
   0.139442E-02   0.548972E+04
   0.169591E-02   0.655526E+04
   0.206260E-02   0.779859E+04
   0.250856E-02   0.923466E+04
   0.305096E-02   0.108722E+05
   0.371062E-02   0.127099E+05
   0.451292E-02   0.147310E+05
   0.548869E-02   0.168968E+05
   0.667543E-02   0.191396E+05
   0.811877E-02   0.213547E+05
   0.987418E-02   0.233978E+05
   0.120091E-01   0.250612E+05
   0.146057E-01   0.261257E+05
   0.177637E-01   0.262954E+05
   0.216045E-01   0.253737E+05
   0.259254E-01   0.234478E+05
   0.302463E-01   0.211474E+05
   0.345672E-01   0.188769E+05
   0.388881E-01   0.168742E+05
   0.432090E-01   0.152400E+05
   0.475299E-01   0.139691E+05
   0.518508E-01   0.130343E+05
   0.561717E-01   0.123135E+05
   0.604926E-01   0.117225E+05
   0.648135E-01   0.111698E+05
   0.691344E-01   0.105928E+05
   0.734553E-01   0.995754E+04
   0.777762E-01   0.926477E+04
   0.820971E-01   0.853881E+04
   0.864180E-01   0.781971E+04
   0.907389E-01   0.714545E+04
   0.961016E-01   0.641620E+04
   0.101464E+00   0.583889E+04
   0.106827E+00   0.541730E+04
   0.112190E+00   0.512168E+04
   0.117552E+00   0.490347E+04
   0.122915E+00   0.471411E+04
   0.128278E+00   0.451547E+04
   0.133640E+00   0.428478E+04
   0.139003E+00   0.401852E+04
   0.144366E+00   0.373051E+04
   0.149728E+00   0.344279E+04
   0.155091E+00   0.317697E+04
   0.160454E+00   0.294985E+04
   0.165817E+00   0.276990E+04
   0.171179E+00   0.263458E+04
   0.176542E+00   0.253243E+04
   0.181905E+00   0.244883E+04
   0.187267E+00   0.237035E+04
   0.192630E+00   0.228642E+04
   0.197993E+00   0.219087E+04
   0.203355E+00   0.208355E+04
   0.208718E+00   0.196977E+04
   0.214081E+00   0.185712E+04
   0.219443E+00   0.175253E+04
   0.224806E+00   0.166083E+04
   0.230169E+00   0.158410E+04
   0.235531E+00   0.152152E+04
   0.240894E+00   0.147000E+04
   0.246257E+00   0.142529E+04
   0.251620E+00   0.138291E+04
   0.256982E+00   0.133915E+04
   0.262345E+00   0.129206E+04
   0.267708E+00   0.124183E+04
   0.273070E+00   0.119009E+04
   0.278433E+00   0.113894E+04
   0.283796E+00   0.109041E+04
   0.289158E+00   0.104616E+04
   0.294521E+00   0.100714E+04
   0.299884E+00   0.973196E+03
   0.305246E+00   0.943317E+03
   0.310609E+00   0.916131E+03
   0.315972E+00   0.890306E+03
   0.321334E+00   0.864721E+03
   0.326697E+00   0.838644E+03
   0.332060E+00   0.811913E+03
   0.337423E+00   0.784912E+03
   0.342785E+00   0.758301E+03
   0.348148E+00   0.732743E+03
   0.353511E+00   0.708756E+03
   0.358873E+00   0.686642E+03
   0.364236E+00   0.666422E+03
   0.369599E+00   0.647850E+03
   0.374961E+00   0.630517E+03
   0.380324E+00   0.613999E+03
   0.385687E+00   0.597935E+03
   0.391049E+00   0.582057E+03
   0.396412E+00   0.566232E+03
   0.401775E+00   0.550510E+03
   0.407137E+00   0.535080E+03
   0.412500E+00   0.520153E+03
   0.417863E+00   0.505870E+03
   0.423226E+00   0.492315E+03
   0.428588E+00   0.479529E+03
   0.433951E+00   0.467491E+03
   0.439314E+00   0.456082E+03
   0.444676E+00   0.445135E+03
   0.450039E+00   0.434525E+03
   0.455402E+00   0.424180E+03
   0.460764E+00   0.414053E+03
   0.466127E+00   0.404106E+03
   0.471490E+00   0.394355E+03
   0.476852E+00   0.384869E+03
   0.482215E+00   0.375715E+03
   0.487578E+00   0.366914E+03
   0.492940E+00   0.358463E+03
   0.498303E+00   0.350357E+03
   0.503666E+00   0.342582E+03
   0.509028E+00   0.335096E+03
   0.514391E+00   0.327841E+03
   0.519754E+00   0.320779E+03
   0.525117E+00   0.313895E+03
   0.530479E+00   0.307179E+03
   0.535842E+00   0.300623E+03
   0.541205E+00   0.294228E+03
   0.546567E+00   0.288012E+03
   0.551930E+00   0.281992E+03
   0.557293E+00   0.276169E+03
   0.562655E+00   0.270530E+03
   0.568018E+00   0.265069E+03
   0.573381E+00   0.259782E+03
   0.578743E+00   0.254653E+03
   0.584106E+00   0.249661E+03
   0.589469E+00   0.244792E+03
   0.594832E+00   0.240044E+03
   0.600194E+00   0.235418E+03
   0.605557E+00   0.230905E+03
   0.610920E+00   0.226503E+03
   0.616282E+00   0.222215E+03
   0.621645E+00   0.218048E+03
   0.627008E+00   0.213999E+03
   0.680214E+00   0.179020E+03
   0.737935E+00   0.149481E+03
   0.800554E+00   0.124611E+03
   0.868486E+00   0.103710E+03
   0.942183E+00   0.861800E+02
   0.101542E+01   0.726007E+02
   0.126811E+01   0.433312E+02
   0.158368E+01   0.256106E+02
   0.197777E+01   0.150021E+02
   0.246994E+01   0.871523E+01
   0.308458E+01   0.502326E+01
   0.385217E+01   0.287301E+01
   0.481078E+01   0.163013E+01
   0.600794E+01   0.916791E+00
   0.750301E+01   0.510139E+00
   0.937012E+01   0.279902E+00
   0.117019E+02   0.150530E+00
   0.146139E+02   0.785279E-01
   0.182505E+02   0.390289E-01
   0.227921E+02   0.179009E-01
   0.284639E+02   0.714320E-02
   0.355471E+02   0.219926E-02
   0.443930E+02   0.384209E-03
   0.554402E+02   0.638678E-05
   0.692364E+02   0.181562E-04
   0.864658E+02   0.826863E-05
   0.107983E+03   0.290189E-06
   0.134854E+03   0.167646E-06
   0.168412E+03   0.675575E-07
   0.210322E+03   0.923556E-08
   0.262660E+03   0.204645E-09
   0.328022E+03   0.133668E-09
