#          k/h    CDM            baryon         photon         nu             mass_nu        total          no_nu          total_de       Weyl           v_CDM          v_b            v_b-v_c     
   0.104501E-04   0.198309E+08   0.198309E+08   0.264274E+08   0.264270E+08   0.000000E+00   0.198309E+08   0.198309E+08   0.198387E+08  -0.471824E+00   0.103990E+08   0.103990E+08   0.138730E+01
   0.127096E-04   0.198309E+08   0.198309E+08   0.264208E+08   0.264202E+08   0.000000E+00   0.198309E+08   0.198309E+08   0.198386E+08  -0.471824E+00   0.103990E+08   0.103990E+08   0.168711E+01
   0.154576E-04   0.198309E+08   0.198309E+08   0.264110E+08   0.264102E+08   0.000000E+00   0.198309E+08   0.198309E+08   0.198386E+08  -0.471823E+00   0.103990E+08   0.103990E+08   0.205163E+01
   0.187998E-04   0.198308E+08   0.198308E+08   0.263965E+08   0.263953E+08   0.000000E+00   0.198308E+08   0.198308E+08   0.198386E+08  -0.471823E+00   0.103990E+08   0.103990E+08   0.249475E+01
   0.228647E-04   0.198308E+08   0.198308E+08   0.263752E+08   0.263733E+08   0.000000E+00   0.198308E+08   0.198308E+08   0.198385E+08  -0.471821E+00   0.103989E+08   0.103989E+08   0.303331E+01
   0.278084E-04   0.198307E+08   0.198307E+08   0.263436E+08   0.263409E+08   0.000000E+00   0.198307E+08   0.198307E+08   0.198385E+08  -0.471819E+00   0.103989E+08   0.103989E+08   0.368763E+01
   0.338210E-04   0.198306E+08   0.198306E+08   0.262969E+08   0.262929E+08   0.000000E+00   0.198306E+08   0.198306E+08   0.198384E+08  -0.471817E+00   0.103989E+08   0.103989E+08   0.448221E+01
   0.411337E-04   0.198305E+08   0.198305E+08   0.262279E+08   0.262221E+08   0.000000E+00   0.198305E+08   0.198305E+08   0.198382E+08  -0.471812E+00   0.103988E+08   0.103988E+08   0.544639E+01
   0.500274E-04   0.198303E+08   0.198303E+08   0.261263E+08   0.261177E+08   0.000000E+00   0.198303E+08   0.198303E+08   0.198380E+08  -0.471806E+00   0.103987E+08   0.103987E+08   0.661511E+01
   0.608442E-04   0.198300E+08   0.198300E+08   0.259766E+08   0.259639E+08   0.000000E+00   0.198300E+08   0.198300E+08   0.198376E+08  -0.471797E+00   0.103985E+08   0.103985E+08   0.802947E+01
   0.739997E-04   0.198296E+08   0.198296E+08   0.257566E+08   0.257380E+08   0.000000E+00   0.198296E+08   0.198296E+08   0.198371E+08  -0.471784E+00   0.103983E+08   0.103983E+08   0.973699E+01
   0.899996E-04   0.198289E+08   0.198289E+08   0.254344E+08   0.254071E+08   0.000000E+00   0.198289E+08   0.198289E+08   0.198364E+08  -0.471765E+00   0.103979E+08   0.103979E+08   0.117911E+02
   0.109459E-03   0.198280E+08   0.198279E+08   0.249645E+08   0.249248E+08   0.000000E+00   0.198280E+08   0.198280E+08   0.198353E+08  -0.471736E+00   0.103974E+08   0.103974E+08   0.142492E+02
   0.133126E-03   0.198266E+08   0.198265E+08   0.242842E+08   0.242267E+08   0.000000E+00   0.198266E+08   0.198266E+08   0.198337E+08  -0.471693E+00   0.103967E+08   0.103967E+08   0.171676E+02
   0.161910E-03   0.198245E+08   0.198244E+08   0.233091E+08   0.232269E+08   0.000000E+00   0.198245E+08   0.198245E+08   0.198313E+08  -0.471631E+00   0.103956E+08   0.103956E+08   0.205918E+02
   0.196917E-03   0.198214E+08   0.198213E+08   0.219330E+08   0.218173E+08   0.000000E+00   0.198214E+08   0.198214E+08   0.198279E+08  -0.471541E+00   0.103940E+08   0.103939E+08   0.245387E+02
   0.239494E-03   0.198170E+08   0.198168E+08   0.200350E+08   0.198761E+08   0.000000E+00   0.198170E+08   0.198170E+08   0.198228E+08  -0.471409E+00   0.103916E+08   0.103916E+08   0.289666E+02
   0.291277E-03   0.198105E+08   0.198102E+08   0.175061E+08   0.172958E+08   0.000000E+00   0.198104E+08   0.198104E+08   0.198155E+08  -0.471219E+00   0.103881E+08   0.103881E+08   0.337305E+02
   0.354256E-03   0.198010E+08   0.198007E+08   0.143090E+08   0.140461E+08   0.000000E+00   0.198009E+08   0.198009E+08   0.198051E+08  -0.470948E+00   0.103830E+08   0.103830E+08   0.385247E+02
   0.430851E-03   0.197874E+08   0.197869E+08   0.105805E+08   0.102800E+08   0.000000E+00   0.197873E+08   0.197873E+08   0.197904E+08  -0.470567E+00   0.103758E+08   0.103757E+08   0.428343E+02
   0.524009E-03   0.197679E+08   0.197673E+08   0.675110E+07   0.645424E+07   0.000000E+00   0.197678E+08   0.197678E+08   0.197698E+08  -0.470040E+00   0.103654E+08   0.103653E+08   0.459500E+02
   0.637308E-03   0.197406E+08   0.197398E+08   0.355240E+07   0.332687E+07   0.000000E+00   0.197405E+08   0.197405E+08   0.197415E+08  -0.469327E+00   0.103508E+08   0.103507E+08   0.471357E+02
   0.775104E-03   0.197028E+08   0.197017E+08   0.167579E+07   0.158302E+07   0.000000E+00   0.197026E+08   0.197026E+08   0.197031E+08  -0.468377E+00   0.103307E+08   0.103306E+08   0.459947E+02
   0.942694E-03   0.196514E+08   0.196500E+08   0.105433E+07   0.108351E+07   0.000000E+00   0.196512E+08   0.196512E+08   0.196515E+08  -0.467122E+00   0.103034E+08   0.103033E+08   0.428020E+02
   0.114652E-02   0.195825E+08   0.195808E+08   0.714133E+06   0.767459E+06   0.000000E+00   0.195822E+08   0.195822E+08   0.195824E+08  -0.465467E+00   0.102670E+08   0.102668E+08   0.382470E+02
   0.139442E-02   0.194913E+08   0.194895E+08   0.254956E+06   0.282978E+06   0.000000E+00   0.194910E+08   0.194910E+08   0.194911E+08  -0.463288E+00   0.102190E+08   0.102188E+08   0.327178E+02
   0.169591E-02   0.193721E+08   0.193701E+08   0.147928E+06  -0.168699E+06   0.000000E+00   0.193718E+08   0.193718E+08   0.193718E+08  -0.460445E+00   0.101564E+08   0.101562E+08   0.267093E+02
   0.206260E-02   0.192179E+08   0.192159E+08   0.248272E+04  -0.113121E+06   0.000000E+00   0.192176E+08   0.192176E+08   0.192176E+08  -0.456775E+00   0.100754E+08   0.100753E+08   0.212866E+02
   0.250856E-02   0.190206E+08   0.190184E+08   0.867248E+04  -0.756815E+05   0.000000E+00   0.190203E+08   0.190203E+08   0.190202E+08  -0.452082E+00   0.997188E+07   0.997175E+07   0.170234E+02
   0.305096E-02   0.187711E+08   0.187686E+08   0.243041E+04  -0.504892E+05   0.000000E+00   0.187707E+08   0.187707E+08   0.187707E+08  -0.446149E+00   0.984100E+07   0.984087E+07   0.139308E+02
   0.371062E-02   0.184595E+08   0.184565E+08  -0.169299E+05  -0.335646E+05   0.000000E+00   0.184590E+08   0.184590E+08   0.184590E+08  -0.438740E+00   0.967755E+07   0.967742E+07   0.114083E+02
   0.451292E-02   0.180751E+08   0.180716E+08  -0.135763E+05  -0.222180E+05   0.000000E+00   0.180746E+08   0.180746E+08   0.180746E+08  -0.429602E+00   0.947598E+07   0.947585E+07   0.923000E+01
   0.548869E-02   0.176071E+08   0.176025E+08  -0.120901E+05  -0.146310E+05   0.000000E+00   0.176064E+08   0.176064E+08   0.176064E+08  -0.418473E+00   0.923049E+07   0.923037E+07   0.752577E+01
   0.667543E-02   0.170440E+08   0.170382E+08  -0.102696E+05  -0.957473E+04   0.000000E+00   0.170431E+08   0.170431E+08   0.170431E+08  -0.405085E+00   0.893520E+07   0.893508E+07   0.609785E+01
   0.811877E-02   0.163748E+08   0.163671E+08  -0.635650E+04  -0.621865E+04   0.000000E+00   0.163736E+08   0.163736E+08   0.163736E+08  -0.389172E+00   0.858419E+07   0.858407E+07   0.494304E+01
   0.987418E-02   0.155900E+08   0.155796E+08   0.171428E+04  -0.400250E+04   0.000000E+00   0.155884E+08   0.155884E+08   0.155884E+08  -0.370509E+00   0.817252E+07   0.817241E+07   0.402172E+01
   0.120091E-01   0.146756E+08   0.146615E+08  -0.212338E+04  -0.254706E+04   0.000000E+00   0.146734E+08   0.146734E+08   0.146734E+08  -0.348760E+00   0.769282E+07   0.769270E+07   0.328219E+01
   0.146057E-01   0.136293E+08   0.136104E+08   0.356153E+03  -0.159907E+04   0.000000E+00   0.136263E+08   0.136263E+08   0.136263E+08  -0.323874E+00   0.714388E+07   0.714376E+07   0.269501E+01
   0.177637E-01   0.124376E+08   0.124126E+08  -0.115630E+04  -0.986445E+03   0.000000E+00   0.124337E+08   0.124337E+08   0.124337E+08  -0.295527E+00   0.651862E+07   0.651850E+07   0.222173E+01
   0.216045E-01   0.111138E+08   0.110818E+08  -0.621202E+02  -0.595835E+03   0.000000E+00   0.111088E+08   0.111088E+08   0.111088E+08  -0.264036E+00   0.582403E+07   0.582391E+07   0.183361E+01
   0.259254E-01   0.978207E+07   0.974356E+07   0.204830E+02  -0.364143E+03   0.000000E+00   0.977611E+07   0.977611E+07   0.977611E+07  -0.232361E+00   0.512535E+07   0.512523E+07   0.151763E+01
   0.302463E-01   0.862271E+07   0.857990E+07  -0.690968E+02  -0.235793E+03   0.000000E+00   0.861609E+07   0.861609E+07   0.861609E+07  -0.204789E+00   0.451719E+07   0.451708E+07   0.126613E+01
   0.345672E-01   0.763738E+07   0.759291E+07  -0.242525E+02  -0.159881E+03   0.000000E+00   0.763050E+07   0.763050E+07   0.763050E+07  -0.181363E+00   0.400048E+07   0.400037E+07   0.105083E+01
   0.388881E-01   0.682096E+07   0.677747E+07  -0.209323E+02  -0.112813E+03   0.000000E+00   0.681423E+07   0.681423E+07   0.681423E+07  -0.161962E+00   0.357254E+07   0.357244E+07   0.860967E+00
   0.432090E-01   0.615985E+07   0.611959E+07  -0.184524E+02  -0.825196E+02   0.000000E+00   0.615362E+07   0.615362E+07   0.615362E+07  -0.146260E+00   0.322619E+07   0.322610E+07   0.693829E+00
   0.475299E-01   0.563109E+07   0.559564E+07   0.121416E+03  -0.623455E+02   0.000000E+00   0.562560E+07   0.562560E+07   0.562560E+07  -0.133711E+00   0.294936E+07   0.294928E+07   0.549882E+00
   0.518508E-01   0.521441E+07   0.518455E+07   0.944833E+02  -0.485145E+02   0.000000E+00   0.520979E+07   0.520979E+07   0.520979E+07  -0.123827E+00   0.273136E+07   0.273129E+07   0.430458E+00
   0.561717E-01   0.487485E+07   0.485054E+07   0.752734E+02  -0.386495E+02   0.000000E+00   0.487109E+07   0.487109E+07   0.487109E+07  -0.115777E+00   0.255378E+07   0.255372E+07   0.335680E+00
   0.604926E-01   0.458818E+07   0.456871E+07   0.610949E+02  -0.313686E+02   0.000000E+00   0.458517E+07   0.458517E+07   0.458517E+07  -0.108981E+00   0.240387E+07   0.240382E+07   0.264584E+00
   0.648135E-01   0.433109E+07   0.431530E+07   0.502433E+02  -0.257964E+02   0.000000E+00   0.432864E+07   0.432864E+07   0.432864E+07  -0.102884E+00   0.226938E+07   0.226934E+07   0.214630E+00
   0.691344E-01   0.408768E+07   0.407419E+07   0.416798E+02  -0.213994E+02   0.000000E+00   0.408559E+07   0.408559E+07   0.408559E+07  -0.971072E-01   0.214195E+07   0.214192E+07   0.182186E+00
   0.734553E-01   0.384848E+07   0.383595E+07   0.347602E+02  -0.178468E+02   0.000000E+00   0.384654E+07   0.384654E+07   0.384654E+07  -0.914253E-01   0.201663E+07   0.201659E+07   0.162964E+00
   0.777762E-01   0.361094E+07   0.359829E+07   0.290903E+02  -0.149359E+02   0.000000E+00   0.360898E+07   0.360898E+07   0.360898E+07  -0.857791E-01   0.189209E+07   0.189205E+07   0.152565E+00
   0.820971E-01   0.337722E+07   0.336374E+07   0.244168E+02  -0.125366E+02   0.000000E+00   0.337513E+07   0.337513E+07   0.337513E+07  -0.802208E-01   0.176949E+07   0.176945E+07   0.146951E+00
   0.864180E-01   0.315287E+07   0.313829E+07   0.205701E+02  -0.105619E+02   0.000000E+00   0.315061E+07   0.315061E+07   0.315061E+07  -0.748844E-01   0.165178E+07   0.165174E+07   0.142843E+00
   0.907389E-01   0.294377E+07   0.292822E+07   0.174184E+02  -0.894382E+01   0.000000E+00   0.294137E+07   0.294137E+07   0.294137E+07  -0.699110E-01   0.154208E+07   0.154204E+07   0.137924E+00
   0.961016E-01   0.271327E+07   0.269711E+07   0.143111E+02  -0.734850E+01   0.000000E+00   0.271077E+07   0.271077E+07   0.271077E+07  -0.644301E-01   0.142119E+07   0.142115E+07   0.128862E+00
   0.101464E+00   0.252125E+07   0.250543E+07   0.119291E+02  -0.612544E+01   0.000000E+00   0.251880E+07   0.251880E+07   0.251880E+07  -0.598674E-01   0.132054E+07   0.132051E+07   0.116184E+00
   0.106827E+00   0.236863E+07   0.235406E+07   0.101103E+02  -0.519146E+01   0.000000E+00   0.236638E+07   0.236638E+07   0.236638E+07  -0.562445E-01   0.124063E+07   0.124060E+07   0.101006E+00
   0.112190E+00   0.224891E+07   0.223621E+07   0.870429E+01  -0.446939E+01   0.000000E+00   0.224695E+07   0.224695E+07   0.224695E+07  -0.534059E-01   0.117802E+07   0.117799E+07   0.852147E-01
   0.117552E+00   0.215103E+07   0.214040E+07   0.758407E+01  -0.389408E+01   0.000000E+00   0.214939E+07   0.214939E+07   0.214939E+07  -0.510871E-01   0.112686E+07   0.112684E+07   0.707431E-01
   0.122915E+00   0.206378E+07   0.205499E+07   0.665612E+01  -0.341753E+01   0.000000E+00   0.206242E+07   0.206242E+07   0.206242E+07  -0.490200E-01   0.108127E+07   0.108125E+07   0.590393E-01
   0.128278E+00   0.197832E+07   0.197085E+07   0.585865E+01  -0.300802E+01   0.000000E+00   0.197717E+07   0.197717E+07   0.197717E+07  -0.469937E-01   0.103657E+07   0.103655E+07   0.507698E-01
   0.133640E+00   0.188922E+07   0.188240E+07   0.515491E+01  -0.264669E+01   0.000000E+00   0.188816E+07   0.188816E+07   0.188816E+07  -0.448782E-01   0.989908E+06   0.989890E+06   0.457911E-01
   0.139003E+00   0.179508E+07   0.178832E+07   0.452728E+01  -0.232446E+01   0.000000E+00   0.179403E+07   0.179403E+07   0.179403E+07  -0.426409E-01   0.940559E+06   0.940541E+06   0.433454E-01
   0.144366E+00   0.169824E+07   0.169113E+07   0.397047E+01  -0.203861E+01   0.000000E+00   0.169714E+07   0.169714E+07   0.169714E+07  -0.403379E-01   0.889761E+06   0.889743E+06   0.423676E-01
   0.149728E+00   0.160300E+07   0.159539E+07   0.348382E+01  -0.178879E+01   0.000000E+00   0.160182E+07   0.160182E+07   0.160182E+07  -0.380724E-01   0.839791E+06   0.839772E+06   0.417931E-01
   0.155091E+00   0.151397E+07   0.150596E+07   0.306644E+01  -0.157451E+01   0.000000E+00   0.151273E+07   0.151273E+07   0.151273E+07  -0.359549E-01   0.793084E+06   0.793065E+06   0.408014E-01
   0.160454E+00   0.143511E+07   0.142697E+07   0.271549E+01  -0.139433E+01   0.000000E+00   0.143385E+07   0.143385E+07   0.143385E+07  -0.340800E-01   0.751729E+06   0.751710E+06   0.389540E-01
   0.165817E+00   0.136869E+07   0.136077E+07   0.242497E+01  -0.124516E+01   0.000000E+00   0.136747E+07   0.136747E+07   0.136747E+07  -0.325023E-01   0.716928E+06   0.716910E+06   0.362071E-01
   0.171179E+00   0.131438E+07   0.130699E+07   0.218518E+01  -0.112203E+01   0.000000E+00   0.131324E+07   0.131324E+07   0.131324E+07  -0.312134E-01   0.688497E+06   0.688480E+06   0.328198E-01
   0.176542E+00   0.126947E+07   0.126279E+07   0.198436E+01  -0.101889E+01   0.000000E+00   0.126843E+07   0.126843E+07   0.126843E+07  -0.301484E-01   0.665006E+06   0.664990E+06   0.292134E-01
   0.181905E+00   0.123028E+07   0.122438E+07   0.181153E+01  -0.930135E+00   0.000000E+00   0.122937E+07   0.122937E+07   0.122937E+07  -0.292199E-01   0.644524E+06   0.644510E+06   0.258281E-01
   0.187267E+00   0.119341E+07   0.118818E+07   0.165815E+01  -0.851370E+00   0.000000E+00   0.119260E+07   0.119260E+07   0.119260E+07  -0.283460E-01   0.625247E+06   0.625234E+06   0.230056E-01
   0.192630E+00   0.115612E+07   0.115137E+07   0.151822E+01  -0.779513E+00   0.000000E+00   0.115539E+07   0.115539E+07   0.115539E+07  -0.274615E-01   0.605736E+06   0.605724E+06   0.209176E-01
   0.197993E+00   0.111674E+07   0.111223E+07   0.138815E+01  -0.712730E+00   0.000000E+00   0.111604E+07   0.111604E+07   0.111604E+07  -0.265263E-01   0.585108E+06   0.585096E+06   0.195537E-01
   0.203355E+00   0.107505E+07   0.107059E+07   0.126676E+01  -0.650407E+00   0.000000E+00   0.107436E+07   0.107436E+07   0.107436E+07  -0.255357E-01   0.563258E+06   0.563247E+06   0.187588E-01
   0.208718E+00   0.103223E+07   0.102767E+07   0.115455E+01  -0.592801E+00   0.000000E+00   0.103153E+07   0.103153E+07   0.103153E+07  -0.245175E-01   0.540800E+06   0.540789E+06   0.182994E-01
   0.214081E+00   0.990088E+06   0.985380E+06   0.105257E+01  -0.540445E+00   0.000000E+00   0.989359E+06   0.989359E+06   0.989359E+06  -0.235153E-01   0.518694E+06   0.518682E+06   0.179336E-01
   0.219443E+00   0.950390E+06   0.945576E+06   0.961534E+00  -0.493710E+00   0.000000E+00   0.949645E+06   0.949645E+06   0.949645E+06  -0.225714E-01   0.497873E+06   0.497862E+06   0.174684E-01
   0.224806E+00   0.914463E+06   0.909642E+06   0.881542E+00  -0.452641E+00   0.000000E+00   0.913717E+06   0.913717E+06   0.913717E+06  -0.217174E-01   0.479037E+06   0.479026E+06   0.167954E-01
   0.230169E+00   0.882956E+06   0.878248E+06   0.811961E+00  -0.416914E+00   0.000000E+00   0.882227E+06   0.882227E+06   0.882227E+06  -0.209690E-01   0.462528E+06   0.462517E+06   0.158981E-01
   0.235531E+00   0.855725E+06   0.851239E+06   0.751505E+00  -0.385870E+00   0.000000E+00   0.855031E+06   0.855031E+06   0.855031E+06  -0.203225E-01   0.448270E+06   0.448259E+06   0.148355E-01
   0.240894E+00   0.831964E+06   0.827770E+06   0.698493E+00  -0.358647E+00   0.000000E+00   0.831315E+06   0.831315E+06   0.831315E+06  -0.197589E-01   0.435836E+06   0.435826E+06   0.137108E-01
   0.246257E+00   0.810491E+06   0.806606E+06   0.651179E+00  -0.334350E+00   0.000000E+00   0.809890E+06   0.809890E+06   0.809890E+06  -0.192496E-01   0.424603E+06   0.424594E+06   0.126358E-01
   0.251620E+00   0.790034E+06   0.786425E+06   0.607998E+00  -0.312176E+00   0.000000E+00   0.789476E+06   0.789476E+06   0.789476E+06  -0.187644E-01   0.413900E+06   0.413891E+06   0.116999E-01
   0.256982E+00   0.769513E+06   0.766113E+06   0.567761E+00  -0.291515E+00   0.000000E+00   0.768987E+06   0.768987E+06   0.768987E+06  -0.182774E-01   0.403158E+06   0.403150E+06   0.109518E-01
   0.262345E+00   0.748333E+06   0.745061E+06   0.529796E+00  -0.272021E+00   0.000000E+00   0.747827E+06   0.747827E+06   0.747827E+06  -0.177745E-01   0.392064E+06   0.392056E+06   0.103956E-01
   0.267708E+00   0.726492E+06   0.723274E+06   0.493929E+00  -0.253606E+00   0.000000E+00   0.725994E+06   0.725994E+06   0.725994E+06  -0.172556E-01   0.380618E+06   0.380610E+06   0.999746E-02
   0.273070E+00   0.704410E+06   0.701196E+06   0.460279E+00  -0.236330E+00   0.000000E+00   0.703912E+06   0.703912E+06   0.703912E+06  -0.167307E-01   0.369042E+06   0.369034E+06   0.970069E-02
   0.278433E+00   0.682661E+06   0.679431E+06   0.429039E+00  -0.220291E+00   0.000000E+00   0.682161E+06   0.682161E+06   0.682161E+06  -0.162138E-01   0.357638E+06   0.357630E+06   0.944246E-02
   0.283796E+00   0.661829E+06   0.658591E+06   0.400364E+00  -0.205570E+00   0.000000E+00   0.661328E+06   0.661328E+06   0.661328E+06  -0.157186E-01   0.346716E+06   0.346708E+06   0.917011E-02
   0.289158E+00   0.642422E+06   0.639208E+06   0.374336E+00  -0.192206E+00   0.000000E+00   0.641924E+06   0.641924E+06   0.641924E+06  -0.152574E-01   0.336544E+06   0.336536E+06   0.885173E-02
   0.294521E+00   0.624743E+06   0.621594E+06   0.350897E+00  -0.180171E+00   0.000000E+00   0.624256E+06   0.624256E+06   0.624256E+06  -0.148374E-01   0.327280E+06   0.327273E+06   0.847918E-02
   0.299884E+00   0.608776E+06   0.605729E+06   0.329811E+00  -0.169344E+00   0.000000E+00   0.608305E+06   0.608305E+06   0.608305E+06  -0.144583E-01   0.318918E+06   0.318910E+06   0.806447E-02
   0.305246E+00   0.594225E+06   0.591305E+06   0.310720E+00  -0.159541E+00   0.000000E+00   0.593773E+06   0.593773E+06   0.593773E+06  -0.141129E-01   0.311299E+06   0.311292E+06   0.763260E-02
   0.310609E+00   0.580669E+06   0.577884E+06   0.293244E+00  -0.150567E+00   0.000000E+00   0.580238E+06   0.580238E+06   0.580238E+06  -0.137912E-01   0.304203E+06   0.304196E+06   0.721288E-02
   0.315972E+00   0.567689E+06   0.565030E+06   0.277045E+00  -0.142249E+00   0.000000E+00   0.567278E+06   0.567278E+06   0.567278E+06  -0.134832E-01   0.297408E+06   0.297402E+06   0.683069E-02
   0.321334E+00   0.554923E+06   0.552368E+06   0.261855E+00  -0.134449E+00   0.000000E+00   0.554528E+06   0.554528E+06   0.554528E+06  -0.131801E-01   0.290723E+06   0.290717E+06   0.650152E-02
   0.326697E+00   0.542125E+06   0.539646E+06   0.247487E+00  -0.127072E+00   0.000000E+00   0.541741E+06   0.541741E+06   0.541741E+06  -0.128762E-01   0.284020E+06   0.284014E+06   0.622884E-02
   0.332060E+00   0.529225E+06   0.526796E+06   0.233857E+00  -0.120074E+00   0.000000E+00   0.528850E+06   0.528850E+06   0.528850E+06  -0.125698E-01   0.277261E+06   0.277255E+06   0.600551E-02
   0.337423E+00   0.516332E+06   0.513933E+06   0.220963E+00  -0.113454E+00   0.000000E+00   0.515961E+06   0.515961E+06   0.515961E+06  -0.122635E-01   0.270504E+06   0.270498E+06   0.581740E-02
   0.342785E+00   0.503648E+06   0.501269E+06   0.208841E+00  -0.107230E+00   0.000000E+00   0.503280E+06   0.503280E+06   0.503280E+06  -0.119621E-01   0.263856E+06   0.263850E+06   0.564771E-02
   0.348148E+00   0.491384E+06   0.489025E+06   0.197525E+00  -0.101420E+00   0.000000E+00   0.491019E+06   0.491019E+06   0.491019E+06  -0.116707E-01   0.257428E+06   0.257422E+06   0.548124E-02
   0.353511E+00   0.479713E+06   0.477383E+06   0.187025E+00  -0.960292E-01   0.000000E+00   0.479353E+06   0.479353E+06   0.479353E+06  -0.113934E-01   0.251311E+06   0.251306E+06   0.530761E-02
   0.358873E+00   0.468740E+06   0.466451E+06   0.177326E+00  -0.910490E-01   0.000000E+00   0.468386E+06   0.468386E+06   0.468386E+06  -0.111327E-01   0.245562E+06   0.245556E+06   0.512275E-02
   0.364236E+00   0.458480E+06   0.456245E+06   0.168375E+00  -0.864531E-01   0.000000E+00   0.458134E+06   0.458134E+06   0.458134E+06  -0.108890E-01   0.240187E+06   0.240182E+06   0.492842E-02
   0.369599E+00   0.448854E+06   0.446682E+06   0.160092E+00  -0.822001E-01   0.000000E+00   0.448518E+06   0.448518E+06   0.448518E+06  -0.106605E-01   0.235146E+06   0.235141E+06   0.473043E-02
   0.374961E+00   0.439726E+06   0.437620E+06   0.152384E+00  -0.782419E-01   0.000000E+00   0.439400E+06   0.439400E+06   0.439400E+06  -0.104438E-01   0.230365E+06   0.230360E+06   0.453644E-02
   0.380324E+00   0.430950E+06   0.428908E+06   0.145161E+00  -0.745336E-01   0.000000E+00   0.430634E+06   0.430634E+06   0.430634E+06  -0.102354E-01   0.225769E+06   0.225764E+06   0.435370E-02
   0.385687E+00   0.422397E+06   0.420413E+06   0.138353E+00  -0.710374E-01   0.000000E+00   0.422090E+06   0.422090E+06   0.422090E+06  -0.100323E-01   0.221290E+06   0.221285E+06   0.418725E-02
   0.391049E+00   0.413971E+06   0.412036E+06   0.131900E+00  -0.677241E-01   0.000000E+00   0.413672E+06   0.413672E+06   0.413672E+06  -0.983223E-02   0.216877E+06   0.216872E+06   0.403896E-02
   0.396412E+00   0.405619E+06   0.403723E+06   0.125766E+00  -0.645746E-01   0.000000E+00   0.405326E+06   0.405326E+06   0.405326E+06  -0.963387E-02   0.212501E+06   0.212497E+06   0.390757E-02
   0.401775E+00   0.397355E+06   0.395488E+06   0.119936E+00  -0.615813E-01   0.000000E+00   0.397066E+06   0.397066E+06   0.397066E+06  -0.943755E-02   0.208171E+06   0.208166E+06   0.378962E-02
   0.407137E+00   0.389240E+06   0.387400E+06   0.114411E+00  -0.587448E-01   0.000000E+00   0.388955E+06   0.388955E+06   0.388955E+06  -0.924477E-02   0.203919E+06   0.203914E+06   0.368061E-02
   0.412500E+00   0.381349E+06   0.379533E+06   0.109196E+00  -0.560669E-01   0.000000E+00   0.381068E+06   0.381068E+06   0.381068E+06  -0.905730E-02   0.199783E+06   0.199779E+06   0.357609E-02
   0.417863E+00   0.373733E+06   0.371942E+06   0.104285E+00  -0.535456E-01   0.000000E+00   0.373456E+06   0.373456E+06   0.373456E+06  -0.887637E-02   0.195793E+06   0.195788E+06   0.347258E-02
   0.423226E+00   0.366421E+06   0.364660E+06   0.996700E-01  -0.511760E-01   0.000000E+00   0.366149E+06   0.366149E+06   0.366149E+06  -0.870270E-02   0.191962E+06   0.191958E+06   0.336820E-02
   0.428588E+00   0.359433E+06   0.357705E+06   0.953377E-01  -0.489516E-01   0.000000E+00   0.359166E+06   0.359166E+06   0.359166E+06  -0.853672E-02   0.188301E+06   0.188296E+06   0.326282E-02
   0.433951E+00   0.352760E+06   0.351068E+06   0.912697E-01  -0.468628E-01   0.000000E+00   0.352499E+06   0.352499E+06   0.352499E+06  -0.837826E-02   0.184805E+06   0.184801E+06   0.315766E-02
   0.439314E+00   0.346361E+06   0.344707E+06   0.874399E-01  -0.448963E-01   0.000000E+00   0.346105E+06   0.346105E+06   0.346105E+06  -0.822630E-02   0.181453E+06   0.181449E+06   0.305461E-02
   0.444676E+00   0.340173E+06   0.338556E+06   0.838191E-01  -0.430372E-01   0.000000E+00   0.339923E+06   0.339923E+06   0.339923E+06  -0.807935E-02   0.178212E+06   0.178208E+06   0.295562E-02
   0.450039E+00   0.334147E+06   0.332565E+06   0.803840E-01  -0.412734E-01   0.000000E+00   0.333902E+06   0.333902E+06   0.333902E+06  -0.793625E-02   0.175056E+06   0.175052E+06   0.286224E-02
   0.455402E+00   0.328256E+06   0.326705E+06   0.771181E-01  -0.395965E-01   0.000000E+00   0.328016E+06   0.328016E+06   0.328016E+06  -0.779635E-02   0.171970E+06   0.171966E+06   0.277534E-02
   0.460764E+00   0.322479E+06   0.320957E+06   0.740078E-01  -0.379995E-01   0.000000E+00   0.322243E+06   0.322243E+06   0.322243E+06  -0.765915E-02   0.168943E+06   0.168940E+06   0.269485E-02
   0.466127E+00   0.316801E+06   0.315304E+06   0.710414E-01  -0.364764E-01   0.000000E+00   0.316570E+06   0.316570E+06   0.316570E+06  -0.752429E-02   0.165969E+06   0.165965E+06   0.261996E-02
   0.471490E+00   0.311227E+06   0.309753E+06   0.682126E-01  -0.350240E-01   0.000000E+00   0.310999E+06   0.310999E+06   0.310999E+06  -0.739188E-02   0.163048E+06   0.163044E+06   0.254941E-02
   0.476852E+00   0.305782E+06   0.304329E+06   0.655201E-01  -0.336415E-01   0.000000E+00   0.305557E+06   0.305557E+06   0.305557E+06  -0.726254E-02   0.160195E+06   0.160191E+06   0.248192E-02
   0.482215E+00   0.300491E+06   0.299060E+06   0.629623E-01  -0.323282E-01   0.000000E+00   0.300270E+06   0.300270E+06   0.300270E+06  -0.713687E-02   0.157423E+06   0.157420E+06   0.241639E-02
   0.487578E+00   0.295365E+06   0.293955E+06   0.605342E-01  -0.310815E-01   0.000000E+00   0.295147E+06   0.295147E+06   0.295147E+06  -0.701511E-02   0.154737E+06   0.154734E+06   0.235205E-02
   0.492940E+00   0.290400E+06   0.289014E+06   0.582288E-01  -0.298978E-01   0.000000E+00   0.290186E+06   0.290186E+06   0.290186E+06  -0.689719E-02   0.152136E+06   0.152133E+06   0.228856E-02
   0.498303E+00   0.285597E+06   0.284234E+06   0.560397E-01  -0.287738E-01   0.000000E+00   0.285386E+06   0.285386E+06   0.285386E+06  -0.678311E-02   0.149620E+06   0.149617E+06   0.222607E-02
   0.503666E+00   0.280949E+06   0.279610E+06   0.539601E-01  -0.277060E-01   0.000000E+00   0.280742E+06   0.280742E+06   0.280742E+06  -0.667274E-02   0.147185E+06   0.147182E+06   0.216500E-02
   0.509028E+00   0.276440E+06   0.275125E+06   0.519814E-01  -0.266900E-01   0.000000E+00   0.276237E+06   0.276237E+06   0.276237E+06  -0.656565E-02   0.144823E+06   0.144820E+06   0.210586E-02
   0.514391E+00   0.272046E+06   0.270755E+06   0.500942E-01  -0.257210E-01   0.000000E+00   0.271847E+06   0.271847E+06   0.271847E+06  -0.646131E-02   0.142522E+06   0.142518E+06   0.204907E-02
   0.519754E+00   0.267751E+06   0.266482E+06   0.482912E-01  -0.247953E-01   0.000000E+00   0.267555E+06   0.267555E+06   0.267555E+06  -0.635930E-02   0.140272E+06   0.140269E+06   0.199491E-02
   0.525117E+00   0.263549E+06   0.262300E+06   0.465673E-01  -0.239102E-01   0.000000E+00   0.263355E+06   0.263355E+06   0.263355E+06  -0.625948E-02   0.138070E+06   0.138067E+06   0.194346E-02
   0.530479E+00   0.259434E+06   0.258205E+06   0.449182E-01  -0.230634E-01   0.000000E+00   0.259244E+06   0.259244E+06   0.259244E+06  -0.616176E-02   0.135914E+06   0.135911E+06   0.189458E-02
   0.535842E+00   0.255403E+06   0.254192E+06   0.433396E-01  -0.222528E-01   0.000000E+00   0.255216E+06   0.255216E+06   0.255216E+06  -0.606602E-02   0.133802E+06   0.133800E+06   0.184792E-02
   0.541205E+00   0.251456E+06   0.250262E+06   0.418283E-01  -0.214769E-01   0.000000E+00   0.251271E+06   0.251271E+06   0.251271E+06  -0.597226E-02   0.131734E+06   0.131732E+06   0.180309E-02
   0.546567E+00   0.247600E+06   0.246423E+06   0.403826E-01  -0.207346E-01   0.000000E+00   0.247418E+06   0.247418E+06   0.247418E+06  -0.588068E-02   0.129714E+06   0.129712E+06   0.175973E-02
   0.551930E+00   0.243843E+06   0.242683E+06   0.390008E-01  -0.200251E-01   0.000000E+00   0.243664E+06   0.243664E+06   0.243664E+06  -0.579145E-02   0.127746E+06   0.127743E+06   0.171757E-02
   0.557293E+00   0.240184E+06   0.239041E+06   0.376798E-01  -0.193468E-01   0.000000E+00   0.240008E+06   0.240008E+06   0.240008E+06  -0.570455E-02   0.125829E+06   0.125827E+06   0.167642E-02
   0.562655E+00   0.236619E+06   0.235493E+06   0.364163E-01  -0.186981E-01   0.000000E+00   0.236445E+06   0.236445E+06   0.236445E+06  -0.561988E-02   0.123962E+06   0.123959E+06   0.163623E-02
   0.568018E+00   0.233145E+06   0.232036E+06   0.352073E-01  -0.180773E-01   0.000000E+00   0.232974E+06   0.232974E+06   0.232974E+06  -0.553736E-02   0.122142E+06   0.122139E+06   0.159702E-02
   0.573381E+00   0.229760E+06   0.228667E+06   0.340501E-01  -0.174832E-01   0.000000E+00   0.229591E+06   0.229591E+06   0.229591E+06  -0.545696E-02   0.120368E+06   0.120365E+06   0.155894E-02
   0.578743E+00   0.226457E+06   0.225381E+06   0.329416E-01  -0.169140E-01   0.000000E+00   0.226290E+06   0.226290E+06   0.226290E+06  -0.537851E-02   0.118638E+06   0.118635E+06   0.152207E-02
   0.584106E+00   0.223226E+06   0.222166E+06   0.318782E-01  -0.163680E-01   0.000000E+00   0.223062E+06   0.223062E+06   0.223062E+06  -0.530179E-02   0.116945E+06   0.116943E+06   0.148650E-02
   0.589469E+00   0.220062E+06   0.219018E+06   0.308571E-01  -0.158437E-01   0.000000E+00   0.219900E+06   0.219900E+06   0.219900E+06  -0.522664E-02   0.115288E+06   0.115285E+06   0.145223E-02
   0.594832E+00   0.216963E+06   0.215934E+06   0.298765E-01  -0.153402E-01   0.000000E+00   0.216804E+06   0.216804E+06   0.216804E+06  -0.515305E-02   0.113664E+06   0.113662E+06   0.141926E-02
   0.600194E+00   0.213930E+06   0.212915E+06   0.289348E-01  -0.148567E-01   0.000000E+00   0.213773E+06   0.213773E+06   0.213773E+06  -0.508101E-02   0.112075E+06   0.112073E+06   0.138750E-02
   0.605557E+00   0.210959E+06   0.209958E+06   0.280298E-01  -0.143920E-01   0.000000E+00   0.210804E+06   0.210804E+06   0.210804E+06  -0.501044E-02   0.110519E+06   0.110516E+06   0.135684E-02
   0.610920E+00   0.208048E+06   0.207060E+06   0.271598E-01  -0.139453E-01   0.000000E+00   0.207895E+06   0.207895E+06   0.207895E+06  -0.494129E-02   0.108994E+06   0.108991E+06   0.132713E-02
   0.616282E+00   0.205199E+06   0.204224E+06   0.263237E-01  -0.135160E-01   0.000000E+00   0.205048E+06   0.205048E+06   0.205048E+06  -0.487362E-02   0.107501E+06   0.107498E+06   0.129828E-02
   0.621645E+00   0.202414E+06   0.201452E+06   0.255204E-01  -0.131035E-01   0.000000E+00   0.202265E+06   0.202265E+06   0.202265E+06  -0.480749E-02   0.106042E+06   0.106040E+06   0.127022E-02
   0.627008E+00   0.199693E+06   0.198744E+06   0.247485E-01  -0.127072E-01   0.000000E+00   0.199546E+06   0.199546E+06   0.199546E+06  -0.474286E-02   0.104617E+06   0.104614E+06   0.124289E-02
   0.680214E+00   0.175579E+06   0.174745E+06   0.184889E-01  -0.949322E-02   0.000000E+00   0.175450E+06   0.175450E+06   0.175450E+06  -0.417012E-02   0.919834E+05   0.919813E+05   0.101034E-02
   0.737935E+00   0.154233E+06   0.153501E+06   0.137998E-01  -0.708557E-02   0.000000E+00   0.154120E+06   0.154120E+06   0.154120E+06  -0.366315E-02   0.808007E+05   0.807989E+05   0.821335E-03
   0.800554E+00   0.135371E+06   0.134728E+06   0.102914E-01  -0.528418E-02   0.000000E+00   0.135271E+06   0.135271E+06   0.135271E+06  -0.321516E-02   0.709191E+05   0.709175E+05   0.667682E-03
   0.868486E+00   0.118719E+06   0.118155E+06   0.766876E-02  -0.393756E-02   0.000000E+00   0.118632E+06   0.118632E+06   0.118632E+06  -0.281966E-02   0.621954E+05   0.621940E+05   0.542786E-03
   0.942183E+00   0.104034E+06   0.103541E+06   0.571001E-02  -0.293184E-02   0.000000E+00   0.103958E+06   0.103958E+06   0.103958E+06  -0.247090E-02   0.545023E+05   0.545011E+05   0.441341E-03
   0.101542E+01   0.920861E+05   0.916490E+05   0.435143E-02  -0.223426E-02   0.000000E+00   0.920185E+05   0.920185E+05   0.920185E+05  -0.218711E-02   0.482428E+05   0.482416E+05   0.365037E-03
   0.126811E+01   0.638805E+05   0.635773E+05   0.193547E-02  -0.993780E-03   0.000000E+00   0.638336E+05   0.638336E+05   0.638336E+05  -0.151721E-02   0.334662E+05   0.334654E+05   0.208536E-03
   0.158368E+01   0.440984E+05   0.438890E+05   0.856681E-03  -0.439871E-03   0.000000E+00   0.440660E+05   0.440660E+05   0.440660E+05  -0.104737E-02   0.231026E+05   0.231020E+05   0.120267E-03
   0.197777E+01   0.303064E+05   0.301624E+05   0.377493E-03  -0.193829E-03   0.000000E+00   0.302841E+05   0.302841E+05   0.302841E+05  -0.719798E-03   0.158771E+05   0.158767E+05   0.704804E-04
   0.246994E+01   0.207416E+05   0.206430E+05   0.165651E-03  -0.850567E-04   0.000000E+00   0.207263E+05   0.207263E+05   0.207263E+05  -0.492627E-03   0.108662E+05   0.108659E+05   0.423023E-04
   0.308458E+01   0.141397E+05   0.140724E+05   0.724050E-04  -0.371784E-04   0.000000E+00   0.141293E+05   0.141293E+05   0.141293E+05  -0.335828E-03   0.740762E+04   0.740737E+04   0.262245E-04
   0.385217E+01   0.960198E+04   0.955620E+04   0.315255E-04  -0.161881E-04   0.000000E+00   0.959489E+04   0.959489E+04   0.959489E+04  -0.228053E-03   0.503036E+04   0.503016E+04   0.169180E-04
   0.481078E+01   0.649454E+04   0.646348E+04   0.136716E-04  -0.702060E-05   0.000000E+00   0.648974E+04   0.648974E+04   0.648974E+04  -0.154249E-03   0.340241E+04   0.340225E+04   0.114086E-04
   0.600794E+01   0.437340E+04   0.435238E+04   0.590274E-05  -0.303137E-05   0.000000E+00   0.437015E+04   0.437015E+04   0.437015E+04  -0.103871E-03   0.229117E+04   0.229103E+04   0.804050E-05
   0.750301E+01   0.292938E+04   0.291519E+04   0.253492E-05  -0.130195E-05   0.000000E+00   0.292718E+04   0.292718E+04   0.292718E+04  -0.695739E-04   0.153467E+04   0.153453E+04   0.589264E-05
   0.937012E+01   0.194842E+04   0.193887E+04   0.108096E-05  -0.555285E-06   0.000000E+00   0.194694E+04   0.194694E+04   0.194694E+04  -0.462753E-04   0.102075E+04   0.102063E+04   0.445095E-05
   0.117019E+02   0.128304E+04   0.127664E+04   0.456338E-06  -0.234480E-06   0.000000E+00   0.128205E+04   0.128205E+04   0.128205E+04  -0.304721E-04   0.672171E+03   0.672051E+03   0.342631E-05
   0.146139E+02   0.832139E+03   0.827868E+03   0.189724E-06  -0.975262E-07   0.000000E+00   0.831479E+03   0.831479E+03   0.831479E+03  -0.197628E-04   0.435948E+03   0.435832E+03   0.265356E-05
   0.182505E+02   0.526789E+03   0.523968E+03   0.769822E-07  -0.395974E-07   0.000000E+00   0.526353E+03   0.526353E+03   0.526353E+03  -0.125105E-04   0.275979E+03   0.275867E+03   0.203610E-05
   0.227921E+02   0.320368E+03   0.318542E+03   0.300014E-07  -0.154473E-07   0.000000E+00   0.320085E+03   0.320085E+03   0.320085E+03  -0.760785E-05   0.167837E+03   0.167733E+03   0.151617E-05
   0.284639E+02   0.181735E+03   0.180602E+03   0.109028E-07  -0.562246E-08   0.000000E+00   0.181560E+03   0.181560E+03   0.181560E+03  -0.431535E-05   0.952089E+02   0.951185E+02   0.106023E-05
   0.355471E+02   0.905589E+02   0.899185E+02   0.347876E-08  -0.179835E-08   0.000000E+00   0.904598E+02   0.904598E+02   0.904598E+02  -0.215007E-05   0.474429E+02   0.473732E+02   0.654156E-06
   0.443930E+02   0.339944E+02   0.337100E+02   0.835534E-09  -0.433587E-09   0.000000E+00   0.339504E+02   0.339504E+02   0.339504E+02  -0.806941E-06   0.178095E+02   0.177689E+02   0.305034E-06
   0.554402E+02   0.393676E+01   0.389627E+01   0.618269E-10  -0.322918E-10   0.000000E+00   0.393050E+01   0.393050E+01   0.393050E+01  -0.934209E-07   0.206257E+01   0.205519E+01   0.443552E-07
   0.692364E+02  -0.596321E+01  -0.588193E+01  -0.597605E-10   0.314693E-10   0.000000E+00  -0.595064E+01  -0.595064E+01  -0.595064E+01   0.141436E-06  -0.312397E+01  -0.310694E+01  -0.820653E-07
   0.864658E+02  -0.361622E+01  -0.354943E+01  -0.230512E-10   0.123142E-10   0.000000E+00  -0.360589E+01  -0.360589E+01  -0.360589E+01   0.857055E-07  -0.189449E+01  -0.187843E+01  -0.619647E-07
   0.107983E+03   0.609061E+00   0.592962E+00   0.245869E-11  -0.134236E-11   0.000000E+00   0.606570E+00   0.606570E+00   0.606570E+00  -0.144171E-07   0.319056E+00   0.314875E+00   0.129159E-07
   0.134854E+03   0.416404E+00   0.400748E+00   0.105670E-11  -0.597651E-12   0.000000E+00   0.413982E+00   0.413982E+00   0.413982E+00  -0.983962E-08   0.218173E+00   0.213739E+00   0.109691E-07
   0.168412E+03  -0.238029E+00  -0.224752E+00  -0.375957E-12   0.223691E-12   0.000000E+00  -0.235975E+00  -0.235975E+00  -0.235975E+00   0.560871E-08  -0.124697E+00  -0.120829E+00  -0.766046E-08
   0.210322E+03   0.793622E-01   0.727804E-01   0.765994E-13  -0.494602E-13   0.000000E+00   0.783440E-01   0.783440E-01   0.783440E-01  -0.186210E-08   0.415825E-01   0.396160E-01   0.311891E-08
   0.262660E+03   0.106834E-01   0.931513E-02   0.617446E-14  -0.443518E-14   0.000000E+00   0.104717E-01   0.104717E-01   0.104717E-01  -0.248894E-09   0.558850E-02   0.520015E-02   0.493206E-09
   0.328022E+03  -0.782098E-02  -0.638844E-02  -0.256984E-14   0.223576E-14   0.000000E+00  -0.759936E-02  -0.759936E-02  -0.759936E-02   0.180623E-09  -0.409717E-02  -0.367352E-02  -0.430830E-09
