#           k/h    P           
   0.104501E-04   0.495834E+02
   0.127096E-04   0.599384E+02
   0.154576E-04   0.724558E+02
   0.187998E-04   0.875873E+02
   0.228647E-04   0.105879E+03
   0.278084E-04   0.127990E+03
   0.338210E-04   0.154718E+03
   0.411337E-04   0.187027E+03
   0.500274E-04   0.226081E+03
   0.608442E-04   0.273288E+03
   0.739997E-04   0.330347E+03
   0.899996E-04   0.399310E+03
   0.109459E-03   0.482656E+03
   0.133126E-03   0.583372E+03
   0.161910E-03   0.705056E+03
   0.196917E-03   0.852038E+03
   0.239494E-03   0.102951E+04
   0.291277E-03   0.124370E+04
   0.354256E-03   0.150199E+04
   0.430851E-03   0.181317E+04
   0.524009E-03   0.218752E+04
   0.637308E-03   0.263705E+04
   0.775104E-03   0.317557E+04
   0.942694E-03   0.381873E+04
   0.114652E-02   0.458390E+04
   0.139442E-02   0.548972E+04
   0.169591E-02   0.655526E+04
   0.206260E-02   0.779859E+04
   0.250856E-02   0.923466E+04
   0.305096E-02   0.108722E+05
   0.371062E-02   0.127099E+05
   0.451292E-02   0.147310E+05
   0.548869E-02   0.168967E+05
   0.667543E-02   0.191395E+05
   0.811877E-02   0.213545E+05
   0.987418E-02   0.233975E+05
   0.120091E-01   0.250607E+05
   0.146057E-01   0.261248E+05
   0.177637E-01   0.262937E+05
   0.216045E-01   0.253709E+05
   0.259254E-01   0.234438E+05
   0.302463E-01   0.211423E+05
   0.345672E-01   0.188711E+05
   0.388881E-01   0.168679E+05
   0.432090E-01   0.152338E+05
   0.475299E-01   0.139635E+05
   0.518508E-01   0.130297E+05
   0.561717E-01   0.123103E+05
   0.604926E-01   0.117212E+05
   0.648135E-01   0.111705E+05
   0.691344E-01   0.105955E+05
   0.734553E-01   0.996207E+04
   0.777762E-01   0.927083E+04
   0.820971E-01   0.854596E+04
   0.864180E-01   0.782745E+04
   0.907389E-01   0.715333E+04
   0.961016E-01   0.642369E+04
   0.101464E+00   0.584559E+04
   0.106827E+00   0.542298E+04
   0.112190E+00   0.512629E+04
   0.117552E+00   0.490710E+04
   0.122915E+00   0.471692E+04
   0.128278E+00   0.451770E+04
   0.133640E+00   0.428666E+04
   0.139003E+00   0.402028E+04
   0.144366E+00   0.373228E+04
   0.149728E+00   0.344463E+04
   0.155091E+00   0.317888E+04
   0.160454E+00   0.295178E+04
   0.165817E+00   0.277177E+04
   0.171179E+00   0.263633E+04
   0.176542E+00   0.253401E+04
   0.181905E+00   0.245018E+04
   0.187267E+00   0.237147E+04
   0.192630E+00   0.228733E+04
   0.197993E+00   0.219161E+04
   0.203355E+00   0.208417E+04
   0.208718E+00   0.197030E+04
   0.214081E+00   0.185760E+04
   0.219443E+00   0.175299E+04
   0.224806E+00   0.166128E+04
   0.230169E+00   0.158453E+04
   0.235531E+00   0.152192E+04
   0.240894E+00   0.147036E+04
   0.246257E+00   0.142560E+04
   0.251620E+00   0.138315E+04
   0.256982E+00   0.133932E+04
   0.262345E+00   0.129217E+04
   0.267708E+00   0.124188E+04
   0.273070E+00   0.119008E+04
   0.278433E+00   0.113889E+04
   0.283796E+00   0.109032E+04
   0.289158E+00   0.104605E+04
   0.294521E+00   0.100700E+04
   0.299884E+00   0.973036E+03
   0.305246E+00   0.943133E+03
   0.310609E+00   0.915923E+03
   0.315972E+00   0.890072E+03
   0.321334E+00   0.864460E+03
   0.326697E+00   0.838357E+03
   0.332060E+00   0.811600E+03
   0.337423E+00   0.784573E+03
   0.342785E+00   0.757939E+03
   0.348148E+00   0.732359E+03
   0.353511E+00   0.708351E+03
   0.358873E+00   0.686217E+03
   0.364236E+00   0.665979E+03
   0.369599E+00   0.647388E+03
   0.374961E+00   0.630038E+03
   0.380324E+00   0.613504E+03
   0.385687E+00   0.597425E+03
   0.391049E+00   0.581532E+03
   0.396412E+00   0.565693E+03
   0.401775E+00   0.549958E+03
   0.407137E+00   0.534515E+03
   0.412500E+00   0.519574E+03
   0.417863E+00   0.505279E+03
   0.423226E+00   0.491711E+03
   0.428588E+00   0.478913E+03
   0.433951E+00   0.466862E+03
   0.439314E+00   0.455441E+03
   0.444676E+00   0.444483E+03
   0.450039E+00   0.433861E+03
   0.455402E+00   0.423507E+03
   0.460764E+00   0.413369E+03
   0.466127E+00   0.403413E+03
   0.471490E+00   0.393654E+03
   0.476852E+00   0.384160E+03
   0.482215E+00   0.374997E+03
   0.487578E+00   0.366188E+03
   0.492940E+00   0.357729E+03
   0.498303E+00   0.349614E+03
   0.503666E+00   0.341831E+03
   0.509028E+00   0.334338E+03
   0.514391E+00   0.327075E+03
   0.519754E+00   0.320005E+03
   0.525117E+00   0.313114E+03
   0.530479E+00   0.306392E+03
   0.535842E+00   0.299829E+03
   0.541205E+00   0.293427E+03
   0.546567E+00   0.287206E+03
   0.551930E+00   0.281180E+03
   0.557293E+00   0.275351E+03
   0.562655E+00   0.269707E+03
   0.568018E+00   0.264240E+03
   0.573381E+00   0.258948E+03
   0.578743E+00   0.253813E+03
   0.584106E+00   0.248816E+03
   0.589469E+00   0.243941E+03
   0.594832E+00   0.239188E+03
   0.600194E+00   0.234557E+03
   0.605557E+00   0.230040E+03
   0.610920E+00   0.225633E+03
   0.616282E+00   0.221341E+03
   0.621645E+00   0.217170E+03
   0.627008E+00   0.213116E+03
   0.680214E+00   0.178099E+03
   0.737935E+00   0.148528E+03
   0.800554E+00   0.123630E+03
   0.868486E+00   0.102706E+03
   0.942183E+00   0.851571E+02
   0.101542E+01   0.715632E+02
   0.126811E+01   0.422672E+02
   0.158368E+01   0.245426E+02
   0.197777E+01   0.139512E+02
   0.246994E+01   0.770289E+01
   0.308458E+01   0.407267E+01
   0.385217E+01   0.201033E+01
   0.481078E+01   0.884440E+00
   0.600794E+01   0.316831E+00
   0.750301E+01   0.753148E-01
   0.937012E+01   0.585396E-02
   0.117019E+02   0.566133E-03
   0.146139E+02   0.114166E-02
   0.182505E+02   0.223955E-05
   0.227921E+02   0.427401E-04
   0.284639E+02   0.902492E-05
   0.355471E+02   0.186716E-05
   0.443930E+02   0.119147E-06
   0.554402E+02   0.755851E-07
   0.692364E+02   0.137838E-07
   0.864658E+02   0.774840E-09
   0.107983E+03   0.275768E-09
   0.134854E+03   0.133507E-10
   0.168412E+03   0.471296E-12
   0.210322E+03   0.179619E-11
   0.262660E+03   0.956003E-13
   0.328022E+03   0.127249E-14
