#          k/h    CDM            baryon         photon         nu             mass_nu        total          no_nu          total_de       Weyl           v_CDM          v_b            v_b-v_c     
   0.104501E-04   0.198309E+08   0.198309E+08   0.264274E+08   0.264270E+08   0.000000E+00   0.198309E+08   0.198309E+08   0.198387E+08  -0.471824E+00   0.103990E+08   0.103990E+08   0.150649E+01
   0.127096E-04   0.198309E+08   0.198309E+08   0.264208E+08   0.264202E+08   0.000000E+00   0.198309E+08   0.198309E+08   0.198386E+08  -0.471824E+00   0.103990E+08   0.103990E+08   0.183206E+01
   0.154576E-04   0.198309E+08   0.198309E+08   0.264110E+08   0.264102E+08   0.000000E+00   0.198309E+08   0.198309E+08   0.198386E+08  -0.471823E+00   0.103990E+08   0.103990E+08   0.222790E+01
   0.187998E-04   0.198308E+08   0.198308E+08   0.263965E+08   0.263953E+08   0.000000E+00   0.198308E+08   0.198308E+08   0.198386E+08  -0.471823E+00   0.103990E+08   0.103990E+08   0.270909E+01
   0.228647E-04   0.198308E+08   0.198308E+08   0.263752E+08   0.263733E+08   0.000000E+00   0.198308E+08   0.198308E+08   0.198385E+08  -0.471821E+00   0.103989E+08   0.103989E+08   0.329392E+01
   0.278084E-04   0.198307E+08   0.198307E+08   0.263436E+08   0.263409E+08   0.000000E+00   0.198307E+08   0.198307E+08   0.198385E+08  -0.471819E+00   0.103989E+08   0.103989E+08   0.400446E+01
   0.338210E-04   0.198306E+08   0.198306E+08   0.262969E+08   0.262929E+08   0.000000E+00   0.198306E+08   0.198306E+08   0.198384E+08  -0.471817E+00   0.103989E+08   0.103989E+08   0.486730E+01
   0.411337E-04   0.198305E+08   0.198305E+08   0.262279E+08   0.262221E+08   0.000000E+00   0.198305E+08   0.198305E+08   0.198382E+08  -0.471812E+00   0.103988E+08   0.103988E+08   0.591431E+01
   0.500274E-04   0.198303E+08   0.198303E+08   0.261263E+08   0.261177E+08   0.000000E+00   0.198303E+08   0.198303E+08   0.198380E+08  -0.471806E+00   0.103987E+08   0.103987E+08   0.718344E+01
   0.608442E-04   0.198300E+08   0.198300E+08   0.259766E+08   0.259639E+08   0.000000E+00   0.198300E+08   0.198300E+08   0.198376E+08  -0.471797E+00   0.103985E+08   0.103985E+08   0.871929E+01
   0.739997E-04   0.198296E+08   0.198296E+08   0.257566E+08   0.257380E+08   0.000000E+00   0.198296E+08   0.198296E+08   0.198371E+08  -0.471784E+00   0.103983E+08   0.103983E+08   0.105735E+02
   0.899996E-04   0.198289E+08   0.198289E+08   0.254344E+08   0.254071E+08   0.000000E+00   0.198289E+08   0.198289E+08   0.198364E+08  -0.471765E+00   0.103979E+08   0.103979E+08   0.128041E+02
   0.109459E-03   0.198280E+08   0.198279E+08   0.249645E+08   0.249248E+08   0.000000E+00   0.198280E+08   0.198280E+08   0.198353E+08  -0.471736E+00   0.103974E+08   0.103974E+08   0.154732E+02
   0.133126E-03   0.198266E+08   0.198265E+08   0.242842E+08   0.242267E+08   0.000000E+00   0.198266E+08   0.198266E+08   0.198337E+08  -0.471693E+00   0.103967E+08   0.103967E+08   0.186422E+02
   0.161910E-03   0.198245E+08   0.198244E+08   0.233091E+08   0.232269E+08   0.000000E+00   0.198245E+08   0.198245E+08   0.198313E+08  -0.471631E+00   0.103956E+08   0.103956E+08   0.223602E+02
   0.196917E-03   0.198214E+08   0.198213E+08   0.219330E+08   0.218173E+08   0.000000E+00   0.198214E+08   0.198214E+08   0.198279E+08  -0.471541E+00   0.103940E+08   0.103939E+08   0.266454E+02
   0.239494E-03   0.198170E+08   0.198168E+08   0.200350E+08   0.198761E+08   0.000000E+00   0.198170E+08   0.198170E+08   0.198228E+08  -0.471409E+00   0.103916E+08   0.103916E+08   0.314522E+02
   0.291277E-03   0.198105E+08   0.198102E+08   0.175061E+08   0.172958E+08   0.000000E+00   0.198104E+08   0.198104E+08   0.198155E+08  -0.471219E+00   0.103881E+08   0.103881E+08   0.366222E+02
   0.354256E-03   0.198010E+08   0.198007E+08   0.143090E+08   0.140461E+08   0.000000E+00   0.198009E+08   0.198009E+08   0.198051E+08  -0.470948E+00   0.103830E+08   0.103830E+08   0.418219E+02
   0.430851E-03   0.197874E+08   0.197869E+08   0.105805E+08   0.102800E+08   0.000000E+00   0.197873E+08   0.197873E+08   0.197904E+08  -0.470567E+00   0.103758E+08   0.103757E+08   0.464888E+02
   0.524009E-03   0.197679E+08   0.197673E+08   0.675109E+07   0.645424E+07   0.000000E+00   0.197678E+08   0.197678E+08   0.197698E+08  -0.470040E+00   0.103654E+08   0.103653E+08   0.498468E+02
   0.637308E-03   0.197406E+08   0.197397E+08   0.355240E+07   0.332687E+07   0.000000E+00   0.197405E+08   0.197405E+08   0.197415E+08  -0.469327E+00   0.103508E+08   0.103507E+08   0.510882E+02
   0.775104E-03   0.197028E+08   0.197016E+08   0.167578E+07   0.158302E+07   0.000000E+00   0.197026E+08   0.197026E+08   0.197031E+08  -0.468377E+00   0.103307E+08   0.103306E+08   0.497761E+02
   0.942694E-03   0.196514E+08   0.196499E+08   0.105433E+07   0.108351E+07   0.000000E+00   0.196512E+08   0.196512E+08   0.196515E+08  -0.467122E+00   0.103034E+08   0.103033E+08   0.462194E+02
   0.114652E-02   0.195825E+08   0.195807E+08   0.714133E+06   0.767459E+06   0.000000E+00   0.195822E+08   0.195822E+08   0.195824E+08  -0.465467E+00   0.102670E+08   0.102668E+08   0.412074E+02
   0.139442E-02   0.194913E+08   0.194894E+08   0.254956E+06   0.282978E+06   0.000000E+00   0.194910E+08   0.194910E+08   0.194911E+08  -0.463288E+00   0.102190E+08   0.102188E+08   0.352051E+02
   0.169591E-02   0.193721E+08   0.193700E+08   0.147928E+06  -0.168699E+06   0.000000E+00   0.193718E+08   0.193718E+08   0.193718E+08  -0.460445E+00   0.101564E+08   0.101562E+08   0.287319E+02
   0.206260E-02   0.192179E+08   0.192158E+08   0.248293E+04  -0.113121E+06   0.000000E+00   0.192176E+08   0.192176E+08   0.192176E+08  -0.456775E+00   0.100754E+08   0.100753E+08   0.229055E+02
   0.250856E-02   0.190206E+08   0.190183E+08   0.867253E+04  -0.756815E+05   0.000000E+00   0.190203E+08   0.190203E+08   0.190202E+08  -0.452082E+00   0.997188E+07   0.997174E+07   0.183256E+02
   0.305096E-02   0.187711E+08   0.187685E+08   0.243037E+04  -0.504892E+05   0.000000E+00   0.187707E+08   0.187707E+08   0.187707E+08  -0.446149E+00   0.984100E+07   0.984086E+07   0.149936E+02
   0.371062E-02   0.184595E+08   0.184564E+08  -0.169299E+05  -0.335646E+05   0.000000E+00   0.184590E+08   0.184590E+08   0.184590E+08  -0.438740E+00   0.967755E+07   0.967741E+07   0.122738E+02
   0.451292E-02   0.180752E+08   0.180715E+08  -0.135763E+05  -0.222180E+05   0.000000E+00   0.180746E+08   0.180746E+08   0.180746E+08  -0.429602E+00   0.947598E+07   0.947584E+07   0.992868E+01
   0.548869E-02   0.176071E+08   0.176024E+08  -0.120901E+05  -0.146310E+05   0.000000E+00   0.176064E+08   0.176064E+08   0.176064E+08  -0.418473E+00   0.923049E+07   0.923036E+07   0.809150E+01
   0.667543E-02   0.170441E+08   0.170381E+08  -0.102696E+05  -0.957472E+04   0.000000E+00   0.170431E+08   0.170431E+08   0.170431E+08  -0.405085E+00   0.893520E+07   0.893507E+07   0.655285E+01
   0.811877E-02   0.163748E+08   0.163670E+08  -0.635651E+04  -0.621865E+04   0.000000E+00   0.163736E+08   0.163736E+08   0.163736E+08  -0.389172E+00   0.858419E+07   0.858406E+07   0.530816E+01
   0.987418E-02   0.155900E+08   0.155795E+08   0.171428E+04  -0.400250E+04   0.000000E+00   0.155884E+08   0.155884E+08   0.155884E+08  -0.370508E+00   0.817252E+07   0.817239E+07   0.431451E+01
   0.120091E-01   0.146756E+08   0.146614E+08  -0.212338E+04  -0.254705E+04   0.000000E+00   0.146734E+08   0.146734E+08   0.146734E+08  -0.348760E+00   0.769281E+07   0.769268E+07   0.351654E+01
   0.146057E-01   0.136292E+08   0.136102E+08   0.356154E+03  -0.159907E+04   0.000000E+00   0.136263E+08   0.136263E+08   0.136263E+08  -0.323873E+00   0.714386E+07   0.714374E+07   0.288261E+01
   0.177637E-01   0.124375E+08   0.124124E+08  -0.115629E+04  -0.986440E+03   0.000000E+00   0.124336E+08   0.124336E+08   0.124336E+08  -0.295525E+00   0.651859E+07   0.651846E+07   0.237162E+01
   0.216045E-01   0.111137E+08   0.110815E+08  -0.621112E+02  -0.595829E+03   0.000000E+00   0.111087E+08   0.111087E+08   0.111087E+08  -0.264034E+00   0.582397E+07   0.582384E+07   0.195295E+01
   0.259254E-01   0.978189E+07   0.974322E+07   0.204877E+02  -0.364135E+03   0.000000E+00   0.977590E+07   0.977590E+07   0.977590E+07  -0.232356E+00   0.512524E+07   0.512512E+07   0.161309E+01
   0.302463E-01   0.862241E+07   0.857944E+07  -0.690958E+02  -0.235784E+03   0.000000E+00   0.861576E+07   0.861576E+07   0.861576E+07  -0.204781E+00   0.451702E+07   0.451690E+07   0.134373E+01
   0.345672E-01   0.763692E+07   0.759230E+07  -0.242485E+02  -0.159871E+03   0.000000E+00   0.763001E+07   0.763001E+07   0.763001E+07  -0.181352E+00   0.400023E+07   0.400011E+07   0.111416E+01
   0.388881E-01   0.682032E+07   0.677669E+07  -0.209337E+02  -0.112802E+03   0.000000E+00   0.681357E+07   0.681357E+07   0.681357E+07  -0.161946E+00   0.357219E+07   0.357208E+07   0.912483E+00
   0.432090E-01   0.615900E+07   0.611861E+07  -0.184519E+02  -0.825079E+02   0.000000E+00   0.615275E+07   0.615275E+07   0.615275E+07  -0.146240E+00   0.322573E+07   0.322564E+07   0.735437E+00
   0.475299E-01   0.563002E+07   0.559446E+07   0.121392E+03  -0.623334E+02   0.000000E+00   0.562451E+07   0.562451E+07   0.562451E+07  -0.133685E+00   0.294879E+07   0.294871E+07   0.583243E+00
   0.518508E-01   0.521312E+07   0.518317E+07   0.944594E+02  -0.485023E+02   0.000000E+00   0.520849E+07   0.520849E+07   0.520849E+07  -0.123796E+00   0.273067E+07   0.273060E+07   0.457118E+00
   0.561717E-01   0.487335E+07   0.484897E+07   0.752498E+02  -0.386375E+02   0.000000E+00   0.486958E+07   0.486958E+07   0.486958E+07  -0.115741E+00   0.255299E+07   0.255293E+07   0.357049E+00
   0.604926E-01   0.458647E+07   0.456696E+07   0.610720E+02  -0.313569E+02   0.000000E+00   0.458345E+07   0.458345E+07   0.458345E+07  -0.108941E+00   0.240297E+07   0.240292E+07   0.281940E+00
   0.648135E-01   0.432920E+07   0.431337E+07   0.502213E+02  -0.257852E+02   0.000000E+00   0.432676E+07   0.432676E+07   0.432676E+07  -0.102839E+00   0.226839E+07   0.226835E+07   0.229070E+00
   0.691344E-01   0.408565E+07   0.407212E+07   0.416589E+02  -0.213887E+02   0.000000E+00   0.408355E+07   0.408355E+07   0.408355E+07  -0.970587E-01   0.214089E+07   0.214085E+07   0.194604E+00
   0.734553E-01   0.384632E+07   0.383376E+07   0.347406E+02  -0.178368E+02   0.000000E+00   0.384438E+07   0.384438E+07   0.384438E+07  -0.913740E-01   0.201549E+07   0.201546E+07   0.174031E+00
   0.777762E-01   0.360869E+07   0.359601E+07   0.290721E+02  -0.149266E+02   0.000000E+00   0.360673E+07   0.360673E+07   0.360673E+07  -0.857255E-01   0.189090E+07   0.189086E+07   0.162740E+00
   0.820971E-01   0.337489E+07   0.336139E+07   0.243999E+02  -0.125280E+02   0.000000E+00   0.337280E+07   0.337280E+07   0.337280E+07  -0.801655E-01   0.176826E+07   0.176823E+07   0.156501E+00
   0.864180E-01   0.315049E+07   0.313589E+07   0.205545E+02  -0.105539E+02   0.000000E+00   0.314823E+07   0.314823E+07   0.314823E+07  -0.748278E-01   0.165053E+07   0.165049E+07   0.151882E+00
   0.907389E-01   0.294136E+07   0.292577E+07   0.174040E+02  -0.893647E+01   0.000000E+00   0.293895E+07   0.293895E+07   0.293895E+07  -0.698535E-01   0.154081E+07   0.154077E+07   0.146460E+00
   0.961016E-01   0.271083E+07   0.269464E+07   0.142982E+02  -0.734188E+01   0.000000E+00   0.270832E+07   0.270832E+07   0.270832E+07  -0.643720E-01   0.141991E+07   0.141987E+07   0.136694E+00
   0.101464E+00   0.251880E+07   0.250296E+07   0.119175E+02  -0.611949E+01   0.000000E+00   0.251635E+07   0.251635E+07   0.251635E+07  -0.598092E-01   0.131926E+07   0.131922E+07   0.123205E+00
   0.106827E+00   0.236620E+07   0.235160E+07   0.100999E+02  -0.518611E+01   0.000000E+00   0.236394E+07   0.236394E+07   0.236394E+07  -0.561866E-01   0.123935E+07   0.123932E+07   0.107151E+00
   0.112190E+00   0.224651E+07   0.223378E+07   0.869494E+01  -0.446460E+01   0.000000E+00   0.224454E+07   0.224454E+07   0.224454E+07  -0.533487E-01   0.117675E+07   0.117672E+07   0.904917E-01
   0.117552E+00   0.214868E+07   0.213802E+07   0.757573E+01  -0.388980E+01   0.000000E+00   0.214703E+07   0.214703E+07   0.214703E+07  -0.510310E-01   0.112563E+07   0.112560E+07   0.752379E-01
   0.122915E+00   0.206149E+07   0.205268E+07   0.664871E+01  -0.341373E+01   0.000000E+00   0.206013E+07   0.206013E+07   0.206013E+07  -0.489655E-01   0.108007E+07   0.108004E+07   0.628938E-01
   0.128278E+00   0.197612E+07   0.196863E+07   0.585209E+01  -0.300466E+01   0.000000E+00   0.197496E+07   0.197496E+07   0.197496E+07  -0.469412E-01   0.103541E+07   0.103539E+07   0.541498E-01
   0.133640E+00   0.188710E+07   0.188028E+07   0.514913E+01  -0.264372E+01   0.000000E+00   0.188605E+07   0.188605E+07   0.188605E+07  -0.448279E-01   0.988799E+06   0.988779E+06   0.488521E-01
   0.139003E+00   0.179307E+07   0.178630E+07   0.452219E+01  -0.232186E+01   0.000000E+00   0.179202E+07   0.179202E+07   0.179202E+07  -0.425931E-01   0.939504E+06   0.939485E+06   0.462076E-01
   0.144366E+00   0.169633E+07   0.168921E+07   0.396600E+01  -0.203632E+01   0.000000E+00   0.169523E+07   0.169523E+07   0.169523E+07  -0.402926E-01   0.888761E+06   0.888741E+06   0.451037E-01
   0.149728E+00   0.160119E+07   0.159357E+07   0.347988E+01  -0.178677E+01   0.000000E+00   0.160001E+07   0.160001E+07   0.160001E+07  -0.380295E-01   0.838844E+06   0.838824E+06   0.444287E-01
   0.155091E+00   0.151226E+07   0.150424E+07   0.306296E+01  -0.157273E+01   0.000000E+00   0.151102E+07   0.151102E+07   0.151102E+07  -0.359142E-01   0.792187E+06   0.792167E+06   0.433262E-01
   0.160454E+00   0.143348E+07   0.142533E+07   0.271240E+01  -0.139275E+01   0.000000E+00   0.143222E+07   0.143222E+07   0.143222E+07  -0.340414E-01   0.750877E+06   0.750857E+06   0.413384E-01
   0.165817E+00   0.136715E+07   0.135921E+07   0.242222E+01  -0.124375E+01   0.000000E+00   0.136592E+07   0.136592E+07   0.136592E+07  -0.324655E-01   0.716117E+06   0.716098E+06   0.384193E-01
   0.171179E+00   0.131291E+07   0.130550E+07   0.218272E+01  -0.112076E+01   0.000000E+00   0.131176E+07   0.131176E+07   0.131176E+07  -0.311782E-01   0.687722E+06   0.687704E+06   0.348389E-01
   0.176542E+00   0.126805E+07   0.126136E+07   0.198214E+01  -0.101775E+01   0.000000E+00   0.126702E+07   0.126702E+07   0.126702E+07  -0.301147E-01   0.664262E+06   0.664246E+06   0.310355E-01
   0.181905E+00   0.122892E+07   0.122301E+07   0.180952E+01  -0.929105E+00   0.000000E+00   0.122801E+07   0.122801E+07   0.122801E+07  -0.291875E-01   0.643810E+06   0.643795E+06   0.274672E-01
   0.187267E+00   0.119211E+07   0.118686E+07   0.165633E+01  -0.850437E+00   0.000000E+00   0.119129E+07   0.119129E+07   0.119129E+07  -0.283149E-01   0.624562E+06   0.624549E+06   0.244896E-01
   0.192630E+00   0.115487E+07   0.115011E+07   0.151657E+01  -0.778668E+00   0.000000E+00   0.115413E+07   0.115413E+07   0.115413E+07  -0.274317E-01   0.605079E+06   0.605066E+06   0.222812E-01
   0.197993E+00   0.111554E+07   0.111102E+07   0.138666E+01  -0.711964E+00   0.000000E+00   0.111484E+07   0.111484E+07   0.111484E+07  -0.264978E-01   0.584479E+06   0.584467E+06   0.208302E-01
   0.203355E+00   0.107391E+07   0.106943E+07   0.126540E+01  -0.649713E+00   0.000000E+00   0.107322E+07   0.107322E+07   0.107322E+07  -0.255084E-01   0.562657E+06   0.562645E+06   0.199747E-01
   0.208718E+00   0.103114E+07   0.102656E+07   0.115332E+01  -0.592172E+00   0.000000E+00   0.103043E+07   0.103043E+07   0.103043E+07  -0.244915E-01   0.540226E+06   0.540214E+06   0.194708E-01
   0.214081E+00   0.989042E+06   0.984325E+06   0.105145E+01  -0.539873E+00   0.000000E+00   0.988312E+06   0.988312E+06   0.988312E+06  -0.234904E-01   0.518145E+06   0.518133E+06   0.190661E-01
   0.219443E+00   0.949388E+06   0.944566E+06   0.960517E+00  -0.493189E+00   0.000000E+00   0.948642E+06   0.948642E+06   0.948642E+06  -0.225475E-01   0.497348E+06   0.497335E+06   0.185596E-01
   0.224806E+00   0.913503E+06   0.908672E+06   0.880612E+00  -0.452164E+00   0.000000E+00   0.912755E+06   0.912755E+06   0.912755E+06  -0.216946E-01   0.478533E+06   0.478521E+06   0.178380E-01
   0.230169E+00   0.882032E+06   0.877315E+06   0.811107E+00  -0.416476E+00   0.000000E+00   0.881302E+06   0.881302E+06   0.881302E+06  -0.209470E-01   0.462043E+06   0.462032E+06   0.168841E-01
   0.235531E+00   0.854833E+06   0.850339E+06   0.750719E+00  -0.385467E+00   0.000000E+00   0.854138E+06   0.854138E+06   0.854138E+06  -0.203013E-01   0.447802E+06   0.447790E+06   0.157595E-01
   0.240894E+00   0.831102E+06   0.826900E+06   0.697767E+00  -0.358275E+00   0.000000E+00   0.830452E+06   0.830452E+06   0.830452E+06  -0.197384E-01   0.435383E+06   0.435373E+06   0.145715E-01
   0.246257E+00   0.809657E+06   0.805764E+06   0.650506E+00  -0.334005E+00   0.000000E+00   0.809055E+06   0.809055E+06   0.809055E+06  -0.192298E-01   0.424165E+06   0.424155E+06   0.134366E-01
   0.251620E+00   0.789227E+06   0.785610E+06   0.607374E+00  -0.311856E+00   0.000000E+00   0.788667E+06   0.788667E+06   0.788667E+06  -0.187452E-01   0.413476E+06   0.413467E+06   0.124478E-01
   0.256982E+00   0.768731E+06   0.765325E+06   0.567182E+00  -0.291218E+00   0.000000E+00   0.768204E+06   0.768204E+06   0.768204E+06  -0.182588E-01   0.402748E+06   0.402739E+06   0.116559E-01
   0.262345E+00   0.747577E+06   0.744298E+06   0.529259E+00  -0.271746E+00   0.000000E+00   0.747069E+06   0.747069E+06   0.747069E+06  -0.177565E-01   0.391668E+06   0.391659E+06   0.110646E-01
   0.267708E+00   0.725761E+06   0.722537E+06   0.493430E+00  -0.253351E+00   0.000000E+00   0.725262E+06   0.725262E+06   0.725262E+06  -0.172382E-01   0.380235E+06   0.380226E+06   0.106388E-01
   0.273070E+00   0.703704E+06   0.700484E+06   0.459816E+00  -0.236093E+00   0.000000E+00   0.703206E+06   0.703206E+06   0.703206E+06  -0.167139E-01   0.368671E+06   0.368663E+06   0.103193E-01
   0.278433E+00   0.681979E+06   0.678743E+06   0.428608E+00  -0.220071E+00   0.000000E+00   0.681479E+06   0.681479E+06   0.681479E+06  -0.161975E-01   0.357280E+06   0.357272E+06   0.100405E-01
   0.283796E+00   0.661170E+06   0.657926E+06   0.399964E+00  -0.205365E+00   0.000000E+00   0.660668E+06   0.660668E+06   0.660668E+06  -0.157029E-01   0.346370E+06   0.346362E+06   0.974752E-02
   0.289158E+00   0.641784E+06   0.638564E+06   0.373963E+00  -0.192015E+00   0.000000E+00   0.641286E+06   0.641286E+06   0.641286E+06  -0.152422E-01   0.336209E+06   0.336201E+06   0.940709E-02
   0.294521E+00   0.624125E+06   0.620970E+06   0.350548E+00  -0.179993E+00   0.000000E+00   0.623637E+06   0.623637E+06   0.623637E+06  -0.148227E-01   0.326956E+06   0.326948E+06   0.901072E-02
   0.299884E+00   0.608176E+06   0.605123E+06   0.329484E+00  -0.169177E+00   0.000000E+00   0.607704E+06   0.607704E+06   0.607704E+06  -0.144440E-01   0.318603E+06   0.318595E+06   0.857094E-02
   0.305246E+00   0.593642E+06   0.590716E+06   0.310414E+00  -0.159384E+00   0.000000E+00   0.593189E+06   0.593189E+06   0.593189E+06  -0.140990E-01   0.310993E+06   0.310986E+06   0.811376E-02
   0.310609E+00   0.580102E+06   0.577311E+06   0.292956E+00  -0.150420E+00   0.000000E+00   0.579670E+06   0.579670E+06   0.579670E+06  -0.137777E-01   0.303905E+06   0.303898E+06   0.766970E-02
   0.315972E+00   0.567137E+06   0.564472E+06   0.276774E+00  -0.142111E+00   0.000000E+00   0.566725E+06   0.566725E+06   0.566725E+06  -0.134700E-01   0.297118E+06   0.297111E+06   0.726517E-02
   0.321334E+00   0.554385E+06   0.551825E+06   0.261600E+00  -0.134319E+00   0.000000E+00   0.553989E+06   0.553989E+06   0.553989E+06  -0.131673E-01   0.290441E+06   0.290434E+06   0.691628E-02
   0.326697E+00   0.541601E+06   0.539117E+06   0.247247E+00  -0.126949E+00   0.000000E+00   0.541217E+06   0.541217E+06   0.541217E+06  -0.128638E-01   0.283745E+06   0.283738E+06   0.662658E-02
   0.332060E+00   0.528716E+06   0.526282E+06   0.233631E+00  -0.119958E+00   0.000000E+00   0.528340E+06   0.528340E+06   0.528340E+06  -0.125577E-01   0.276994E+06   0.276987E+06   0.638859E-02
   0.337423E+00   0.515837E+06   0.513433E+06   0.220750E+00  -0.113345E+00   0.000000E+00   0.515465E+06   0.515465E+06   0.515465E+06  -0.122517E-01   0.270244E+06   0.270238E+06   0.618756E-02
   0.342785E+00   0.503166E+06   0.500782E+06   0.208641E+00  -0.107127E+00   0.000000E+00   0.502797E+06   0.502797E+06   0.502797E+06  -0.119506E-01   0.263603E+06   0.263597E+06   0.600596E-02
   0.348148E+00   0.490915E+06   0.488552E+06   0.197335E+00  -0.101323E+00   0.000000E+00   0.490550E+06   0.490550E+06   0.490550E+06  -0.116595E-01   0.257182E+06   0.257176E+06   0.582794E-02
   0.353511E+00   0.479257E+06   0.476922E+06   0.186846E+00  -0.959376E-01   0.000000E+00   0.478895E+06   0.478895E+06   0.478895E+06  -0.113825E-01   0.251072E+06   0.251066E+06   0.564268E-02
   0.358873E+00   0.468295E+06   0.466002E+06   0.177157E+00  -0.909624E-01   0.000000E+00   0.467941E+06   0.467941E+06   0.467941E+06  -0.111221E-01   0.245328E+06   0.245323E+06   0.544593E-02
   0.364236E+00   0.458047E+06   0.455807E+06   0.168215E+00  -0.863711E-01   0.000000E+00   0.457700E+06   0.457700E+06   0.457700E+06  -0.108787E-01   0.239960E+06   0.239954E+06   0.523951E-02
   0.369599E+00   0.448431E+06   0.446254E+06   0.159940E+00  -0.821224E-01   0.000000E+00   0.448094E+06   0.448094E+06   0.448094E+06  -0.106504E-01   0.234924E+06   0.234918E+06   0.502949E-02
   0.374961E+00   0.439313E+06   0.437203E+06   0.152240E+00  -0.781682E-01   0.000000E+00   0.438986E+06   0.438986E+06   0.438986E+06  -0.104339E-01   0.230148E+06   0.230143E+06   0.482383E-02
   0.380324E+00   0.430546E+06   0.428500E+06   0.145025E+00  -0.744636E-01   0.000000E+00   0.430229E+06   0.430229E+06   0.430229E+06  -0.102258E-01   0.225557E+06   0.225552E+06   0.463007E-02
   0.385687E+00   0.422003E+06   0.420015E+06   0.138223E+00  -0.709709E-01   0.000000E+00   0.421695E+06   0.421695E+06   0.421695E+06  -0.100229E-01   0.221083E+06   0.221078E+06   0.445346E-02
   0.391049E+00   0.413585E+06   0.411646E+06   0.131776E+00  -0.676609E-01   0.000000E+00   0.413285E+06   0.413285E+06   0.413285E+06  -0.982306E-02   0.216674E+06   0.216669E+06   0.429591E-02
   0.396412E+00   0.405243E+06   0.403342E+06   0.125648E+00  -0.645145E-01   0.000000E+00   0.404949E+06   0.404949E+06   0.404949E+06  -0.962491E-02   0.212303E+06   0.212298E+06   0.415612E-02
   0.401775E+00   0.396987E+06   0.395117E+06   0.119824E+00  -0.615241E-01   0.000000E+00   0.396697E+06   0.396697E+06   0.396697E+06  -0.942878E-02   0.207977E+06   0.207973E+06   0.403046E-02
   0.407137E+00   0.388880E+06   0.387036E+06   0.114305E+00  -0.586904E-01   0.000000E+00   0.388595E+06   0.388595E+06   0.388595E+06  -0.923621E-02   0.203730E+06   0.203725E+06   0.391424E-02
   0.412500E+00   0.380997E+06   0.379178E+06   0.109094E+00  -0.560151E-01   0.000000E+00   0.380716E+06   0.380716E+06   0.380716E+06  -0.904893E-02   0.199599E+06   0.199594E+06   0.380279E-02
   0.417863E+00   0.373389E+06   0.371595E+06   0.104189E+00  -0.534962E-01   0.000000E+00   0.373111E+06   0.373111E+06   0.373111E+06  -0.886819E-02   0.195612E+06   0.195607E+06   0.369251E-02
   0.423226E+00   0.366085E+06   0.364321E+06   0.995781E-01  -0.511290E-01   0.000000E+00   0.365812E+06   0.365812E+06   0.365812E+06  -0.869470E-02   0.191785E+06   0.191781E+06   0.358141E-02
   0.428588E+00   0.359104E+06   0.357372E+06   0.952500E-01  -0.489067E-01   0.000000E+00   0.358836E+06   0.358836E+06   0.358836E+06  -0.852889E-02   0.188128E+06   0.188123E+06   0.346938E-02
   0.433951E+00   0.352438E+06   0.350743E+06   0.911860E-01  -0.468200E-01   0.000000E+00   0.352176E+06   0.352176E+06   0.352176E+06  -0.837060E-02   0.184636E+06   0.184632E+06   0.335767E-02
   0.439314E+00   0.346046E+06   0.344388E+06   0.873599E-01  -0.448554E-01   0.000000E+00   0.345789E+06   0.345789E+06   0.345789E+06  -0.821879E-02   0.181288E+06   0.181284E+06   0.324826E-02
   0.444676E+00   0.339864E+06   0.338243E+06   0.837426E-01  -0.429980E-01   0.000000E+00   0.339613E+06   0.339613E+06   0.339613E+06  -0.807200E-02   0.178050E+06   0.178046E+06   0.314315E-02
   0.450039E+00   0.333844E+06   0.332259E+06   0.803109E-01  -0.412360E-01   0.000000E+00   0.333599E+06   0.333599E+06   0.333599E+06  -0.792905E-02   0.174897E+06   0.174893E+06   0.304399E-02
   0.455402E+00   0.327959E+06   0.326406E+06   0.770481E-01  -0.395607E-01   0.000000E+00   0.327719E+06   0.327719E+06   0.327719E+06  -0.778929E-02   0.171814E+06   0.171810E+06   0.295165E-02
   0.460764E+00   0.322188E+06   0.320663E+06   0.739408E-01  -0.379652E-01   0.000000E+00   0.321952E+06   0.321952E+06   0.321952E+06  -0.765223E-02   0.168791E+06   0.168787E+06   0.286606E-02
   0.466127E+00   0.316516E+06   0.315016E+06   0.709772E-01  -0.364436E-01   0.000000E+00   0.316284E+06   0.316284E+06   0.316284E+06  -0.751751E-02   0.165819E+06   0.165815E+06   0.278637E-02
   0.471490E+00   0.310948E+06   0.309470E+06   0.681512E-01  -0.349925E-01   0.000000E+00   0.310719E+06   0.310719E+06   0.310719E+06  -0.738523E-02   0.162901E+06   0.162898E+06   0.271127E-02
   0.476852E+00   0.305508E+06   0.304052E+06   0.654612E-01  -0.336114E-01   0.000000E+00   0.305283E+06   0.305283E+06   0.305283E+06  -0.725602E-02   0.160051E+06   0.160047E+06   0.263942E-02
   0.482215E+00   0.300223E+06   0.298789E+06   0.629058E-01  -0.322993E-01   0.000000E+00   0.300001E+06   0.300001E+06   0.300001E+06  -0.713048E-02   0.157282E+06   0.157278E+06   0.256967E-02
   0.487578E+00   0.295101E+06   0.293689E+06   0.604799E-01  -0.310537E-01   0.000000E+00   0.294883E+06   0.294883E+06   0.294883E+06  -0.700884E-02   0.154599E+06   0.154595E+06   0.250120E-02
   0.492940E+00   0.290142E+06   0.288753E+06   0.581767E-01  -0.298712E-01   0.000000E+00   0.289927E+06   0.289927E+06   0.289927E+06  -0.689105E-02   0.152001E+06   0.151997E+06   0.243368E-02
   0.498303E+00   0.285343E+06   0.283978E+06   0.559897E-01  -0.287482E-01   0.000000E+00   0.285132E+06   0.285132E+06   0.285132E+06  -0.677708E-02   0.149487E+06   0.149483E+06   0.236725E-02
   0.503666E+00   0.280700E+06   0.279359E+06   0.539121E-01  -0.276815E-01   0.000000E+00   0.280493E+06   0.280493E+06   0.280493E+06  -0.666681E-02   0.147055E+06   0.147051E+06   0.230235E-02
   0.509028E+00   0.276196E+06   0.274878E+06   0.519352E-01  -0.266664E-01   0.000000E+00   0.275992E+06   0.275992E+06   0.275992E+06  -0.655984E-02   0.144695E+06   0.144692E+06   0.223951E-02
   0.514391E+00   0.271807E+06   0.270512E+06   0.500498E-01  -0.256983E-01   0.000000E+00   0.271606E+06   0.271606E+06   0.271606E+06  -0.645560E-02   0.142396E+06   0.142392E+06   0.217916E-02
   0.519754E+00   0.267516E+06   0.266244E+06   0.482485E-01  -0.247734E-01   0.000000E+00   0.267319E+06   0.267319E+06   0.267319E+06  -0.635369E-02   0.140148E+06   0.140145E+06   0.212159E-02
   0.525117E+00   0.263317E+06   0.262066E+06   0.465263E-01  -0.238891E-01   0.000000E+00   0.263124E+06   0.263124E+06   0.263124E+06  -0.625398E-02   0.137948E+06   0.137945E+06   0.206690E-02
   0.530479E+00   0.259207E+06   0.257975E+06   0.448787E-01  -0.230432E-01   0.000000E+00   0.259016E+06   0.259016E+06   0.259016E+06  -0.615635E-02   0.135795E+06   0.135792E+06   0.201490E-02
   0.535842E+00   0.255180E+06   0.253966E+06   0.433015E-01  -0.222334E-01   0.000000E+00   0.254992E+06   0.254992E+06   0.254992E+06  -0.606070E-02   0.133685E+06   0.133682E+06   0.196527E-02
   0.541205E+00   0.251236E+06   0.250040E+06   0.417916E-01  -0.214581E-01   0.000000E+00   0.251051E+06   0.251051E+06   0.251051E+06  -0.596704E-02   0.131619E+06   0.131616E+06   0.191757E-02
   0.546567E+00   0.247385E+06   0.246205E+06   0.403473E-01  -0.207165E-01   0.000000E+00   0.247202E+06   0.247202E+06   0.247202E+06  -0.587555E-02   0.129601E+06   0.129598E+06   0.187144E-02
   0.551930E+00   0.243631E+06   0.242469E+06   0.389667E-01  -0.200077E-01   0.000000E+00   0.243451E+06   0.243451E+06   0.243451E+06  -0.578640E-02   0.127635E+06   0.127632E+06   0.182659E-02
   0.557293E+00   0.239976E+06   0.238831E+06   0.376470E-01  -0.193300E-01   0.000000E+00   0.239799E+06   0.239799E+06   0.239799E+06  -0.569959E-02   0.125720E+06   0.125717E+06   0.178283E-02
   0.562655E+00   0.236415E+06   0.235286E+06   0.363847E-01  -0.186819E-01   0.000000E+00   0.236240E+06   0.236240E+06   0.236240E+06  -0.561500E-02   0.123854E+06   0.123851E+06   0.174009E-02
   0.568018E+00   0.232944E+06   0.231832E+06   0.351768E-01  -0.180617E-01   0.000000E+00   0.232772E+06   0.232772E+06   0.232772E+06  -0.553257E-02   0.122036E+06   0.122033E+06   0.169841E-02
   0.573381E+00   0.229562E+06   0.228467E+06   0.340206E-01  -0.174681E-01   0.000000E+00   0.229392E+06   0.229392E+06   0.229392E+06  -0.545225E-02   0.120264E+06   0.120261E+06   0.165792E-02
   0.578743E+00   0.226262E+06   0.225184E+06   0.329131E-01  -0.168994E-01   0.000000E+00   0.226095E+06   0.226095E+06   0.226095E+06  -0.537388E-02   0.118535E+06   0.118533E+06   0.161873E-02
   0.584106E+00   0.223035E+06   0.221972E+06   0.318507E-01  -0.163539E-01   0.000000E+00   0.222870E+06   0.222870E+06   0.222870E+06  -0.529723E-02   0.116845E+06   0.116842E+06   0.158091E-02
   0.589469E+00   0.219874E+06   0.218827E+06   0.308305E-01  -0.158301E-01   0.000000E+00   0.219712E+06   0.219712E+06   0.219712E+06  -0.522215E-02   0.115189E+06   0.115186E+06   0.154448E-02
   0.594832E+00   0.216778E+06   0.215746E+06   0.298509E-01  -0.153271E-01   0.000000E+00   0.216618E+06   0.216618E+06   0.216618E+06  -0.514863E-02   0.113567E+06   0.113564E+06   0.150942E-02
   0.600194E+00   0.213748E+06   0.212730E+06   0.289100E-01  -0.148440E-01   0.000000E+00   0.213590E+06   0.213590E+06   0.213590E+06  -0.507666E-02   0.111980E+06   0.111977E+06   0.147564E-02
   0.605557E+00   0.210780E+06   0.209776E+06   0.280058E-01  -0.143797E-01   0.000000E+00   0.210624E+06   0.210624E+06   0.210624E+06  -0.500616E-02   0.110425E+06   0.110422E+06   0.144303E-02
   0.610920E+00   0.207871E+06   0.206881E+06   0.271366E-01  -0.139334E-01   0.000000E+00   0.207718E+06   0.207718E+06   0.207718E+06  -0.493708E-02   0.108901E+06   0.108898E+06   0.141143E-02
   0.616282E+00   0.205025E+06   0.204048E+06   0.263012E-01  -0.135045E-01   0.000000E+00   0.204873E+06   0.204873E+06   0.204873E+06  -0.486947E-02   0.107409E+06   0.107407E+06   0.138075E-02
   0.621645E+00   0.202243E+06   0.201279E+06   0.254987E-01  -0.130924E-01   0.000000E+00   0.202094E+06   0.202094E+06   0.202094E+06  -0.480341E-02   0.105952E+06   0.105950E+06   0.135090E-02
   0.627008E+00   0.199524E+06   0.198573E+06   0.247275E-01  -0.126964E-01   0.000000E+00   0.199377E+06   0.199377E+06   0.199377E+06  -0.473884E-02   0.104528E+06   0.104526E+06   0.132183E-02
   0.680214E+00   0.175433E+06   0.174597E+06   0.184735E-01  -0.948533E-02   0.000000E+00   0.175304E+06   0.175304E+06   0.175304E+06  -0.416665E-02   0.919069E+05   0.919047E+05   0.107455E-02
   0.737935E+00   0.154108E+06   0.153374E+06   0.137885E-01  -0.707980E-02   0.000000E+00   0.153994E+06   0.153994E+06   0.153994E+06  -0.366017E-02   0.807349E+05   0.807330E+05   0.873554E-03
   0.800554E+00   0.135263E+06   0.134619E+06   0.102832E-01  -0.527997E-02   0.000000E+00   0.135164E+06   0.135164E+06   0.135164E+06  -0.321260E-02   0.708626E+05   0.708609E+05   0.710152E-03
   0.868486E+00   0.118627E+06   0.118062E+06   0.766279E-02  -0.393450E-02   0.000000E+00   0.118540E+06   0.118540E+06   0.118540E+06  -0.281747E-02   0.621471E+05   0.621456E+05   0.577330E-03
   0.942183E+00   0.103956E+06   0.103461E+06   0.570569E-02  -0.292962E-02   0.000000E+00   0.103880E+06   0.103880E+06   0.103880E+06  -0.246903E-02   0.544612E+05   0.544599E+05   0.469445E-03
   0.101542E+01   0.920188E+05   0.915807E+05   0.434823E-02  -0.223263E-02   0.000000E+00   0.919510E+05   0.919510E+05   0.919510E+05  -0.218551E-02   0.482074E+05   0.482062E+05   0.388297E-03
   0.126811E+01   0.638393E+05   0.635353E+05   0.193421E-02  -0.993135E-03   0.000000E+00   0.637922E+05   0.637922E+05   0.637922E+05  -0.151623E-02   0.334445E+05   0.334437E+05   0.221856E-03
   0.158368E+01   0.440755E+05   0.438656E+05   0.856233E-03  -0.439642E-03   0.000000E+00   0.440430E+05   0.440430E+05   0.440430E+05  -0.104682E-02   0.230906E+05   0.230900E+05   0.127977E-03
   0.197777E+01   0.302968E+05   0.301525E+05   0.377372E-03  -0.193767E-03   0.000000E+00   0.302745E+05   0.302745E+05   0.302745E+05  -0.719570E-03   0.158721E+05   0.158716E+05   0.750235E-04
   0.246994E+01   0.207419E+05   0.206430E+05   0.165653E-03  -0.850577E-04   0.000000E+00   0.207266E+05   0.207266E+05   0.207266E+05  -0.492634E-03   0.108664E+05   0.108661E+05   0.450515E-04
   0.308458E+01   0.141477E+05   0.140801E+05   0.724454E-04  -0.371992E-04   0.000000E+00   0.141372E+05   0.141372E+05   0.141372E+05  -0.336016E-03   0.741177E+04   0.741151E+04   0.279500E-04
   0.385217E+01   0.961614E+04   0.957013E+04   0.315718E-04  -0.162120E-04   0.000000E+00   0.960902E+04   0.960902E+04   0.960902E+04  -0.228389E-03   0.503777E+04   0.503756E+04   0.180519E-04
   0.481078E+01   0.651401E+04   0.648273E+04   0.137125E-04  -0.704160E-05   0.000000E+00   0.650917E+04   0.650917E+04   0.650917E+04  -0.154711E-03   0.341260E+04   0.341243E+04   0.121946E-04
   0.600794E+01   0.439764E+04   0.437641E+04   0.593542E-05  -0.304814E-05   0.000000E+00   0.439436E+04   0.439436E+04   0.439436E+04  -0.104446E-03   0.230386E+04   0.230371E+04   0.861825E-05
   0.750301E+01   0.295811E+04   0.294371E+04   0.255976E-05  -0.131471E-05   0.000000E+00   0.295589E+04   0.295589E+04   0.295589E+04  -0.702561E-04   0.154971E+04   0.154957E+04   0.634400E-05
   0.937012E+01   0.198150E+04   0.197172E+04   0.109930E-05  -0.564702E-06   0.000000E+00   0.197999E+04   0.197999E+04   0.197999E+04  -0.470607E-04   0.103808E+04   0.103794E+04   0.482651E-05
   0.117019E+02   0.132035E+04   0.131370E+04   0.469601E-06  -0.241292E-06   0.000000E+00   0.131933E+04   0.131933E+04   0.131933E+04  -0.313580E-04   0.691712E+03   0.691580E+03   0.375990E-05
   0.146139E+02   0.873509E+03   0.868967E+03   0.199151E-06  -0.102370E-06   0.000000E+00   0.872806E+03   0.872806E+03   0.872806E+03  -0.207450E-04   0.457615E+03   0.457485E+03   0.297034E-05
   0.182505E+02   0.571836E+03   0.568720E+03   0.835619E-07  -0.429807E-07   0.000000E+00   0.571354E+03   0.571354E+03   0.571354E+03  -0.135801E-04   0.299572E+03   0.299443E+03   0.235677E-05
   0.227921E+02   0.368302E+03   0.366151E+03   0.344884E-07  -0.177568E-07   0.000000E+00   0.367969E+03   0.367969E+03   0.367969E+03  -0.874596E-05   0.192943E+03   0.192816E+03   0.185835E-05
   0.284639E+02   0.231065E+03   0.229575E+03   0.138611E-07  -0.714749E-08   0.000000E+00   0.230834E+03   0.230834E+03   0.230834E+03  -0.548652E-05   0.121047E+03   0.120924E+03   0.143684E-05
   0.355471E+02   0.138734E+03   0.137708E+03   0.532871E-08  -0.275433E-08   0.000000E+00   0.138575E+03   0.138575E+03   0.138575E+03  -0.329369E-05   0.726762E+02   0.725624E+02   0.106763E-05
   0.443930E+02   0.771226E+02   0.764385E+02   0.189522E-08  -0.983263E-09   0.000000E+00   0.770167E+02   0.770167E+02   0.770167E+02  -0.183055E-05   0.403994E+02   0.403014E+02   0.736292E-06
   0.554402E+02   0.370367E+02   0.366232E+02   0.581595E-09  -0.303494E-09   0.000000E+00   0.369727E+02   0.369727E+02   0.369727E+02  -0.878775E-06   0.194000E+02   0.193270E+02   0.439196E-06
   0.692364E+02   0.126957E+02   0.125088E+02   0.127154E-09  -0.669561E-10   0.000000E+00   0.126668E+02   0.126668E+02   0.126668E+02  -0.301067E-06   0.664949E+01   0.661067E+01   0.187072E-06
   0.864658E+02   0.395145E+00   0.387333E+00   0.251462E-11  -0.134635E-11   0.000000E+00   0.393936E+00   0.393936E+00   0.393936E+00  -0.936316E-08   0.206987E+00   0.205075E+00   0.737670E-08
   0.107983E+03  -0.295615E+01  -0.287085E+01  -0.119209E-10   0.650174E-11   0.000000E+00  -0.294295E+01  -0.294295E+01  -0.294295E+01   0.699486E-07  -0.154770E+01  -0.152611E+01  -0.666967E-07
   0.134854E+03  -0.133511E+01  -0.127912E+01  -0.338410E-11   0.190822E-11   0.000000E+00  -0.132644E+01  -0.132644E+01  -0.132644E+01   0.315272E-07  -0.698775E+00  -0.683757E+00  -0.371495E-07
   0.168412E+03   0.412249E+00   0.386633E+00   0.649698E-12  -0.385341E-12   0.000000E+00   0.408286E+00   0.408286E+00   0.408286E+00  -0.970422E-08   0.215643E+00   0.208560E+00   0.140288E-07
   0.210322E+03   0.914393E-01   0.830457E-01   0.880184E-13  -0.565079E-13   0.000000E+00   0.901408E-01   0.901408E-01   0.901408E-01  -0.214248E-08   0.478041E-01   0.454195E-01   0.378217E-08
   0.262660E+03  -0.708924E-01  -0.612223E-01  -0.407058E-13   0.292182E-13   0.000000E+00  -0.693964E-01  -0.693964E-01  -0.693964E-01   0.164943E-08  -0.370081E-01  -0.342721E-01  -0.347475E-08
   0.328022E+03   0.147233E-01   0.117872E-01   0.483608E-14  -0.412395E-14   0.000000E+00   0.142691E-01   0.142691E-01   0.142691E-01  -0.339151E-09   0.767523E-02   0.684927E-02   0.839957E-09
