#           k/h    P           
   0.104501E-04   0.495834E+02
   0.127096E-04   0.599384E+02
   0.154576E-04   0.724558E+02
   0.187998E-04   0.875873E+02
   0.228647E-04   0.105879E+03
   0.278084E-04   0.127990E+03
   0.338210E-04   0.154718E+03
   0.411337E-04   0.187027E+03
   0.500274E-04   0.226081E+03
   0.608442E-04   0.273288E+03
   0.739997E-04   0.330347E+03
   0.899996E-04   0.399310E+03
   0.109459E-03   0.482656E+03
   0.133126E-03   0.583372E+03
   0.161910E-03   0.705056E+03
   0.196917E-03   0.852038E+03
   0.239494E-03   0.102951E+04
   0.291277E-03   0.124370E+04
   0.354256E-03   0.150199E+04
   0.430851E-03   0.181317E+04
   0.524009E-03   0.218752E+04
   0.637308E-03   0.263705E+04
   0.775104E-03   0.317557E+04
   0.942694E-03   0.381873E+04
   0.114652E-02   0.458390E+04
   0.139442E-02   0.548972E+04
   0.169591E-02   0.655526E+04
   0.206260E-02   0.779859E+04
   0.250856E-02   0.923466E+04
   0.305096E-02   0.108722E+05
   0.371062E-02   0.127099E+05
   0.451292E-02   0.147310E+05
   0.548869E-02   0.168968E+05
   0.667543E-02   0.191396E+05
   0.811877E-02   0.213546E+05
   0.987418E-02   0.233978E+05
   0.120091E-01   0.250611E+05
   0.146057E-01   0.261254E+05
   0.177637E-01   0.262948E+05
   0.216045E-01   0.253724E+05
   0.259254E-01   0.234455E+05
   0.302463E-01   0.211436E+05
   0.345672E-01   0.188714E+05
   0.388881E-01   0.168665E+05
   0.432090E-01   0.152301E+05
   0.475299E-01   0.139566E+05
   0.518508E-01   0.130192E+05
   0.561717E-01   0.122957E+05
   0.604926E-01   0.117022E+05
   0.648135E-01   0.111470E+05
   0.691344E-01   0.105677E+05
   0.734553E-01   0.993057E+04
   0.777762E-01   0.923631E+04
   0.820971E-01   0.850922E+04
   0.864180E-01   0.778927E+04
   0.907389E-01   0.711438E+04
   0.961016E-01   0.638451E+04
   0.101464E+00   0.580663E+04
   0.106827E+00   0.538441E+04
   0.112190E+00   0.508816E+04
   0.117552E+00   0.486946E+04
   0.122915E+00   0.467988E+04
   0.128278E+00   0.448142E+04
   0.133640E+00   0.425136E+04
   0.139003E+00   0.398613E+04
   0.144366E+00   0.369943E+04
   0.149728E+00   0.341312E+04
   0.155091E+00   0.314868E+04
   0.160454E+00   0.292280E+04
   0.165817E+00   0.274385E+04
   0.171179E+00   0.260933E+04
   0.176542E+00   0.250784E+04
   0.181905E+00   0.242483E+04
   0.187267E+00   0.234697E+04
   0.192630E+00   0.226376E+04
   0.197993E+00   0.216903E+04
   0.203355E+00   0.206263E+04
   0.208718E+00   0.194983E+04
   0.214081E+00   0.183814E+04
   0.219443E+00   0.173446E+04
   0.224806E+00   0.164358E+04
   0.230169E+00   0.156756E+04
   0.235531E+00   0.150559E+04
   0.240894E+00   0.145460E+04
   0.246257E+00   0.141038E+04
   0.251620E+00   0.136847E+04
   0.256982E+00   0.132518E+04
   0.262345E+00   0.127860E+04
   0.267708E+00   0.122889E+04
   0.273070E+00   0.117768E+04
   0.278433E+00   0.112704E+04
   0.283796E+00   0.107900E+04
   0.289158E+00   0.103521E+04
   0.294521E+00   0.996601E+03
   0.299884E+00   0.963025E+03
   0.305246E+00   0.933480E+03
   0.310609E+00   0.906605E+03
   0.315972E+00   0.881077E+03
   0.321334E+00   0.855783E+03
   0.326697E+00   0.829998E+03
   0.332060E+00   0.803559E+03
   0.337423E+00   0.776847E+03
   0.342785E+00   0.750518E+03
   0.348148E+00   0.725232E+03
   0.353511E+00   0.701501E+03
   0.358873E+00   0.679625E+03
   0.364236E+00   0.659627E+03
   0.369599E+00   0.641262E+03
   0.374961E+00   0.624123E+03
   0.380324E+00   0.607791E+03
   0.385687E+00   0.591907E+03
   0.391049E+00   0.576205E+03
   0.396412E+00   0.560553E+03
   0.401775E+00   0.545000E+03
   0.407137E+00   0.529736E+03
   0.412500E+00   0.514967E+03
   0.417863E+00   0.500837E+03
   0.423226E+00   0.487427E+03
   0.428588E+00   0.474779E+03
   0.433951E+00   0.462871E+03
   0.439314E+00   0.451586E+03
   0.444676E+00   0.440760E+03
   0.450039E+00   0.430264E+03
   0.455402E+00   0.420031E+03
   0.460764E+00   0.410012E+03
   0.466127E+00   0.400171E+03
   0.471490E+00   0.390524E+03
   0.476852E+00   0.381138E+03
   0.482215E+00   0.372080E+03
   0.487578E+00   0.363372E+03
   0.492940E+00   0.355010E+03
   0.498303E+00   0.346989E+03
   0.503666E+00   0.339296E+03
   0.509028E+00   0.331890E+03
   0.514391E+00   0.324712E+03
   0.519754E+00   0.317724E+03
   0.525117E+00   0.310911E+03
   0.530479E+00   0.304266E+03
   0.535842E+00   0.297778E+03
   0.541205E+00   0.291448E+03
   0.546567E+00   0.285296E+03
   0.551930E+00   0.279339E+03
   0.557293E+00   0.273576E+03
   0.562655E+00   0.267995E+03
   0.568018E+00   0.262590E+03
   0.573381E+00   0.257357E+03
   0.578743E+00   0.252281E+03
   0.584106E+00   0.247340E+03
   0.589469E+00   0.242521E+03
   0.594832E+00   0.237821E+03
   0.600194E+00   0.233242E+03
   0.605557E+00   0.228775E+03
   0.610920E+00   0.224417E+03
   0.616282E+00   0.220173E+03
   0.621645E+00   0.216048E+03
   0.627008E+00   0.212039E+03
   0.680214E+00   0.177409E+03
   0.737935E+00   0.148160E+03
   0.800554E+00   0.123529E+03
   0.868486E+00   0.102826E+03
   0.942183E+00   0.854593E+02
   0.101542E+01   0.720045E+02
   0.126811E+01   0.429963E+02
   0.158368E+01   0.254277E+02
   0.197777E+01   0.149069E+02
   0.246994E+01   0.867012E+01
   0.308458E+01   0.500642E+01
   0.385217E+01   0.287180E+01
   0.481078E+01   0.163730E+01
   0.600794E+01   0.928169E+00
   0.750301E+01   0.523328E+00
   0.937012E+01   0.293510E+00
   0.117019E+02   0.163733E+00
   0.146139E+02   0.908076E-01
   0.182505E+02   0.500226E-01
   0.227921E+02   0.273206E-01
   0.284639E+02   0.147475E-01
   0.355471E+02   0.782512E-02
   0.443930E+02   0.404390E-02
   0.554402E+02   0.200355E-02
   0.692364E+02   0.925966E-03
   0.864658E+02   0.379913E-03
   0.107983E+03   0.125593E-03
   0.134854E+03   0.266648E-04
   0.168412E+03   0.149077E-05
   0.210322E+03   0.428194E-06
   0.262660E+03   0.578202E-06
   0.328022E+03   0.586226E-08
