#          k/h    CDM            baryon         photon         nu             mass_nu        total          no_nu          total_de       Weyl           v_CDM          v_b            v_b-v_c     
   0.104501E-04   0.198309E+08   0.198309E+08   0.264274E+08   0.264270E+08   0.000000E+00   0.198309E+08   0.198309E+08   0.198387E+08  -0.471824E+00   0.103990E+08   0.103990E+08   0.965007E+00
   0.127096E-04   0.198309E+08   0.198309E+08   0.264208E+08   0.264202E+08   0.000000E+00   0.198309E+08   0.198309E+08   0.198386E+08  -0.471824E+00   0.103990E+08   0.103990E+08   0.117357E+01
   0.154576E-04   0.198309E+08   0.198309E+08   0.264110E+08   0.264102E+08   0.000000E+00   0.198309E+08   0.198309E+08   0.198386E+08  -0.471823E+00   0.103990E+08   0.103990E+08   0.142716E+01
   0.187998E-04   0.198308E+08   0.198308E+08   0.263965E+08   0.263953E+08   0.000000E+00   0.198308E+08   0.198308E+08   0.198386E+08  -0.471823E+00   0.103990E+08   0.103990E+08   0.173546E+01
   0.228647E-04   0.198308E+08   0.198308E+08   0.263752E+08   0.263733E+08   0.000000E+00   0.198308E+08   0.198308E+08   0.198385E+08  -0.471821E+00   0.103989E+08   0.103989E+08   0.211020E+01
   0.278084E-04   0.198307E+08   0.198307E+08   0.263436E+08   0.263409E+08   0.000000E+00   0.198307E+08   0.198307E+08   0.198385E+08  -0.471819E+00   0.103989E+08   0.103989E+08   0.256556E+01
   0.338210E-04   0.198306E+08   0.198306E+08   0.262969E+08   0.262929E+08   0.000000E+00   0.198306E+08   0.198306E+08   0.198384E+08  -0.471817E+00   0.103989E+08   0.103989E+08   0.311866E+01
   0.411337E-04   0.198305E+08   0.198305E+08   0.262279E+08   0.262221E+08   0.000000E+00   0.198305E+08   0.198305E+08   0.198382E+08  -0.471812E+00   0.103988E+08   0.103988E+08   0.379007E+01
   0.500274E-04   0.198303E+08   0.198303E+08   0.261263E+08   0.261177E+08   0.000000E+00   0.198303E+08   0.198303E+08   0.198380E+08  -0.471806E+00   0.103987E+08   0.103987E+08   0.460433E+01
   0.608442E-04   0.198300E+08   0.198300E+08   0.259766E+08   0.259639E+08   0.000000E+00   0.198300E+08   0.198300E+08   0.198376E+08  -0.471797E+00   0.103985E+08   0.103985E+08   0.559051E+01
   0.739997E-04   0.198296E+08   0.198296E+08   0.257566E+08   0.257380E+08   0.000000E+00   0.198296E+08   0.198296E+08   0.198371E+08  -0.471784E+00   0.103983E+08   0.103983E+08   0.678249E+01
   0.899996E-04   0.198289E+08   0.198289E+08   0.254344E+08   0.254071E+08   0.000000E+00   0.198289E+08   0.198289E+08   0.198364E+08  -0.471765E+00   0.103979E+08   0.103979E+08   0.821892E+01
   0.109459E-03   0.198280E+08   0.198280E+08   0.249645E+08   0.249248E+08   0.000000E+00   0.198280E+08   0.198280E+08   0.198353E+08  -0.471736E+00   0.103974E+08   0.103974E+08   0.994228E+01
   0.133126E-03   0.198266E+08   0.198265E+08   0.242842E+08   0.242267E+08   0.000000E+00   0.198266E+08   0.198266E+08   0.198337E+08  -0.471693E+00   0.103967E+08   0.103967E+08   0.119963E+02
   0.161910E-03   0.198245E+08   0.198245E+08   0.233091E+08   0.232269E+08   0.000000E+00   0.198245E+08   0.198245E+08   0.198313E+08  -0.471631E+00   0.103956E+08   0.103956E+08   0.144204E+02
   0.196917E-03   0.198214E+08   0.198214E+08   0.219330E+08   0.218173E+08   0.000000E+00   0.198214E+08   0.198214E+08   0.198279E+08  -0.471541E+00   0.103940E+08   0.103939E+08   0.172396E+02
   0.239494E-03   0.198170E+08   0.198169E+08   0.200350E+08   0.198761E+08   0.000000E+00   0.198170E+08   0.198170E+08   0.198228E+08  -0.471409E+00   0.103916E+08   0.103916E+08   0.204462E+02
   0.291277E-03   0.198104E+08   0.198104E+08   0.175061E+08   0.172958E+08   0.000000E+00   0.198104E+08   0.198104E+08   0.198155E+08  -0.471219E+00   0.103881E+08   0.103881E+08   0.239722E+02
   0.354256E-03   0.198010E+08   0.198008E+08   0.143090E+08   0.140461E+08   0.000000E+00   0.198009E+08   0.198009E+08   0.198051E+08  -0.470948E+00   0.103830E+08   0.103830E+08   0.276511E+02
   0.430851E-03   0.197873E+08   0.197871E+08   0.105805E+08   0.102800E+08   0.000000E+00   0.197873E+08   0.197873E+08   0.197904E+08  -0.470567E+00   0.103758E+08   0.103757E+08   0.311777E+02
   0.524009E-03   0.197679E+08   0.197676E+08   0.675111E+07   0.645424E+07   0.000000E+00   0.197678E+08   0.197678E+08   0.197698E+08  -0.470040E+00   0.103654E+08   0.103653E+08   0.340947E+02
   0.637308E-03   0.197405E+08   0.197402E+08   0.355241E+07   0.332687E+07   0.000000E+00   0.197405E+08   0.197405E+08   0.197415E+08  -0.469327E+00   0.103508E+08   0.103508E+08   0.358538E+02
   0.775104E-03   0.197027E+08   0.197023E+08   0.167579E+07   0.158302E+07   0.000000E+00   0.197026E+08   0.197026E+08   0.197031E+08  -0.468377E+00   0.103307E+08   0.103306E+08   0.359960E+02
   0.942694E-03   0.196512E+08   0.196507E+08   0.105433E+07   0.108351E+07   0.000000E+00   0.196512E+08   0.196512E+08   0.196515E+08  -0.467122E+00   0.103034E+08   0.103033E+08   0.343796E+02
   0.114652E-02   0.195823E+08   0.195817E+08   0.714131E+06   0.767459E+06   0.000000E+00   0.195822E+08   0.195822E+08   0.195824E+08  -0.465467E+00   0.102670E+08   0.102669E+08   0.312131E+02
   0.139442E-02   0.194912E+08   0.194904E+08   0.254955E+06   0.282978E+06   0.000000E+00   0.194910E+08   0.194910E+08   0.194911E+08  -0.463288E+00   0.102190E+08   0.102189E+08   0.268683E+02
   0.169591E-02   0.193719E+08   0.193711E+08   0.147925E+06  -0.168699E+06   0.000000E+00   0.193718E+08   0.193718E+08   0.193718E+08  -0.460445E+00   0.101564E+08   0.101563E+08   0.219869E+02
   0.206260E-02   0.192177E+08   0.192167E+08   0.247923E+04  -0.113121E+06   0.000000E+00   0.192176E+08   0.192176E+08   0.192176E+08  -0.456775E+00   0.100754E+08   0.100753E+08   0.174763E+02
   0.250856E-02   0.190204E+08   0.190193E+08   0.867240E+04  -0.756815E+05   0.000000E+00   0.190203E+08   0.190203E+08   0.190202E+08  -0.452082E+00   0.997188E+07   0.997177E+07   0.139595E+02
   0.305096E-02   0.187709E+08   0.187695E+08   0.243146E+04  -0.504892E+05   0.000000E+00   0.187707E+08   0.187707E+08   0.187707E+08  -0.446149E+00   0.984099E+07   0.984089E+07   0.114428E+02
   0.371062E-02   0.184593E+08   0.184574E+08  -0.169296E+05  -0.335646E+05   0.000000E+00   0.184590E+08   0.184590E+08   0.184590E+08  -0.438740E+00   0.967754E+07   0.967744E+07   0.939083E+01
   0.451292E-02   0.180750E+08   0.180724E+08  -0.135767E+05  -0.222180E+05   0.000000E+00   0.180746E+08   0.180746E+08   0.180746E+08  -0.429602E+00   0.947598E+07   0.947587E+07   0.760618E+01
   0.548869E-02   0.176069E+08   0.176034E+08  -0.120898E+05  -0.146310E+05   0.000000E+00   0.176063E+08   0.176063E+08   0.176063E+08  -0.418472E+00   0.923048E+07   0.923038E+07   0.621886E+01
   0.667543E-02   0.170439E+08   0.170390E+08  -0.102699E+05  -0.957471E+04   0.000000E+00   0.170431E+08   0.170431E+08   0.170431E+08  -0.405085E+00   0.893519E+07   0.893509E+07   0.505282E+01
   0.811877E-02   0.163746E+08   0.163679E+08  -0.635648E+04  -0.621864E+04   0.000000E+00   0.163736E+08   0.163736E+08   0.163736E+08  -0.389171E+00   0.858417E+07   0.858407E+07   0.411130E+01
   0.987418E-02   0.155898E+08   0.155804E+08   0.171430E+04  -0.400248E+04   0.000000E+00   0.155883E+08   0.155883E+08   0.155883E+08  -0.370507E+00   0.817249E+07   0.817239E+07   0.336273E+01
   0.120091E-01   0.146753E+08   0.146623E+08  -0.212332E+04  -0.254704E+04   0.000000E+00   0.146733E+08   0.146733E+08   0.146733E+08  -0.348758E+00   0.769276E+07   0.769266E+07   0.276305E+01
   0.146057E-01   0.136289E+08   0.136112E+08   0.356207E+03  -0.159905E+04   0.000000E+00   0.136261E+08   0.136261E+08   0.136261E+08  -0.323869E+00   0.714378E+07   0.714368E+07   0.228848E+01
   0.177637E-01   0.124371E+08   0.124134E+08  -0.115631E+04  -0.986421E+03   0.000000E+00   0.124334E+08   0.124334E+08   0.124334E+08  -0.295520E+00   0.651846E+07   0.651836E+07   0.190596E+01
   0.216045E-01   0.111131E+08   0.110824E+08  -0.621328E+02  -0.595811E+03   0.000000E+00   0.111084E+08   0.111084E+08   0.111084E+08  -0.264026E+00   0.582380E+07   0.582369E+07   0.159081E+01
   0.259254E-01   0.978122E+07   0.974411E+07   0.205612E+02  -0.364120E+03   0.000000E+00   0.977548E+07   0.977548E+07   0.977548E+07  -0.232346E+00   0.512502E+07   0.512492E+07   0.133031E+01
   0.302463E-01   0.862169E+07   0.858030E+07  -0.691354E+02  -0.235771E+03   0.000000E+00   0.861529E+07   0.861529E+07   0.861529E+07  -0.204770E+00   0.451677E+07   0.451667E+07   0.111825E+01
   0.345672E-01   0.763622E+07   0.759314E+07  -0.242389E+02  -0.159861E+03   0.000000E+00   0.762956E+07   0.762956E+07   0.762956E+07  -0.181341E+00   0.399999E+07   0.399989E+07   0.932565E+00
   0.388881E-01   0.681974E+07   0.677754E+07  -0.208432E+02  -0.112796E+03   0.000000E+00   0.681321E+07   0.681321E+07   0.681321E+07  -0.161938E+00   0.357200E+07   0.357191E+07   0.765743E+00
   0.432090E-01   0.615863E+07   0.611953E+07  -0.184503E+02  -0.825056E+02   0.000000E+00   0.615258E+07   0.615258E+07   0.615258E+07  -0.146236E+00   0.322565E+07   0.322557E+07   0.616847E+00
   0.475299E-01   0.562996E+07   0.559550E+07   0.121396E+03  -0.623347E+02   0.000000E+00   0.562463E+07   0.562463E+07   0.562463E+07  -0.133687E+00   0.294885E+07   0.294878E+07   0.487422E+00
   0.518508E-01   0.521344E+07   0.518440E+07   0.944683E+02  -0.485066E+02   0.000000E+00   0.520895E+07   0.520895E+07   0.520895E+07  -0.123807E+00   0.273091E+07   0.273085E+07   0.379446E+00
   0.561717E-01   0.487410E+07   0.485046E+07   0.752637E+02  -0.386444E+02   0.000000E+00   0.487044E+07   0.487044E+07   0.487044E+07  -0.115762E+00   0.255344E+07   0.255339E+07   0.293613E+00
   0.604926E-01   0.458770E+07   0.456877E+07   0.610899E+02  -0.313659E+02   0.000000E+00   0.458477E+07   0.458477E+07   0.458477E+07  -0.108972E+00   0.240367E+07   0.240362E+07   0.229373E+00
   0.648135E-01   0.433091E+07   0.431557E+07   0.502423E+02  -0.257958E+02   0.000000E+00   0.432854E+07   0.432854E+07   0.432854E+07  -0.102882E+00   0.226933E+07   0.226929E+07   0.184586E+00
   0.691344E-01   0.408782E+07   0.407471E+07   0.416820E+02  -0.214005E+02   0.000000E+00   0.408579E+07   0.408579E+07   0.408579E+07  -0.971119E-01   0.214206E+07   0.214203E+07   0.155990E+00
   0.734553E-01   0.384891E+07   0.383675E+07   0.347648E+02  -0.178491E+02   0.000000E+00   0.384703E+07   0.384703E+07   0.384703E+07  -0.914370E-01   0.201688E+07   0.201685E+07   0.139634E+00
   0.777762E-01   0.361163E+07   0.359936E+07   0.290965E+02  -0.149390E+02   0.000000E+00   0.360973E+07   0.360973E+07   0.360973E+07  -0.857969E-01   0.189248E+07   0.189245E+07   0.131415E+00
   0.820971E-01   0.337812E+07   0.336504E+07   0.244239E+02  -0.125402E+02   0.000000E+00   0.337610E+07   0.337610E+07   0.337610E+07  -0.802438E-01   0.176999E+07   0.176996E+07   0.127544E+00
   0.864180E-01   0.315392E+07   0.313977E+07   0.205775E+02  -0.105656E+02   0.000000E+00   0.315173E+07   0.315173E+07   0.315173E+07  -0.749111E-01   0.165237E+07   0.165234E+07   0.124932E+00
   0.907389E-01   0.294492E+07   0.292980E+07   0.174256E+02  -0.894750E+01   0.000000E+00   0.294258E+07   0.294258E+07   0.294258E+07  -0.699398E-01   0.154272E+07   0.154268E+07   0.121393E+00
   0.961016E-01   0.271443E+07   0.269873E+07   0.143177E+02  -0.735186E+01   0.000000E+00   0.271200E+07   0.271200E+07   0.271200E+07  -0.644595E-01   0.142184E+07   0.142180E+07   0.113993E+00
   0.101464E+00   0.252236E+07   0.250697E+07   0.119348E+02  -0.612831E+01   0.000000E+00   0.251998E+07   0.251998E+07   0.251998E+07  -0.598954E-01   0.132116E+07   0.132113E+07   0.102955E+00
   0.106827E+00   0.236963E+07   0.235545E+07   0.101149E+02  -0.519379E+01   0.000000E+00   0.236744E+07   0.236744E+07   0.236744E+07  -0.562697E-01   0.124119E+07   0.124116E+07   0.893613E-01
   0.112190E+00   0.224977E+07   0.223741E+07   0.870786E+01  -0.447120E+01   0.000000E+00   0.224786E+07   0.224786E+07   0.224786E+07  -0.534276E-01   0.117849E+07   0.117847E+07   0.750348E-01
   0.117552E+00   0.215174E+07   0.214139E+07   0.758677E+01  -0.389545E+01   0.000000E+00   0.215014E+07   0.215014E+07   0.215014E+07  -0.511050E-01   0.112726E+07   0.112724E+07   0.618479E-01
   0.122915E+00   0.206436E+07   0.205580E+07   0.665814E+01  -0.341855E+01   0.000000E+00   0.206303E+07   0.206303E+07   0.206303E+07  -0.490346E-01   0.108159E+07   0.108157E+07   0.512067E-01
   0.128278E+00   0.197880E+07   0.197153E+07   0.586018E+01  -0.300879E+01   0.000000E+00   0.197767E+07   0.197767E+07   0.197767E+07  -0.470058E-01   0.103684E+07   0.103682E+07   0.437685E-01
   0.133640E+00   0.188962E+07   0.188300E+07   0.515612E+01  -0.264730E+01   0.000000E+00   0.188860E+07   0.188860E+07   0.188860E+07  -0.448886E-01   0.990137E+06   0.990121E+06   0.394142E-01
   0.139003E+00   0.179545E+07   0.178889E+07   0.452832E+01  -0.232498E+01   0.000000E+00   0.179443E+07   0.179443E+07   0.179443E+07  -0.426505E-01   0.940770E+06   0.940755E+06   0.374342E-01
   0.144366E+00   0.169860E+07   0.169170E+07   0.397141E+01  -0.203909E+01   0.000000E+00   0.169753E+07   0.169753E+07   0.169753E+07  -0.403473E-01   0.889969E+06   0.889953E+06   0.368207E-01
   0.149728E+00   0.160337E+07   0.159598E+07   0.348471E+01  -0.178924E+01   0.000000E+00   0.160223E+07   0.160223E+07   0.160223E+07  -0.380821E-01   0.840004E+06   0.839988E+06   0.365628E-01
   0.155091E+00   0.151436E+07   0.150657E+07   0.306731E+01  -0.157495E+01   0.000000E+00   0.151315E+07   0.151315E+07   0.151315E+07  -0.359649E-01   0.793306E+06   0.793289E+06   0.358804E-01
   0.160454E+00   0.143551E+07   0.142759E+07   0.271632E+01  -0.139475E+01   0.000000E+00   0.143428E+07   0.143428E+07   0.143428E+07  -0.340903E-01   0.751957E+06   0.751940E+06   0.343559E-01
   0.165817E+00   0.136910E+07   0.136139E+07   0.242575E+01  -0.124556E+01   0.000000E+00   0.136791E+07   0.136791E+07   0.136791E+07  -0.325127E-01   0.717157E+06   0.717141E+06   0.319474E-01
   0.171179E+00   0.131478E+07   0.130758E+07   0.218590E+01  -0.112239E+01   0.000000E+00   0.131366E+07   0.131366E+07   0.131366E+07  -0.312235E-01   0.688720E+06   0.688705E+06   0.289038E-01
   0.176542E+00   0.126984E+07   0.126334E+07   0.198499E+01  -0.101921E+01   0.000000E+00   0.126883E+07   0.126883E+07   0.126883E+07  -0.301579E-01   0.665215E+06   0.665202E+06   0.256298E-01
   0.181905E+00   0.123062E+07   0.122488E+07   0.181208E+01  -0.930413E+00   0.000000E+00   0.122973E+07   0.122973E+07   0.122973E+07  -0.292286E-01   0.644716E+06   0.644704E+06   0.225487E-01
   0.187267E+00   0.119372E+07   0.118863E+07   0.165862E+01  -0.851605E+00   0.000000E+00   0.119293E+07   0.119293E+07   0.119293E+07  -0.283538E-01   0.625420E+06   0.625409E+06   0.199894E-01
   0.192630E+00   0.115640E+07   0.115177E+07   0.151861E+01  -0.779712E+00   0.000000E+00   0.115568E+07   0.115568E+07   0.115568E+07  -0.274684E-01   0.605890E+06   0.605880E+06   0.181190E-01
   0.197993E+00   0.111698E+07   0.111260E+07   0.138848E+01  -0.712898E+00   0.000000E+00   0.111630E+07   0.111630E+07   0.111630E+07  -0.265325E-01   0.585246E+06   0.585236E+06   0.169298E-01
   0.203355E+00   0.107527E+07   0.107093E+07   0.126705E+01  -0.650552E+00   0.000000E+00   0.107460E+07   0.107460E+07   0.107460E+07  -0.255414E-01   0.563384E+06   0.563374E+06   0.162758E-01
   0.208718E+00   0.103244E+07   0.102800E+07   0.115481E+01  -0.592930E+00   0.000000E+00   0.103175E+07   0.103175E+07   0.103175E+07  -0.245228E-01   0.540918E+06   0.540908E+06   0.159351E-01
   0.214081E+00   0.990283E+06   0.985706E+06   0.105280E+01  -0.540563E+00   0.000000E+00   0.989575E+06   0.989575E+06   0.989575E+06  -0.235204E-01   0.518807E+06   0.518797E+06   0.156770E-01
   0.219443E+00   0.950580E+06   0.945901E+06   0.961753E+00  -0.493820E+00   0.000000E+00   0.949856E+06   0.949856E+06   0.949856E+06  -0.225764E-01   0.497984E+06   0.497974E+06   0.153174E-01
   0.224806E+00   0.914653E+06   0.909965E+06   0.881749E+00  -0.452745E+00   0.000000E+00   0.913928E+06   0.913928E+06   0.913928E+06  -0.217224E-01   0.479148E+06   0.479138E+06   0.147530E-01
   0.230169E+00   0.883145E+06   0.878567E+06   0.812157E+00  -0.417013E+00   0.000000E+00   0.882437E+06   0.882437E+06   0.882437E+06  -0.209739E-01   0.462638E+06   0.462629E+06   0.139679E-01
   0.235531E+00   0.855913E+06   0.851550E+06   0.751690E+00  -0.385963E+00   0.000000E+00   0.855238E+06   0.855238E+06   0.855238E+06  -0.203275E-01   0.448378E+06   0.448369E+06   0.130189E-01
   0.240894E+00   0.832148E+06   0.828068E+06   0.698666E+00  -0.358735E+00   0.000000E+00   0.831517E+06   0.831517E+06   0.831517E+06  -0.197637E-01   0.435942E+06   0.435933E+06   0.120050E-01
   0.246257E+00   0.810669E+06   0.806890E+06   0.651338E+00  -0.334430E+00   0.000000E+00   0.810085E+06   0.810085E+06   0.810085E+06  -0.192543E-01   0.424705E+06   0.424697E+06   0.110335E-01
   0.251620E+00   0.790204E+06   0.786693E+06   0.608143E+00  -0.312249E+00   0.000000E+00   0.789660E+06   0.789660E+06   0.789660E+06  -0.187688E-01   0.413997E+06   0.413989E+06   0.101906E-01
   0.256982E+00   0.769672E+06   0.766365E+06   0.567892E+00  -0.291581E+00   0.000000E+00   0.769160E+06   0.769160E+06   0.769160E+06  -0.182816E-01   0.403249E+06   0.403242E+06   0.952366E-02
   0.262345E+00   0.748481E+06   0.745299E+06   0.529913E+00  -0.272080E+00   0.000000E+00   0.747988E+06   0.747988E+06   0.747988E+06  -0.177783E-01   0.392149E+06   0.392142E+06   0.903707E-02
   0.267708E+00   0.726629E+06   0.723501E+06   0.494034E+00  -0.253659E+00   0.000000E+00   0.726145E+06   0.726145E+06   0.726145E+06  -0.172592E-01   0.380698E+06   0.380691E+06   0.869906E-02
   0.273070E+00   0.704537E+06   0.701413E+06   0.460374E+00  -0.236378E+00   0.000000E+00   0.704054E+06   0.704054E+06   0.704054E+06  -0.167341E-01   0.369116E+06   0.369109E+06   0.845554E-02
   0.278433E+00   0.682781E+06   0.679640E+06   0.429125E+00  -0.220335E+00   0.000000E+00   0.682295E+06   0.682295E+06   0.682295E+06  -0.162169E-01   0.357709E+06   0.357702E+06   0.824665E-02
   0.283796E+00   0.661942E+06   0.658794E+06   0.400443E+00  -0.205609E+00   0.000000E+00   0.661455E+06   0.661455E+06   0.661455E+06  -0.157216E-01   0.346783E+06   0.346776E+06   0.802213E-02
   0.289158E+00   0.642531E+06   0.639406E+06   0.374409E+00  -0.192243E+00   0.000000E+00   0.642047E+06   0.642047E+06   0.642047E+06  -0.152603E-01   0.336608E+06   0.336601E+06   0.775149E-02
   0.294521E+00   0.624848E+06   0.621785E+06   0.350965E+00  -0.180205E+00   0.000000E+00   0.624374E+06   0.624374E+06   0.624374E+06  -0.148403E-01   0.327343E+06   0.327336E+06   0.742690E-02
   0.299884E+00   0.608878E+06   0.605914E+06   0.329874E+00  -0.169376E+00   0.000000E+00   0.608420E+06   0.608420E+06   0.608420E+06  -0.144610E-01   0.318978E+06   0.318972E+06   0.705989E-02
   0.305246E+00   0.594324E+06   0.591484E+06   0.310780E+00  -0.159571E+00   0.000000E+00   0.593885E+06   0.593885E+06   0.593885E+06  -0.141156E-01   0.311358E+06   0.311351E+06   0.667451E-02
   0.310609E+00   0.580765E+06   0.578056E+06   0.293300E+00  -0.150595E+00   0.000000E+00   0.580346E+06   0.580346E+06   0.580346E+06  -0.137938E-01   0.304260E+06   0.304254E+06   0.629896E-02
   0.315972E+00   0.567782E+06   0.565196E+06   0.277097E+00  -0.142275E+00   0.000000E+00   0.567382E+06   0.567382E+06   0.567382E+06  -0.134856E-01   0.297463E+06   0.297457E+06   0.595769E-02
   0.321334E+00   0.555012E+06   0.552527E+06   0.261903E+00  -0.134474E+00   0.000000E+00   0.554628E+06   0.554628E+06   0.554628E+06  -0.131825E-01   0.290776E+06   0.290770E+06   0.566570E-02
   0.326697E+00   0.542210E+06   0.539799E+06   0.247532E+00  -0.127095E+00   0.000000E+00   0.541837E+06   0.541837E+06   0.541837E+06  -0.128785E-01   0.284070E+06   0.284065E+06   0.542653E-02
   0.332060E+00   0.529306E+06   0.526944E+06   0.233899E+00  -0.120095E+00   0.000000E+00   0.528941E+06   0.528941E+06   0.528941E+06  -0.125720E-01   0.277309E+06   0.277304E+06   0.523351E-02
   0.337423E+00   0.516409E+06   0.514076E+06   0.221001E+00  -0.113473E+00   0.000000E+00   0.516048E+06   0.516048E+06   0.516048E+06  -0.122655E-01   0.270550E+06   0.270544E+06   0.507322E-02
   0.342785E+00   0.503720E+06   0.501407E+06   0.208876E+00  -0.107248E+00   0.000000E+00   0.503362E+06   0.503362E+06   0.503362E+06  -0.119640E-01   0.263899E+06   0.263894E+06   0.492962E-02
   0.348148E+00   0.491453E+06   0.489159E+06   0.197557E+00  -0.101436E+00   0.000000E+00   0.491098E+06   0.491098E+06   0.491098E+06  -0.116725E-01   0.257469E+06   0.257464E+06   0.478822E-02
   0.353511E+00   0.479778E+06   0.477512E+06   0.187055E+00  -0.960442E-01   0.000000E+00   0.479427E+06   0.479427E+06   0.479427E+06  -0.113951E-01   0.251350E+06   0.251346E+06   0.463910E-02
   0.358873E+00   0.468801E+06   0.466575E+06   0.177353E+00  -0.910628E-01   0.000000E+00   0.468457E+06   0.468457E+06   0.468457E+06  -0.111344E-01   0.245599E+06   0.245594E+06   0.447838E-02
   0.364236E+00   0.458538E+06   0.456364E+06   0.168400E+00  -0.864658E-01   0.000000E+00   0.458202E+06   0.458202E+06   0.458202E+06  -0.108906E-01   0.240223E+06   0.240218E+06   0.430773E-02
   0.369599E+00   0.448909E+06   0.446797E+06   0.160116E+00  -0.822118E-01   0.000000E+00   0.448582E+06   0.448582E+06   0.448582E+06  -0.106620E-01   0.235179E+06   0.235175E+06   0.413278E-02
   0.374961E+00   0.439778E+06   0.437730E+06   0.152405E+00  -0.782528E-01   0.000000E+00   0.439462E+06   0.439462E+06   0.439462E+06  -0.104452E-01   0.230398E+06   0.230393E+06   0.396089E-02
   0.380324E+00   0.430999E+06   0.429014E+06   0.145182E+00  -0.745437E-01   0.000000E+00   0.430692E+06   0.430692E+06   0.430692E+06  -0.102368E-01   0.225800E+06   0.225796E+06   0.379905E-02
   0.385687E+00   0.422445E+06   0.420516E+06   0.138371E+00  -0.710468E-01   0.000000E+00   0.422146E+06   0.422146E+06   0.422146E+06  -0.100337E-01   0.221320E+06   0.221315E+06   0.365215E-02
   0.391049E+00   0.414016E+06   0.412134E+06   0.131917E+00  -0.677329E-01   0.000000E+00   0.413725E+06   0.413725E+06   0.413725E+06  -0.983350E-02   0.216905E+06   0.216900E+06   0.352203E-02
   0.396412E+00   0.405662E+06   0.403818E+06   0.125782E+00  -0.645828E-01   0.000000E+00   0.405377E+06   0.405377E+06   0.405377E+06  -0.963509E-02   0.212528E+06   0.212524E+06   0.340757E-02
   0.401775E+00   0.397396E+06   0.395581E+06   0.119951E+00  -0.615889E-01   0.000000E+00   0.397115E+06   0.397115E+06   0.397115E+06  -0.943871E-02   0.208196E+06   0.208192E+06   0.330551E-02
   0.407137E+00   0.389279E+06   0.387489E+06   0.114425E+00  -0.587518E-01   0.000000E+00   0.389002E+06   0.389002E+06   0.389002E+06  -0.924588E-02   0.203943E+06   0.203939E+06   0.321156E-02
   0.412500E+00   0.381385E+06   0.379619E+06   0.109209E+00  -0.560734E-01   0.000000E+00   0.381112E+06   0.381112E+06   0.381112E+06  -0.905835E-02   0.199807E+06   0.199803E+06   0.312146E-02
   0.417863E+00   0.373767E+06   0.372026E+06   0.104297E+00  -0.535516E-01   0.000000E+00   0.373497E+06   0.373497E+06   0.373497E+06  -0.887736E-02   0.195814E+06   0.195811E+06   0.303191E-02
   0.423226E+00   0.366453E+06   0.364741E+06   0.996811E-01  -0.511815E-01   0.000000E+00   0.366188E+06   0.366188E+06   0.366188E+06  -0.870364E-02   0.191982E+06   0.191979E+06   0.294114E-02
   0.428588E+00   0.359462E+06   0.357782E+06   0.953479E-01  -0.489566E-01   0.000000E+00   0.359202E+06   0.359202E+06   0.359202E+06  -0.853760E-02   0.188320E+06   0.188316E+06   0.284902E-02
   0.433951E+00   0.352788E+06   0.351142E+06   0.912790E-01  -0.468674E-01   0.000000E+00   0.352533E+06   0.352533E+06   0.352533E+06  -0.837908E-02   0.184823E+06   0.184820E+06   0.275673E-02
   0.439314E+00   0.346386E+06   0.344777E+06   0.874483E-01  -0.449005E-01   0.000000E+00   0.346137E+06   0.346137E+06   0.346137E+06  -0.822706E-02   0.181470E+06   0.181467E+06   0.266607E-02
   0.444676E+00   0.340196E+06   0.338623E+06   0.838268E-01  -0.430410E-01   0.000000E+00   0.339953E+06   0.339953E+06   0.339953E+06  -0.808006E-02   0.178228E+06   0.178224E+06   0.257896E-02
   0.450039E+00   0.334168E+06   0.332630E+06   0.803911E-01  -0.412769E-01   0.000000E+00   0.333930E+06   0.333930E+06   0.333930E+06  -0.793692E-02   0.175070E+06   0.175067E+06   0.249690E-02
   0.455402E+00   0.328275E+06   0.326768E+06   0.771245E-01  -0.395997E-01   0.000000E+00   0.328042E+06   0.328042E+06   0.328042E+06  -0.779696E-02   0.171983E+06   0.171980E+06   0.242074E-02
   0.460764E+00   0.322496E+06   0.321017E+06   0.740136E-01  -0.380024E-01   0.000000E+00   0.322268E+06   0.322268E+06   0.322268E+06  -0.765972E-02   0.168956E+06   0.168953E+06   0.235043E-02
   0.466127E+00   0.316817E+06   0.315362E+06   0.710467E-01  -0.364790E-01   0.000000E+00   0.316592E+06   0.316592E+06   0.316592E+06  -0.752482E-02   0.165980E+06   0.165977E+06   0.228521E-02
   0.471490E+00   0.311241E+06   0.309808E+06   0.682175E-01  -0.350264E-01   0.000000E+00   0.311019E+06   0.311019E+06   0.311019E+06  -0.739237E-02   0.163059E+06   0.163056E+06   0.222391E-02
   0.476852E+00   0.305794E+06   0.304382E+06   0.655245E-01  -0.336437E-01   0.000000E+00   0.305576E+06   0.305576E+06   0.305576E+06  -0.726299E-02   0.160205E+06   0.160202E+06   0.216532E-02
   0.482215E+00   0.300503E+06   0.299111E+06   0.629663E-01  -0.323301E-01   0.000000E+00   0.300287E+06   0.300287E+06   0.300287E+06  -0.713729E-02   0.157432E+06   0.157429E+06   0.210838E-02
   0.487578E+00   0.295375E+06   0.294004E+06   0.605377E-01  -0.310832E-01   0.000000E+00   0.295163E+06   0.295163E+06   0.295163E+06  -0.701548E-02   0.154746E+06   0.154743E+06   0.205235E-02
   0.492940E+00   0.290409E+06   0.289061E+06   0.582319E-01  -0.298993E-01   0.000000E+00   0.290200E+06   0.290200E+06   0.290200E+06  -0.689754E-02   0.152144E+06   0.152141E+06   0.199694E-02
   0.498303E+00   0.285604E+06   0.284279E+06   0.560424E-01  -0.287751E-01   0.000000E+00   0.285399E+06   0.285399E+06   0.285399E+06  -0.678341E-02   0.149627E+06   0.149624E+06   0.194229E-02
   0.503666E+00   0.280954E+06   0.279653E+06   0.539625E-01  -0.277071E-01   0.000000E+00   0.280753E+06   0.280753E+06   0.280753E+06  -0.667300E-02   0.147191E+06   0.147188E+06   0.188880E-02
   0.509028E+00   0.276444E+06   0.275166E+06   0.519834E-01  -0.266910E-01   0.000000E+00   0.276246E+06   0.276246E+06   0.276246E+06  -0.656588E-02   0.144828E+06   0.144825E+06   0.183696E-02
   0.514391E+00   0.272049E+06   0.270793E+06   0.500958E-01  -0.257218E-01   0.000000E+00   0.271854E+06   0.271854E+06   0.271854E+06  -0.646149E-02   0.142526E+06   0.142523E+06   0.178721E-02
   0.519754E+00   0.267752E+06   0.266518E+06   0.482925E-01  -0.247959E-01   0.000000E+00   0.267561E+06   0.267561E+06   0.267561E+06  -0.635945E-02   0.140275E+06   0.140272E+06   0.173981E-02
   0.525117E+00   0.263548E+06   0.262334E+06   0.465684E-01  -0.239106E-01   0.000000E+00   0.263360E+06   0.263360E+06   0.263360E+06  -0.625960E-02   0.138072E+06   0.138070E+06   0.169484E-02
   0.530479E+00   0.259432E+06   0.258237E+06   0.449190E-01  -0.230637E-01   0.000000E+00   0.259247E+06   0.259247E+06   0.259247E+06  -0.616184E-02   0.135916E+06   0.135914E+06   0.165218E-02
   0.535842E+00   0.255400E+06   0.254222E+06   0.433401E-01  -0.222530E-01   0.000000E+00   0.255218E+06   0.255218E+06   0.255218E+06  -0.606606E-02   0.133804E+06   0.133801E+06   0.161151E-02
   0.541205E+00   0.251451E+06   0.250291E+06   0.418286E-01  -0.214770E-01   0.000000E+00   0.251272E+06   0.251272E+06   0.251272E+06  -0.597228E-02   0.131735E+06   0.131732E+06   0.157245E-02
   0.546567E+00   0.247594E+06   0.246450E+06   0.403827E-01  -0.207346E-01   0.000000E+00   0.247417E+06   0.247417E+06   0.247417E+06  -0.588067E-02   0.129714E+06   0.129712E+06   0.153468E-02
   0.551930E+00   0.243836E+06   0.242709E+06   0.390006E-01  -0.200250E-01   0.000000E+00   0.243662E+06   0.243662E+06   0.243662E+06  -0.579140E-02   0.127745E+06   0.127743E+06   0.149793E-02
   0.557293E+00   0.240176E+06   0.239065E+06   0.376795E-01  -0.193466E-01   0.000000E+00   0.240005E+06   0.240005E+06   0.240005E+06  -0.570448E-02   0.125828E+06   0.125825E+06   0.146203E-02
   0.562655E+00   0.236610E+06   0.235516E+06   0.364158E-01  -0.186978E-01   0.000000E+00   0.236441E+06   0.236441E+06   0.236441E+06  -0.561978E-02   0.123959E+06   0.123957E+06   0.142692E-02
   0.568018E+00   0.233135E+06   0.232057E+06   0.352066E-01  -0.180769E-01   0.000000E+00   0.232968E+06   0.232968E+06   0.232968E+06  -0.553723E-02   0.122139E+06   0.122136E+06   0.139266E-02
   0.573381E+00   0.229748E+06   0.228686E+06   0.340493E-01  -0.174827E-01   0.000000E+00   0.229584E+06   0.229584E+06   0.229584E+06  -0.545680E-02   0.120365E+06   0.120362E+06   0.135935E-02
   0.578743E+00   0.226444E+06   0.225398E+06   0.329405E-01  -0.169134E-01   0.000000E+00   0.226282E+06   0.226282E+06   0.226282E+06  -0.537833E-02   0.118634E+06   0.118631E+06   0.132711E-02
   0.584106E+00   0.223213E+06   0.222182E+06   0.318770E-01  -0.163673E-01   0.000000E+00   0.223053E+06   0.223053E+06   0.223053E+06  -0.530157E-02   0.116941E+06   0.116938E+06   0.129601E-02
   0.589469E+00   0.220047E+06   0.219032E+06   0.308558E-01  -0.158430E-01   0.000000E+00   0.219890E+06   0.219890E+06   0.219890E+06  -0.522639E-02   0.115282E+06   0.115280E+06   0.126607E-02
   0.594832E+00   0.216948E+06   0.215947E+06   0.298751E-01  -0.153394E-01   0.000000E+00   0.216793E+06   0.216793E+06   0.216793E+06  -0.515277E-02   0.113658E+06   0.113656E+06   0.123728E-02
   0.600194E+00   0.213913E+06   0.212926E+06   0.289332E-01  -0.148558E-01   0.000000E+00   0.213761E+06   0.213761E+06   0.213761E+06  -0.508071E-02   0.112069E+06   0.112067E+06   0.120957E-02
   0.605557E+00   0.210941E+06   0.209968E+06   0.280281E-01  -0.143911E-01   0.000000E+00   0.210791E+06   0.210791E+06   0.210791E+06  -0.501011E-02   0.110512E+06   0.110510E+06   0.118281E-02
   0.610920E+00   0.208029E+06   0.207068E+06   0.271580E-01  -0.139443E-01   0.000000E+00   0.207880E+06   0.207880E+06   0.207880E+06  -0.494094E-02   0.108986E+06   0.108984E+06   0.115690E-02
   0.616282E+00   0.205179E+06   0.204231E+06   0.263217E-01  -0.135150E-01   0.000000E+00   0.205032E+06   0.205032E+06   0.205032E+06  -0.487324E-02   0.107493E+06   0.107491E+06   0.113173E-02
   0.621645E+00   0.202393E+06   0.201458E+06   0.255184E-01  -0.131025E-01   0.000000E+00   0.202249E+06   0.202249E+06   0.202249E+06  -0.480709E-02   0.106033E+06   0.106031E+06   0.110724E-02
   0.627008E+00   0.199671E+06   0.198749E+06   0.247464E-01  -0.127061E-01   0.000000E+00   0.199528E+06   0.199528E+06   0.199528E+06  -0.474243E-02   0.104607E+06   0.104605E+06   0.108338E-02
   0.680214E+00   0.175548E+06   0.174737E+06   0.184862E-01  -0.949176E-02   0.000000E+00   0.175422E+06   0.175422E+06   0.175422E+06  -0.416948E-02   0.919691E+05   0.919673E+05   0.880322E-03
   0.737935E+00   0.154194E+06   0.153482E+06   0.137966E-01  -0.708392E-02   0.000000E+00   0.154084E+06   0.154084E+06   0.154084E+06  -0.366230E-02   0.807819E+05   0.807803E+05   0.715322E-03
   0.800554E+00   0.135324E+06   0.134699E+06   0.102881E-01  -0.528245E-02   0.000000E+00   0.135227E+06   0.135227E+06   0.135227E+06  -0.321410E-02   0.708958E+05   0.708944E+05   0.581208E-03
   0.868486E+00   0.118664E+06   0.118116E+06   0.766540E-02  -0.393583E-02   0.000000E+00   0.118579E+06   0.118579E+06   0.118579E+06  -0.281842E-02   0.621679E+05   0.621667E+05   0.472209E-03
   0.942183E+00   0.103972E+06   0.103492E+06   0.570673E-02  -0.293014E-02   0.000000E+00   0.103898E+06   0.103898E+06   0.103898E+06  -0.246946E-02   0.544708E+05   0.544697E+05   0.383689E-03
   0.101542E+01   0.920168E+05   0.915923E+05   0.434826E-02  -0.223263E-02   0.000000E+00   0.919511E+05   0.919511E+05   0.919511E+05  -0.218551E-02   0.482075E+05   0.482065E+05   0.317119E-03
   0.126811E+01   0.637914E+05   0.634971E+05   0.193281E-02  -0.992415E-03   0.000000E+00   0.637459E+05   0.637459E+05   0.637459E+05  -0.151512E-02   0.334202E+05   0.334195E+05   0.180639E-03
   0.158368E+01   0.439891E+05   0.437862E+05   0.854578E-03  -0.438791E-03   0.000000E+00   0.439577E+05   0.439577E+05   0.439577E+05  -0.104479E-02   0.230458E+05   0.230453E+05   0.103728E-03
   0.197777E+01   0.301760E+05   0.300369E+05   0.375878E-03  -0.193000E-03   0.000000E+00   0.301545E+05   0.301545E+05   0.301545E+05  -0.716717E-03   0.158092E+05   0.158088E+05   0.604018E-04
   0.246994E+01   0.205888E+05   0.204939E+05   0.164435E-03  -0.844330E-04   0.000000E+00   0.205741E+05   0.205741E+05   0.205741E+05  -0.489011E-03   0.107865E+05   0.107862E+05   0.359232E-04
   0.308458E+01   0.139630E+05   0.138987E+05   0.715023E-04  -0.367153E-04   0.000000E+00   0.139531E+05   0.139531E+05   0.139531E+05  -0.331640E-03   0.731525E+04   0.731505E+04   0.219872E-04
   0.385217E+01   0.939978E+04   0.935648E+04   0.308625E-04  -0.158480E-04   0.000000E+00   0.939308E+04   0.939308E+04   0.939308E+04  -0.223257E-03   0.492456E+04   0.492440E+04   0.139384E-04
   0.481078E+01   0.626534E+04   0.623649E+04   0.131895E-04  -0.677324E-05   0.000000E+00   0.626088E+04   0.626088E+04   0.626088E+04  -0.148810E-03   0.328244E+04   0.328231E+04   0.917739E-05
   0.600794E+01   0.411629E+04   0.409735E+04   0.555589E-05  -0.285339E-05   0.000000E+00   0.411336E+04   0.411336E+04   0.411336E+04  -0.977672E-04   0.215656E+04   0.215644E+04   0.625545E-05
   0.750301E+01   0.264463E+04   0.263247E+04   0.228859E-05  -0.117554E-05   0.000000E+00   0.264275E+04   0.264275E+04   0.264275E+04  -0.628135E-04   0.138556E+04   0.138546E+04   0.436478E-05
   0.937012E+01   0.163848E+04   0.163096E+04   0.909047E-06  -0.467037E-06   0.000000E+00   0.163732E+04   0.163732E+04   0.163732E+04  -0.389161E-04   0.858434E+03   0.858348E+03   0.305400E-05
   0.117019E+02   0.954096E+03   0.949726E+03   0.339357E-06  -0.174410E-06   0.000000E+00   0.953420E+03   0.953420E+03   0.953420E+03  -0.226611E-04   0.499882E+03   0.499810E+03   0.207203E-05
   0.146139E+02   0.496295E+03   0.494030E+03   0.113159E-06  -0.581892E-07   0.000000E+00   0.495945E+03   0.495945E+03   0.495945E+03  -0.117877E-04   0.260035E+03   0.259979E+03   0.128631E-05
   0.182505E+02   0.204411E+03   0.203485E+03   0.298733E-07  -0.153750E-07   0.000000E+00   0.204268E+03   0.204268E+03   0.204268E+03  -0.485509E-05   0.107108E+03   0.107073E+03   0.645049E-06
   0.227921E+02   0.406306E+02   0.404504E+02   0.380494E-08  -0.196138E-08   0.000000E+00   0.406027E+02   0.406027E+02   0.406027E+02  -0.965054E-06   0.212923E+02   0.212812E+02   0.162219E-06
   0.284639E+02  -0.229623E+02  -0.228579E+02  -0.137800E-08   0.711175E-09   0.000000E+00  -0.229462E+02  -0.229462E+02  -0.229462E+02   0.545389E-06  -0.120339E+02  -0.120252E+02  -0.102716E-06
   0.355471E+02  -0.202219E+02  -0.201339E+02  -0.777045E-09   0.402402E-09   0.000000E+00  -0.202083E+02  -0.202083E+02  -0.202083E+02   0.480314E-06  -0.106004E+02  -0.105880E+02  -0.115817E-06
   0.443930E+02   0.766369E+00   0.761641E+00   0.188468E-10  -0.979542E-11   0.000000E+00   0.765638E+00   0.765638E+00   0.765638E+00  -0.181978E-07   0.401709E+00   0.401018E+00   0.519290E-08
   0.554402E+02   0.293463E+01   0.292360E+01   0.461132E-10  -0.241996E-10   0.000000E+00   0.293292E+01   0.293292E+01   0.293292E+01  -0.697103E-07   0.153979E+01   0.153536E+01   0.266725E-07
   0.692364E+02  -0.136089E+01  -0.135598E+01  -0.136511E-10   0.723880E-11   0.000000E+00  -0.136013E+01  -0.136013E+01  -0.136013E+01   0.323279E-07  -0.714539E+00  -0.711430E+00  -0.149790E-07
   0.864658E+02   0.531423E+00   0.529940E+00   0.339003E-11  -0.183423E-11   0.000000E+00   0.531193E+00   0.531193E+00   0.531193E+00  -0.126255E-07   0.279422E+00   0.277486E+00   0.746941E-08
   0.107983E+03  -0.669271E-01  -0.674588E-01  -0.270465E-12   0.151210E-12   0.000000E+00  -0.670094E-01  -0.670094E-01  -0.670094E-01   0.159269E-08  -0.353234E-01  -0.349312E-01  -0.121150E-08
   0.134854E+03  -0.825781E-01  -0.825355E-01  -0.210056E-12   0.122059E-12   0.000000E+00  -0.825715E-01  -0.825715E-01  -0.825715E-01   0.196258E-08  -0.436326E-01  -0.429086E-01  -0.179089E-08
   0.168412E+03  -0.267210E-01  -0.268784E-01  -0.421865E-13   0.264344E-13   0.000000E+00  -0.267454E-01  -0.267454E-01  -0.267454E-01   0.635690E-09  -0.142020E-01  -0.138271E-01  -0.742533E-09
   0.210322E+03   0.114208E-01   0.112176E-01   0.109697E-13  -0.762722E-14   0.000000E+00   0.113894E-01   0.113894E-01   0.113894E-01  -0.270705E-09   0.608854E-02   0.584436E-02   0.387288E-09
   0.262660E+03  -0.318730E-02  -0.322313E-02  -0.177043E-14   0.152652E-14   0.000000E+00  -0.319285E-02  -0.319285E-02  -0.319285E-02   0.758883E-10  -0.173095E-02  -0.161595E-02  -0.146046E-09
   0.328022E+03  -0.713310E-04  -0.143441E-03   0.299868E-17   0.533653E-16   0.000000E+00  -0.824869E-04  -0.824869E-04  -0.824869E-04   0.196057E-11  -0.515066E-04  -0.385015E-04  -0.132254E-10
