#           k/h    P           
   0.104501E-04   0.495834E+02
   0.127096E-04   0.599384E+02
   0.154576E-04   0.724558E+02
   0.187998E-04   0.875873E+02
   0.228647E-04   0.105879E+03
   0.278084E-04   0.127990E+03
   0.338210E-04   0.154718E+03
   0.411337E-04   0.187027E+03
   0.500274E-04   0.226081E+03
   0.608442E-04   0.273288E+03
   0.739997E-04   0.330347E+03
   0.899996E-04   0.399310E+03
   0.109459E-03   0.482656E+03
   0.133126E-03   0.583372E+03
   0.161910E-03   0.705056E+03
   0.196917E-03   0.852038E+03
   0.239494E-03   0.102951E+04
   0.291277E-03   0.124370E+04
   0.354256E-03   0.150199E+04
   0.430851E-03   0.181317E+04
   0.524009E-03   0.218752E+04
   0.637308E-03   0.263705E+04
   0.775104E-03   0.317557E+04
   0.942694E-03   0.381873E+04
   0.114652E-02   0.458390E+04
   0.139442E-02   0.548972E+04
   0.169591E-02   0.655526E+04
   0.206260E-02   0.779859E+04
   0.250856E-02   0.923466E+04
   0.305096E-02   0.108722E+05
   0.371062E-02   0.127099E+05
   0.451292E-02   0.147310E+05
   0.548869E-02   0.168968E+05
   0.667543E-02   0.191395E+05
   0.811877E-02   0.213545E+05
   0.987418E-02   0.233975E+05
   0.120091E-01   0.250607E+05
   0.146057E-01   0.261246E+05
   0.177637E-01   0.262932E+05
   0.216045E-01   0.253695E+05
   0.259254E-01   0.234407E+05
   0.302463E-01   0.211366E+05
   0.345672E-01   0.188619E+05
   0.388881E-01   0.168545E+05
   0.432090E-01   0.152155E+05
   0.475299E-01   0.139397E+05
   0.518508E-01   0.130000E+05
   0.561717E-01   0.122748E+05
   0.604926E-01   0.116799E+05
   0.648135E-01   0.111240E+05
   0.691344E-01   0.105447E+05
   0.734553E-01   0.990808E+04
   0.777762E-01   0.921490E+04
   0.820971E-01   0.848927E+04
   0.864180E-01   0.777096E+04
   0.907389E-01   0.709773E+04
   0.961016E-01   0.636975E+04
   0.101464E+00   0.579344E+04
   0.106827E+00   0.537244E+04
   0.112190E+00   0.507713E+04
   0.117552E+00   0.485918E+04
   0.122915E+00   0.467032E+04
   0.128278E+00   0.447261E+04
   0.133640E+00   0.424339E+04
   0.139003E+00   0.397909E+04
   0.144366E+00   0.369336E+04
   0.149728E+00   0.340801E+04
   0.155091E+00   0.314445E+04
   0.160454E+00   0.291933E+04
   0.165817E+00   0.274101E+04
   0.171179E+00   0.260699E+04
   0.176542E+00   0.250590E+04
   0.181905E+00   0.242321E+04
   0.187267E+00   0.234562E+04
   0.192630E+00   0.226264E+04
   0.197993E+00   0.216813E+04
   0.203355E+00   0.206195E+04
   0.208718E+00   0.194935E+04
   0.214081E+00   0.183786E+04
   0.219443E+00   0.173435E+04
   0.224806E+00   0.164361E+04
   0.230169E+00   0.156771E+04
   0.235531E+00   0.150583E+04
   0.240894E+00   0.145492E+04
   0.246257E+00   0.141075E+04
   0.251620E+00   0.136888E+04
   0.256982E+00   0.132563E+04
   0.262345E+00   0.127907E+04
   0.267708E+00   0.122939E+04
   0.273070E+00   0.117820E+04
   0.278433E+00   0.112758E+04
   0.283796E+00   0.107955E+04
   0.289158E+00   0.103577E+04
   0.294521E+00   0.997161E+03
   0.299884E+00   0.963587E+03
   0.305246E+00   0.934040E+03
   0.310609E+00   0.907160E+03
   0.315972E+00   0.881625E+03
   0.321334E+00   0.856325E+03
   0.326697E+00   0.830531E+03
   0.332060E+00   0.804084E+03
   0.337423E+00   0.777362E+03
   0.342785E+00   0.751025E+03
   0.348148E+00   0.725729E+03
   0.353511E+00   0.701987E+03
   0.358873E+00   0.680100E+03
   0.364236E+00   0.660091E+03
   0.369599E+00   0.641713E+03
   0.374961E+00   0.624562E+03
   0.380324E+00   0.608219E+03
   0.385687E+00   0.592323E+03
   0.391049E+00   0.576610E+03
   0.396412E+00   0.560947E+03
   0.401775E+00   0.545385E+03
   0.407137E+00   0.530110E+03
   0.412500E+00   0.515332E+03
   0.417863E+00   0.501192E+03
   0.423226E+00   0.487772E+03
   0.428588E+00   0.475114E+03
   0.433951E+00   0.463197E+03
   0.439314E+00   0.451902E+03
   0.444676E+00   0.441066E+03
   0.450039E+00   0.430562E+03
   0.455402E+00   0.420320E+03
   0.460764E+00   0.410293E+03
   0.466127E+00   0.400444E+03
   0.471490E+00   0.390789E+03
   0.476852E+00   0.381396E+03
   0.482215E+00   0.372331E+03
   0.487578E+00   0.363616E+03
   0.492940E+00   0.355247E+03
   0.498303E+00   0.347220E+03
   0.503666E+00   0.339521E+03
   0.509028E+00   0.332107E+03
   0.514391E+00   0.324923E+03
   0.519754E+00   0.317929E+03
   0.525117E+00   0.311111E+03
   0.530479E+00   0.304460E+03
   0.535842E+00   0.297967E+03
   0.541205E+00   0.291632E+03
   0.546567E+00   0.285475E+03
   0.551930E+00   0.279513E+03
   0.557293E+00   0.273745E+03
   0.562655E+00   0.268160E+03
   0.568018E+00   0.262751E+03
   0.573381E+00   0.257514E+03
   0.578743E+00   0.252433E+03
   0.584106E+00   0.247488E+03
   0.589469E+00   0.242665E+03
   0.594832E+00   0.237961E+03
   0.600194E+00   0.233378E+03
   0.605557E+00   0.228908E+03
   0.610920E+00   0.224547E+03
   0.616282E+00   0.220299E+03
   0.621645E+00   0.216171E+03
   0.627008E+00   0.212159E+03
   0.680214E+00   0.177502E+03
   0.737935E+00   0.148232E+03
   0.800554E+00   0.123584E+03
   0.868486E+00   0.102867E+03
   0.942183E+00   0.854907E+02
   0.101542E+01   0.720284E+02
   0.126811E+01   0.430060E+02
   0.158368E+01   0.254307E+02
   0.197777E+01   0.149068E+02
   0.246994E+01   0.866867E+01
   0.308458E+01   0.500448E+01
   0.385217E+01   0.286975E+01
   0.481078E+01   0.163529E+01
   0.600794E+01   0.926257E+00
   0.750301E+01   0.521539E+00
   0.937012E+01   0.291852E+00
   0.117019E+02   0.162204E+00
   0.146139E+02   0.894074E-01
   0.182505E+02   0.487505E-01
   0.227921E+02   0.261774E-01
   0.284639E+02   0.137360E-01
   0.355471E+02   0.695103E-02
   0.443930E+02   0.331553E-02
   0.554402E+02   0.143095E-02
   0.692364E+02   0.516970E-03
   0.864658E+02   0.131899E-03
   0.107983E+03   0.139977E-04
   0.134854E+03   0.262749E-06
   0.168412E+03   0.225141E-05
   0.210322E+03   0.222804E-06
   0.262660E+03   0.926429E-07
   0.328022E+03   0.519549E-09
