#           k/h    P           
   0.104501E-04   0.495834E+02
   0.127096E-04   0.599384E+02
   0.154576E-04   0.724558E+02
   0.187998E-04   0.875873E+02
   0.228647E-04   0.105879E+03
   0.278084E-04   0.127990E+03
   0.338210E-04   0.154718E+03
   0.411337E-04   0.187027E+03
   0.500274E-04   0.226081E+03
   0.608442E-04   0.273288E+03
   0.739997E-04   0.330347E+03
   0.899996E-04   0.399310E+03
   0.109459E-03   0.482656E+03
   0.133126E-03   0.583372E+03
   0.161910E-03   0.705056E+03
   0.196917E-03   0.852038E+03
   0.239494E-03   0.102951E+04
   0.291277E-03   0.124370E+04
   0.354256E-03   0.150199E+04
   0.430851E-03   0.181317E+04
   0.524009E-03   0.218752E+04
   0.637308E-03   0.263705E+04
   0.775104E-03   0.317557E+04
   0.942694E-03   0.381873E+04
   0.114652E-02   0.458390E+04
   0.139442E-02   0.548972E+04
   0.169591E-02   0.655526E+04
   0.206260E-02   0.779859E+04
   0.250856E-02   0.923466E+04
   0.305096E-02   0.108722E+05
   0.371062E-02   0.127099E+05
   0.451292E-02   0.147310E+05
   0.548869E-02   0.168968E+05
   0.667543E-02   0.191396E+05
   0.811877E-02   0.213547E+05
   0.987418E-02   0.233979E+05
   0.120091E-01   0.250614E+05
   0.146057E-01   0.261259E+05
   0.177637E-01   0.262957E+05
   0.216045E-01   0.253741E+05
   0.259254E-01   0.234483E+05
   0.302463E-01   0.211478E+05
   0.345672E-01   0.188770E+05
   0.388881E-01   0.168738E+05
   0.432090E-01   0.152389E+05
   0.475299E-01   0.139670E+05
   0.518508E-01   0.130309E+05
   0.561717E-01   0.123087E+05
   0.604926E-01   0.117161E+05
   0.648135E-01   0.111616E+05
   0.691344E-01   0.105826E+05
   0.734553E-01   0.994537E+04
   0.777762E-01   0.925069E+04
   0.820971E-01   0.852297E+04
   0.864180E-01   0.780226E+04
   0.907389E-01   0.712660E+04
   0.961016E-01   0.639584E+04
   0.101464E+00   0.581724E+04
   0.106827E+00   0.539449E+04
   0.112190E+00   0.509786E+04
   0.117552E+00   0.487885E+04
   0.122915E+00   0.468895E+04
   0.128278E+00   0.449009E+04
   0.133640E+00   0.425952E+04
   0.139003E+00   0.399367E+04
   0.144366E+00   0.370628E+04
   0.149728E+00   0.341928E+04
   0.155091E+00   0.315418E+04
   0.160454E+00   0.292771E+04
   0.165817E+00   0.274827E+04
   0.171179E+00   0.261334E+04
   0.176542E+00   0.251152E+04
   0.181905E+00   0.242823E+04
   0.187267E+00   0.235010E+04
   0.192630E+00   0.226663E+04
   0.197993E+00   0.217163E+04
   0.203355E+00   0.206498E+04
   0.208718E+00   0.195190E+04
   0.214081E+00   0.183996E+04
   0.219443E+00   0.173604E+04
   0.224806E+00   0.164496E+04
   0.230169E+00   0.156875E+04
   0.235531E+00   0.150662E+04
   0.240894E+00   0.145550E+04
   0.246257E+00   0.141116E+04
   0.251620E+00   0.136915E+04
   0.256982E+00   0.132577E+04
   0.262345E+00   0.127909E+04
   0.267708E+00   0.122929E+04
   0.273070E+00   0.117800E+04
   0.278433E+00   0.112729E+04
   0.283796E+00   0.107918E+04
   0.289158E+00   0.103533E+04
   0.294521E+00   0.996659E+03
   0.299884E+00   0.963036E+03
   0.305246E+00   0.933450E+03
   0.310609E+00   0.906539E+03
   0.315972E+00   0.880979E+03
   0.321334E+00   0.855658E+03
   0.326697E+00   0.829846E+03
   0.332060E+00   0.803383E+03
   0.337423E+00   0.776650E+03
   0.342785E+00   0.750302E+03
   0.348148E+00   0.724999E+03
   0.353511E+00   0.701253E+03
   0.358873E+00   0.679365E+03
   0.364236E+00   0.659358E+03
   0.369599E+00   0.640983E+03
   0.374961E+00   0.623838E+03
   0.380324E+00   0.607501E+03
   0.385687E+00   0.591612E+03
   0.391049E+00   0.575906E+03
   0.396412E+00   0.560251E+03
   0.401775E+00   0.544696E+03
   0.407137E+00   0.529429E+03
   0.412500E+00   0.514660E+03
   0.417863E+00   0.500529E+03
   0.423226E+00   0.487119E+03
   0.428588E+00   0.474472E+03
   0.433951E+00   0.462566E+03
   0.439314E+00   0.451283E+03
   0.444676E+00   0.440459E+03
   0.450039E+00   0.429966E+03
   0.455402E+00   0.419736E+03
   0.460764E+00   0.409720E+03
   0.466127E+00   0.399882E+03
   0.471490E+00   0.390237E+03
   0.476852E+00   0.380855E+03
   0.482215E+00   0.371800E+03
   0.487578E+00   0.363095E+03
   0.492940E+00   0.354737E+03
   0.498303E+00   0.346720E+03
   0.503666E+00   0.339031E+03
   0.509028E+00   0.331628E+03
   0.514391E+00   0.324454E+03
   0.519754E+00   0.317470E+03
   0.525117E+00   0.310662E+03
   0.530479E+00   0.304021E+03
   0.535842E+00   0.297536E+03
   0.541205E+00   0.291211E+03
   0.546567E+00   0.285063E+03
   0.551930E+00   0.279109E+03
   0.557293E+00   0.273350E+03
   0.562655E+00   0.267773E+03
   0.568018E+00   0.262372E+03
   0.573381E+00   0.257143E+03
   0.578743E+00   0.252070E+03
   0.584106E+00   0.247133E+03
   0.589469E+00   0.242317E+03
   0.594832E+00   0.237621E+03
   0.600194E+00   0.233045E+03
   0.605557E+00   0.228582E+03
   0.610920E+00   0.224228E+03
   0.616282E+00   0.219986E+03
   0.621645E+00   0.215865E+03
   0.627008E+00   0.211859E+03
   0.680214E+00   0.177259E+03
   0.737935E+00   0.148036E+03
   0.800554E+00   0.123428E+03
   0.868486E+00   0.102744E+03
   0.942183E+00   0.853942E+02
   0.101542E+01   0.719518E+02
   0.126811E+01   0.429689E+02
   0.158368E+01   0.254141E+02
   0.197777E+01   0.149005E+02
   0.246994E+01   0.866735E+01
   0.308458E+01   0.500548E+01
   0.385217E+01   0.287176E+01
   0.481078E+01   0.163768E+01
   0.600794E+01   0.928737E+00
   0.750301E+01   0.523958E+00
   0.937012E+01   0.294146E+00
   0.117019E+02   0.164345E+00
   0.146139E+02   0.913822E-01
   0.182505E+02   0.505539E-01
   0.227921E+02   0.278059E-01
   0.284639E+02   0.151856E-01
   0.355471E+02   0.821507E-02
   0.443930E+02   0.438448E-02
   0.554402E+02   0.229285E-02
   0.692364E+02   0.116132E-02
   0.864658E+02   0.558555E-03
   0.107983E+03   0.246438E-03
   0.134854E+03   0.935964E-04
   0.168412E+03   0.268658E-04
   0.210322E+03   0.413757E-05
   0.262660E+03   0.277679E-07
   0.328022E+03   0.247236E-06
