#          k/h    CDM            baryon         photon         nu             mass_nu        total          no_nu          total_de       Weyl           v_CDM          v_b            v_b-v_c     
   0.104501E-04   0.198309E+08   0.198309E+08   0.264274E+08   0.264270E+08   0.000000E+00   0.198309E+08   0.198309E+08   0.198387E+08  -0.471824E+00   0.103990E+08   0.103990E+08   0.109058E+01
   0.127096E-04   0.198309E+08   0.198309E+08   0.264208E+08   0.264202E+08   0.000000E+00   0.198309E+08   0.198309E+08   0.198386E+08  -0.471824E+00   0.103990E+08   0.103990E+08   0.132628E+01
   0.154576E-04   0.198309E+08   0.198309E+08   0.264110E+08   0.264102E+08   0.000000E+00   0.198309E+08   0.198309E+08   0.198386E+08  -0.471823E+00   0.103990E+08   0.103990E+08   0.161284E+01
   0.187998E-04   0.198308E+08   0.198308E+08   0.263965E+08   0.263953E+08   0.000000E+00   0.198308E+08   0.198308E+08   0.198386E+08  -0.471823E+00   0.103990E+08   0.103990E+08   0.196122E+01
   0.228647E-04   0.198308E+08   0.198308E+08   0.263752E+08   0.263733E+08   0.000000E+00   0.198308E+08   0.198308E+08   0.198385E+08  -0.471821E+00   0.103989E+08   0.103989E+08   0.238464E+01
   0.278084E-04   0.198307E+08   0.198307E+08   0.263436E+08   0.263409E+08   0.000000E+00   0.198307E+08   0.198307E+08   0.198385E+08  -0.471819E+00   0.103989E+08   0.103989E+08   0.289910E+01
   0.338210E-04   0.198306E+08   0.198306E+08   0.262969E+08   0.262929E+08   0.000000E+00   0.198306E+08   0.198306E+08   0.198384E+08  -0.471817E+00   0.103989E+08   0.103989E+08   0.352391E+01
   0.411337E-04   0.198305E+08   0.198305E+08   0.262279E+08   0.262221E+08   0.000000E+00   0.198305E+08   0.198305E+08   0.198382E+08  -0.471812E+00   0.103988E+08   0.103988E+08   0.428218E+01
   0.500274E-04   0.198303E+08   0.198303E+08   0.261263E+08   0.261177E+08   0.000000E+00   0.198303E+08   0.198303E+08   0.198380E+08  -0.471806E+00   0.103987E+08   0.103987E+08   0.520150E+01
   0.608442E-04   0.198300E+08   0.198300E+08   0.259766E+08   0.259639E+08   0.000000E+00   0.198300E+08   0.198300E+08   0.198376E+08  -0.471797E+00   0.103985E+08   0.103985E+08   0.631437E+01
   0.739997E-04   0.198296E+08   0.198296E+08   0.257566E+08   0.257380E+08   0.000000E+00   0.198296E+08   0.198296E+08   0.198371E+08  -0.471784E+00   0.103983E+08   0.103983E+08   0.765854E+01
   0.899996E-04   0.198289E+08   0.198289E+08   0.254344E+08   0.254071E+08   0.000000E+00   0.198289E+08   0.198289E+08   0.198364E+08  -0.471765E+00   0.103979E+08   0.103979E+08   0.927664E+01
   0.109459E-03   0.198280E+08   0.198280E+08   0.249645E+08   0.249248E+08   0.000000E+00   0.198280E+08   0.198280E+08   0.198353E+08  -0.471736E+00   0.103974E+08   0.103974E+08   0.112149E+02
   0.133126E-03   0.198266E+08   0.198265E+08   0.242842E+08   0.242267E+08   0.000000E+00   0.198266E+08   0.198266E+08   0.198337E+08  -0.471693E+00   0.103967E+08   0.103967E+08   0.135196E+02
   0.161910E-03   0.198245E+08   0.198244E+08   0.233091E+08   0.232269E+08   0.000000E+00   0.198245E+08   0.198245E+08   0.198313E+08  -0.471631E+00   0.103956E+08   0.103956E+08   0.162300E+02
   0.196917E-03   0.198214E+08   0.198214E+08   0.219330E+08   0.218173E+08   0.000000E+00   0.198214E+08   0.198214E+08   0.198279E+08  -0.471541E+00   0.103940E+08   0.103939E+08   0.193653E+02
   0.239494E-03   0.198170E+08   0.198169E+08   0.200350E+08   0.198761E+08   0.000000E+00   0.198170E+08   0.198170E+08   0.198228E+08  -0.471409E+00   0.103916E+08   0.103916E+08   0.229024E+02
   0.291277E-03   0.198104E+08   0.198103E+08   0.175061E+08   0.172958E+08   0.000000E+00   0.198104E+08   0.198104E+08   0.198155E+08  -0.471219E+00   0.103881E+08   0.103881E+08   0.267427E+02
   0.354256E-03   0.198010E+08   0.198008E+08   0.143090E+08   0.140461E+08   0.000000E+00   0.198009E+08   0.198009E+08   0.198051E+08  -0.470948E+00   0.103830E+08   0.103830E+08   0.306682E+02
   0.430851E-03   0.197873E+08   0.197870E+08   0.105805E+08   0.102800E+08   0.000000E+00   0.197873E+08   0.197873E+08   0.197904E+08  -0.470567E+00   0.103758E+08   0.103757E+08   0.343025E+02
   0.524009E-03   0.197679E+08   0.197675E+08   0.675110E+07   0.645424E+07   0.000000E+00   0.197678E+08   0.197678E+08   0.197698E+08  -0.470040E+00   0.103654E+08   0.103653E+08   0.371133E+02
   0.637308E-03   0.197406E+08   0.197400E+08   0.355241E+07   0.332687E+07   0.000000E+00   0.197405E+08   0.197405E+08   0.197415E+08  -0.469327E+00   0.103508E+08   0.103508E+08   0.385205E+02
   0.775104E-03   0.197028E+08   0.197020E+08   0.167579E+07   0.158302E+07   0.000000E+00   0.197026E+08   0.197026E+08   0.197031E+08  -0.468377E+00   0.103307E+08   0.103306E+08   0.381438E+02
   0.942694E-03   0.196513E+08   0.196503E+08   0.105433E+07   0.108351E+07   0.000000E+00   0.196512E+08   0.196512E+08   0.196515E+08  -0.467122E+00   0.103034E+08   0.103033E+08   0.360373E+02
   0.114652E-02   0.195824E+08   0.195812E+08   0.714133E+06   0.767459E+06   0.000000E+00   0.195822E+08   0.195822E+08   0.195824E+08  -0.465467E+00   0.102670E+08   0.102669E+08   0.325552E+02
   0.139442E-02   0.194912E+08   0.194899E+08   0.254956E+06   0.282978E+06   0.000000E+00   0.194910E+08   0.194910E+08   0.194911E+08  -0.463288E+00   0.102190E+08   0.102189E+08   0.279786E+02
   0.169591E-02   0.193720E+08   0.193706E+08   0.147927E+06  -0.168699E+06   0.000000E+00   0.193718E+08   0.193718E+08   0.193718E+08  -0.460445E+00   0.101564E+08   0.101562E+08   0.228696E+02
   0.206260E-02   0.192178E+08   0.192163E+08   0.248146E+04  -0.113121E+06   0.000000E+00   0.192176E+08   0.192176E+08   0.192176E+08  -0.456775E+00   0.100754E+08   0.100753E+08   0.181970E+02
   0.250856E-02   0.190205E+08   0.190188E+08   0.867229E+04  -0.756815E+05   0.000000E+00   0.190203E+08   0.190203E+08   0.190202E+08  -0.452082E+00   0.997188E+07   0.997177E+07   0.145352E+02
   0.305096E-02   0.187710E+08   0.187690E+08   0.243073E+04  -0.504892E+05   0.000000E+00   0.187707E+08   0.187707E+08   0.187707E+08  -0.446149E+00   0.984100E+07   0.984088E+07   0.119071E+02
   0.371062E-02   0.184594E+08   0.184569E+08  -0.169298E+05  -0.335646E+05   0.000000E+00   0.184590E+08   0.184590E+08   0.184590E+08  -0.438740E+00   0.967754E+07   0.967744E+07   0.976606E+01
   0.451292E-02   0.180751E+08   0.180720E+08  -0.135764E+05  -0.222180E+05   0.000000E+00   0.180746E+08   0.180746E+08   0.180746E+08  -0.429602E+00   0.947598E+07   0.947587E+07   0.790671E+01
   0.548869E-02   0.176070E+08   0.176029E+08  -0.120900E+05  -0.146310E+05   0.000000E+00   0.176064E+08   0.176064E+08   0.176064E+08  -0.418472E+00   0.923049E+07   0.923038E+07   0.645932E+01
   0.667543E-02   0.170440E+08   0.170386E+08  -0.102697E+05  -0.957472E+04   0.000000E+00   0.170431E+08   0.170431E+08   0.170431E+08  -0.405085E+00   0.893519E+07   0.893509E+07   0.524391E+01
   0.811877E-02   0.163747E+08   0.163675E+08  -0.635650E+04  -0.621865E+04   0.000000E+00   0.163736E+08   0.163736E+08   0.163736E+08  -0.389172E+00   0.858418E+07   0.858408E+07   0.426207E+01
   0.987418E-02   0.155899E+08   0.155800E+08   0.171429E+04  -0.400249E+04   0.000000E+00   0.155884E+08   0.155884E+08   0.155884E+08  -0.370508E+00   0.817251E+07   0.817241E+07   0.348064E+01
   0.120091E-01   0.146754E+08   0.146619E+08  -0.212336E+04  -0.254705E+04   0.000000E+00   0.146733E+08   0.146733E+08   0.146733E+08  -0.348759E+00   0.769279E+07   0.769269E+07   0.285435E+01
   0.146057E-01   0.136291E+08   0.136108E+08   0.356179E+03  -0.159906E+04   0.000000E+00   0.136262E+08   0.136262E+08   0.136262E+08  -0.323872E+00   0.714383E+07   0.714373E+07   0.235823E+01
   0.177637E-01   0.124373E+08   0.124130E+08  -0.115630E+04  -0.986434E+03   0.000000E+00   0.124336E+08   0.124336E+08   0.124336E+08  -0.295523E+00   0.651855E+07   0.651845E+07   0.195836E+01
   0.216045E-01   0.111135E+08   0.110821E+08  -0.621245E+02  -0.595825E+03   0.000000E+00   0.111086E+08   0.111086E+08   0.111086E+08  -0.264032E+00   0.582393E+07   0.582382E+07   0.162935E+01
   0.259254E-01   0.978169E+07   0.974384E+07   0.205191E+02  -0.364133E+03   0.000000E+00   0.977583E+07   0.977583E+07   0.977583E+07  -0.232354E+00   0.512521E+07   0.512510E+07   0.135860E+01
   0.302463E-01   0.862226E+07   0.858012E+07  -0.691160E+02  -0.235784E+03   0.000000E+00   0.861574E+07   0.861574E+07   0.861574E+07  -0.204781E+00   0.451701E+07   0.451691E+07   0.113962E+01
   0.345672E-01   0.763687E+07   0.759306E+07  -0.242459E+02  -0.159873E+03   0.000000E+00   0.763009E+07   0.763009E+07   0.763009E+07  -0.181354E+00   0.400027E+07   0.400017E+07   0.949106E+00
   0.388881E-01   0.682043E+07   0.677756E+07  -0.208902E+02  -0.112806E+03   0.000000E+00   0.681380E+07   0.681380E+07   0.681380E+07  -0.161952E+00   0.357231E+07   0.357222E+07   0.778838E+00
   0.432090E-01   0.615933E+07   0.611962E+07  -0.184519E+02  -0.825137E+02   0.000000E+00   0.615318E+07   0.615318E+07   0.615318E+07  -0.146250E+00   0.322596E+07   0.322588E+07   0.627448E+00
   0.475299E-01   0.563062E+07   0.559564E+07   0.121408E+03  -0.623411E+02   0.000000E+00   0.562521E+07   0.562521E+07   0.562521E+07  -0.133701E+00   0.294916E+07   0.294909E+07   0.496190E+00
   0.518508E-01   0.521403E+07   0.518456E+07   0.944779E+02  -0.485115E+02   0.000000E+00   0.520947E+07   0.520947E+07   0.520947E+07  -0.123820E+00   0.273119E+07   0.273113E+07   0.386858E+00
   0.561717E-01   0.487459E+07   0.485060E+07   0.752704E+02  -0.386478E+02   0.000000E+00   0.487088E+07   0.487088E+07   0.487088E+07  -0.115772E+00   0.255367E+07   0.255362E+07   0.299989E+00
   0.604926E-01   0.458806E+07   0.456885E+07   0.610941E+02  -0.313681E+02   0.000000E+00   0.458509E+07   0.458509E+07   0.458509E+07  -0.108979E+00   0.240383E+07   0.240379E+07   0.234938E+00
   0.648135E-01   0.433113E+07   0.431555E+07   0.502444E+02  -0.257969E+02   0.000000E+00   0.432872E+07   0.432872E+07   0.432872E+07  -0.102886E+00   0.226942E+07   0.226938E+07   0.189494E+00
   0.691344E-01   0.408789E+07   0.407458E+07   0.416824E+02  -0.214007E+02   0.000000E+00   0.408583E+07   0.408583E+07   0.408583E+07  -0.971128E-01   0.214208E+07   0.214205E+07   0.160346E+00
   0.734553E-01   0.384884E+07   0.383649E+07   0.347639E+02  -0.178486E+02   0.000000E+00   0.384693E+07   0.384693E+07   0.384693E+07  -0.914347E-01   0.201683E+07   0.201680E+07   0.143512E+00
   0.777762E-01   0.361145E+07   0.359898E+07   0.290948E+02  -0.149381E+02   0.000000E+00   0.360952E+07   0.360952E+07   0.360952E+07  -0.857919E-01   0.189237E+07   0.189234E+07   0.134872E+00
   0.820971E-01   0.337785E+07   0.336456E+07   0.244217E+02  -0.125391E+02   0.000000E+00   0.337579E+07   0.337579E+07   0.337579E+07  -0.802366E-01   0.176983E+07   0.176980E+07   0.130626E+00
   0.864180E-01   0.315360E+07   0.313922E+07   0.205751E+02  -0.105644E+02   0.000000E+00   0.315137E+07   0.315137E+07   0.315137E+07  -0.749025E-01   0.165218E+07   0.165214E+07   0.127680E+00
   0.907389E-01   0.294456E+07   0.292922E+07   0.174233E+02  -0.894632E+01   0.000000E+00   0.294219E+07   0.294219E+07   0.294219E+07  -0.699306E-01   0.154251E+07   0.154248E+07   0.123846E+00
   0.961016E-01   0.271409E+07   0.269815E+07   0.143157E+02  -0.735083E+01   0.000000E+00   0.271162E+07   0.271162E+07   0.271162E+07  -0.644505E-01   0.142164E+07   0.142160E+07   0.116131E+00
   0.101464E+00   0.252206E+07   0.250645E+07   0.119332E+02  -0.612751E+01   0.000000E+00   0.251965E+07   0.251965E+07   0.251965E+07  -0.598875E-01   0.132099E+07   0.132096E+07   0.104831E+00
   0.106827E+00   0.236940E+07   0.235502E+07   0.101138E+02  -0.519322E+01   0.000000E+00   0.236718E+07   0.236718E+07   0.236718E+07  -0.562636E-01   0.124105E+07   0.124102E+07   0.910244E-01
   0.112190E+00   0.224962E+07   0.223708E+07   0.870717E+01  -0.447085E+01   0.000000E+00   0.224768E+07   0.224768E+07   0.224768E+07  -0.534234E-01   0.117840E+07   0.117837E+07   0.765254E-01
   0.117552E+00   0.215167E+07   0.214116E+07   0.758641E+01  -0.389527E+01   0.000000E+00   0.215004E+07   0.215004E+07   0.215004E+07  -0.511027E-01   0.112721E+07   0.112719E+07   0.631967E-01
   0.122915E+00   0.206434E+07   0.205566E+07   0.665801E+01  -0.341848E+01   0.000000E+00   0.206300E+07   0.206300E+07   0.206300E+07  -0.490337E-01   0.108157E+07   0.108155E+07   0.524360E-01
   0.128278E+00   0.197882E+07   0.197144E+07   0.586018E+01  -0.300880E+01   0.000000E+00   0.197768E+07   0.197768E+07   0.197768E+07  -0.470058E-01   0.103684E+07   0.103682E+07   0.448937E-01
   0.133640E+00   0.188966E+07   0.188293E+07   0.515617E+01  -0.264732E+01   0.000000E+00   0.188862E+07   0.188862E+07   0.188862E+07  -0.448890E-01   0.990146E+06   0.990130E+06   0.404460E-01
   0.139003E+00   0.179548E+07   0.178881E+07   0.452835E+01  -0.232500E+01   0.000000E+00   0.179445E+07   0.179445E+07   0.179445E+07  -0.426508E-01   0.940777E+06   0.940761E+06   0.383801E-01
   0.144366E+00   0.169861E+07   0.169160E+07   0.397140E+01  -0.203908E+01   0.000000E+00   0.169753E+07   0.169753E+07   0.169753E+07  -0.403472E-01   0.889966E+06   0.889950E+06   0.376874E-01
   0.149728E+00   0.160336E+07   0.159586E+07   0.348465E+01  -0.178921E+01   0.000000E+00   0.160220E+07   0.160220E+07   0.160220E+07  -0.380814E-01   0.839989E+06   0.839972E+06   0.373570E-01
   0.155091E+00   0.151432E+07   0.150642E+07   0.306720E+01  -0.157490E+01   0.000000E+00   0.151310E+07   0.151310E+07   0.151310E+07  -0.359637E-01   0.793278E+06   0.793261E+06   0.366090E-01
   0.160454E+00   0.143545E+07   0.142742E+07   0.271619E+01  -0.139469E+01   0.000000E+00   0.143421E+07   0.143421E+07   0.143421E+07  -0.340886E-01   0.751920E+06   0.751903E+06   0.350261E-01
   0.165817E+00   0.136904E+07   0.136122E+07   0.242561E+01  -0.124549E+01   0.000000E+00   0.136783E+07   0.136783E+07   0.136783E+07  -0.325108E-01   0.717116E+06   0.717100E+06   0.325668E-01
   0.171179E+00   0.131472E+07   0.130742E+07   0.218577E+01  -0.112232E+01   0.000000E+00   0.131359E+07   0.131359E+07   0.131359E+07  -0.312216E-01   0.688679E+06   0.688664E+06   0.294791E-01
   0.176542E+00   0.126978E+07   0.126320E+07   0.198489E+01  -0.101916E+01   0.000000E+00   0.126877E+07   0.126877E+07   0.126877E+07  -0.301563E-01   0.665179E+06   0.665166E+06   0.261667E-01
   0.181905E+00   0.123058E+07   0.122475E+07   0.181200E+01  -0.930372E+00   0.000000E+00   0.122968E+07   0.122968E+07   0.122968E+07  -0.292273E-01   0.644688E+06   0.644675E+06   0.230514E-01
   0.187267E+00   0.119369E+07   0.118853E+07   0.165857E+01  -0.851579E+00   0.000000E+00   0.119289E+07   0.119289E+07   0.119289E+07  -0.283530E-01   0.625401E+06   0.625389E+06   0.204612E-01
   0.192630E+00   0.115638E+07   0.115169E+07   0.151858E+01  -0.779697E+00   0.000000E+00   0.115566E+07   0.115566E+07   0.115566E+07  -0.274679E-01   0.605878E+06   0.605868E+06   0.185620E-01
   0.197993E+00   0.111698E+07   0.111253E+07   0.138847E+01  -0.712891E+00   0.000000E+00   0.111629E+07   0.111629E+07   0.111629E+07  -0.265323E-01   0.585240E+06   0.585230E+06   0.173457E-01
   0.203355E+00   0.107528E+07   0.107087E+07   0.126704E+01  -0.650550E+00   0.000000E+00   0.107460E+07   0.107460E+07   0.107460E+07  -0.255413E-01   0.563382E+06   0.563371E+06   0.166659E-01
   0.208718E+00   0.103244E+07   0.102794E+07   0.115480E+01  -0.592929E+00   0.000000E+00   0.103175E+07   0.103175E+07   0.103175E+07  -0.245228E-01   0.540917E+06   0.540906E+06   0.163008E-01
   0.214081E+00   0.990290E+06   0.985643E+06   0.105279E+01  -0.540561E+00   0.000000E+00   0.989571E+06   0.989571E+06   0.989571E+06  -0.235203E-01   0.518805E+06   0.518795E+06   0.160199E-01
   0.219443E+00   0.950584E+06   0.945833E+06   0.961744E+00  -0.493816E+00   0.000000E+00   0.949849E+06   0.949849E+06   0.949849E+06  -0.225762E-01   0.497980E+06   0.497970E+06   0.156394E-01
   0.224806E+00   0.914652E+06   0.909893E+06   0.881737E+00  -0.452739E+00   0.000000E+00   0.913916E+06   0.913916E+06   0.913916E+06  -0.217221E-01   0.479142E+06   0.479131E+06   0.150561E-01
   0.230169E+00   0.883140E+06   0.878494E+06   0.812142E+00  -0.417005E+00   0.000000E+00   0.882421E+06   0.882421E+06   0.882421E+06  -0.209736E-01   0.462630E+06   0.462620E+06   0.142541E-01
   0.235531E+00   0.855905E+06   0.851478E+06   0.751674E+00  -0.385956E+00   0.000000E+00   0.855220E+06   0.855220E+06   0.855220E+06  -0.203271E-01   0.448369E+06   0.448360E+06   0.132900E-01
   0.240894E+00   0.832140E+06   0.828000E+06   0.698651E+00  -0.358727E+00   0.000000E+00   0.831500E+06   0.831500E+06   0.831500E+06  -0.197633E-01   0.435933E+06   0.435924E+06   0.122624E-01
   0.246257E+00   0.810663E+06   0.806827E+06   0.651325E+00  -0.334424E+00   0.000000E+00   0.810069E+06   0.810069E+06   0.810069E+06  -0.192539E-01   0.424697E+06   0.424689E+06   0.112784E-01
   0.251620E+00   0.790200E+06   0.786637E+06   0.608133E+00  -0.312244E+00   0.000000E+00   0.789648E+06   0.789648E+06   0.789648E+06  -0.187685E-01   0.413991E+06   0.413983E+06   0.104239E-01
   0.256982E+00   0.769672E+06   0.766315E+06   0.567885E+00  -0.291578E+00   0.000000E+00   0.769152E+06   0.769152E+06   0.769152E+06  -0.182814E-01   0.403245E+06   0.403238E+06   0.974585E-02
   0.262345E+00   0.748484E+06   0.745255E+06   0.529910E+00  -0.272079E+00   0.000000E+00   0.747984E+06   0.747984E+06   0.747984E+06  -0.177782E-01   0.392147E+06   0.392140E+06   0.924859E-02
   0.267708E+00   0.726636E+06   0.723460E+06   0.494033E+00  -0.253659E+00   0.000000E+00   0.726145E+06   0.726145E+06   0.726145E+06  -0.172592E-01   0.380697E+06   0.380690E+06   0.890031E-02
   0.273070E+00   0.704547E+06   0.701375E+06   0.460375E+00  -0.236379E+00   0.000000E+00   0.704056E+06   0.704056E+06   0.704056E+06  -0.167341E-01   0.369117E+06   0.369110E+06   0.864697E-02
   0.278433E+00   0.682792E+06   0.679604E+06   0.429127E+00  -0.220336E+00   0.000000E+00   0.682299E+06   0.682299E+06   0.682299E+06  -0.162170E-01   0.357710E+06   0.357703E+06   0.842877E-02
   0.283796E+00   0.661954E+06   0.658759E+06   0.400445E+00  -0.205611E+00   0.000000E+00   0.661460E+06   0.661460E+06   0.661460E+06  -0.157217E-01   0.346785E+06   0.346778E+06   0.819554E-02
   0.289158E+00   0.642543E+06   0.639371E+06   0.374412E+00  -0.192244E+00   0.000000E+00   0.642052E+06   0.642052E+06   0.642052E+06  -0.152604E-01   0.336610E+06   0.336604E+06   0.791684E-02
   0.294521E+00   0.624860E+06   0.621751E+06   0.350967E+00  -0.180207E+00   0.000000E+00   0.624379E+06   0.624379E+06   0.624379E+06  -0.148404E-01   0.327345E+06   0.327338E+06   0.758485E-02
   0.299884E+00   0.608890E+06   0.605882E+06   0.329877E+00  -0.169377E+00   0.000000E+00   0.608425E+06   0.608425E+06   0.608425E+06  -0.144612E-01   0.318980E+06   0.318974E+06   0.721106E-02
   0.305246E+00   0.594336E+06   0.591453E+06   0.310782E+00  -0.159573E+00   0.000000E+00   0.593890E+06   0.593890E+06   0.593890E+06  -0.141157E-01   0.311360E+06   0.311354E+06   0.681944E-02
   0.310609E+00   0.580777E+06   0.578028E+06   0.293302E+00  -0.150597E+00   0.000000E+00   0.580352E+06   0.580352E+06   0.580352E+06  -0.137939E-01   0.304262E+06   0.304256E+06   0.643807E-02
   0.315972E+00   0.567794E+06   0.565169E+06   0.277100E+00  -0.142277E+00   0.000000E+00   0.567388E+06   0.567388E+06   0.567388E+06  -0.134858E-01   0.297466E+06   0.297460E+06   0.609132E-02
   0.321334E+00   0.555025E+06   0.552503E+06   0.261906E+00  -0.134475E+00   0.000000E+00   0.554635E+06   0.554635E+06   0.554635E+06  -0.131827E-01   0.290780E+06   0.290774E+06   0.579411E-02
   0.326697E+00   0.542224E+06   0.539777E+06   0.247536E+00  -0.127097E+00   0.000000E+00   0.541845E+06   0.541845E+06   0.541845E+06  -0.128787E-01   0.284074E+06   0.284069E+06   0.554990E-02
   0.332060E+00   0.529321E+06   0.526924E+06   0.233903E+00  -0.120097E+00   0.000000E+00   0.528950E+06   0.528950E+06   0.528950E+06  -0.125722E-01   0.277314E+06   0.277309E+06   0.535202E-02
   0.337423E+00   0.516425E+06   0.514057E+06   0.221006E+00  -0.113475E+00   0.000000E+00   0.516058E+06   0.516058E+06   0.516058E+06  -0.122658E-01   0.270555E+06   0.270550E+06   0.518704E-02
   0.342785E+00   0.503737E+06   0.501389E+06   0.208881E+00  -0.107250E+00   0.000000E+00   0.503374E+06   0.503374E+06   0.503374E+06  -0.119643E-01   0.263905E+06   0.263900E+06   0.503895E-02
   0.348148E+00   0.491471E+06   0.489142E+06   0.197562E+00  -0.101439E+00   0.000000E+00   0.491110E+06   0.491110E+06   0.491110E+06  -0.116728E-01   0.257476E+06   0.257471E+06   0.489329E-02
   0.353511E+00   0.479796E+06   0.477496E+06   0.187060E+00  -0.960468E-01   0.000000E+00   0.479440E+06   0.479440E+06   0.479440E+06  -0.113954E-01   0.251358E+06   0.251352E+06   0.474016E-02
   0.358873E+00   0.468821E+06   0.466561E+06   0.177359E+00  -0.910655E-01   0.000000E+00   0.468471E+06   0.468471E+06   0.468471E+06  -0.111347E-01   0.245607E+06   0.245602E+06   0.457567E-02
   0.364236E+00   0.458558E+06   0.456352E+06   0.168406E+00  -0.864686E-01   0.000000E+00   0.458217E+06   0.458217E+06   0.458217E+06  -0.108910E-01   0.240230E+06   0.240226E+06   0.440149E-02
   0.369599E+00   0.448930E+06   0.446786E+06   0.160121E+00  -0.822147E-01   0.000000E+00   0.448598E+06   0.448598E+06   0.448598E+06  -0.106624E-01   0.235188E+06   0.235183E+06   0.422323E-02
   0.374961E+00   0.439799E+06   0.437721E+06   0.152411E+00  -0.782557E-01   0.000000E+00   0.439478E+06   0.439478E+06   0.439478E+06  -0.104456E-01   0.230406E+06   0.230402E+06   0.404822E-02
   0.380324E+00   0.431021E+06   0.429006E+06   0.145187E+00  -0.745467E-01   0.000000E+00   0.430709E+06   0.430709E+06   0.430709E+06  -0.102372E-01   0.225809E+06   0.225804E+06   0.388342E-02
   0.385687E+00   0.422466E+06   0.420509E+06   0.138377E+00  -0.710498E-01   0.000000E+00   0.422164E+06   0.422164E+06   0.422164E+06  -0.100341E-01   0.221329E+06   0.221324E+06   0.373369E-02
   0.391049E+00   0.414038E+06   0.412128E+06   0.131923E+00  -0.677358E-01   0.000000E+00   0.413743E+06   0.413743E+06   0.413743E+06  -0.983393E-02   0.216914E+06   0.216910E+06   0.360085E-02
   0.396412E+00   0.405685E+06   0.403813E+06   0.125788E+00  -0.645857E-01   0.000000E+00   0.405396E+06   0.405396E+06   0.405396E+06  -0.963553E-02   0.212538E+06   0.212534E+06   0.348378E-02
   0.401775E+00   0.397419E+06   0.395577E+06   0.119957E+00  -0.615918E-01   0.000000E+00   0.397134E+06   0.397134E+06   0.397134E+06  -0.943916E-02   0.208206E+06   0.208202E+06   0.337919E-02
   0.407137E+00   0.389302E+06   0.387486E+06   0.114431E+00  -0.587547E-01   0.000000E+00   0.389021E+06   0.389021E+06   0.389021E+06  -0.924634E-02   0.203953E+06   0.203949E+06   0.328280E-02
   0.412500E+00   0.381409E+06   0.379617E+06   0.109214E+00  -0.560763E-01   0.000000E+00   0.381132E+06   0.381132E+06   0.381132E+06  -0.905883E-02   0.199817E+06   0.199813E+06   0.319037E-02
   0.417863E+00   0.373791E+06   0.372024E+06   0.104303E+00  -0.535545E-01   0.000000E+00   0.373518E+06   0.373518E+06   0.373518E+06  -0.887785E-02   0.195825E+06   0.195821E+06   0.309860E-02
   0.423226E+00   0.366478E+06   0.364740E+06   0.996868E-01  -0.511845E-01   0.000000E+00   0.366209E+06   0.366209E+06   0.366209E+06  -0.870414E-02   0.191994E+06   0.191990E+06   0.300570E-02
   0.428588E+00   0.359488E+06   0.357782E+06   0.953536E-01  -0.489596E-01   0.000000E+00   0.359224E+06   0.359224E+06   0.359224E+06  -0.853812E-02   0.188331E+06   0.188328E+06   0.291156E-02
   0.433951E+00   0.352814E+06   0.351144E+06   0.912848E-01  -0.468704E-01   0.000000E+00   0.352556E+06   0.352556E+06   0.352556E+06  -0.837962E-02   0.184835E+06   0.184832E+06   0.281735E-02
   0.439314E+00   0.346413E+06   0.344780E+06   0.874541E-01  -0.449035E-01   0.000000E+00   0.346160E+06   0.346160E+06   0.346160E+06  -0.822761E-02   0.181482E+06   0.181479E+06   0.272487E-02
   0.444676E+00   0.340223E+06   0.338627E+06   0.838326E-01  -0.430440E-01   0.000000E+00   0.339976E+06   0.339976E+06   0.339976E+06  -0.808063E-02   0.178240E+06   0.178237E+06   0.263600E-02
   0.450039E+00   0.334196E+06   0.332634E+06   0.803969E-01  -0.412799E-01   0.000000E+00   0.333954E+06   0.333954E+06   0.333954E+06  -0.793749E-02   0.175083E+06   0.175080E+06   0.255227E-02
   0.455402E+00   0.328303E+06   0.326773E+06   0.771303E-01  -0.396027E-01   0.000000E+00   0.328067E+06   0.328067E+06   0.328067E+06  -0.779755E-02   0.171996E+06   0.171993E+06   0.247449E-02
   0.460764E+00   0.322525E+06   0.321023E+06   0.740194E-01  -0.380053E-01   0.000000E+00   0.322293E+06   0.322293E+06   0.322293E+06  -0.766032E-02   0.168969E+06   0.168966E+06   0.240263E-02
   0.466127E+00   0.316846E+06   0.315369E+06   0.710525E-01  -0.364820E-01   0.000000E+00   0.316618E+06   0.316618E+06   0.316618E+06  -0.752544E-02   0.165994E+06   0.165991E+06   0.233592E-02
   0.471490E+00   0.311271E+06   0.309816E+06   0.682232E-01  -0.350293E-01   0.000000E+00   0.311046E+06   0.311046E+06   0.311046E+06  -0.739300E-02   0.163073E+06   0.163069E+06   0.227318E-02
   0.476852E+00   0.305824E+06   0.304391E+06   0.655302E-01  -0.336466E-01   0.000000E+00   0.305602E+06   0.305602E+06   0.305602E+06  -0.726362E-02   0.160219E+06   0.160216E+06   0.221319E-02
   0.482215E+00   0.300533E+06   0.299120E+06   0.629719E-01  -0.323330E-01   0.000000E+00   0.300314E+06   0.300314E+06   0.300314E+06  -0.713793E-02   0.157447E+06   0.157443E+06   0.215490E-02
   0.487578E+00   0.295405E+06   0.294014E+06   0.605433E-01  -0.310861E-01   0.000000E+00   0.295190E+06   0.295190E+06   0.295190E+06  -0.701614E-02   0.154760E+06   0.154757E+06   0.209759E-02
   0.492940E+00   0.290440E+06   0.289071E+06   0.582375E-01  -0.299022E-01   0.000000E+00   0.290228E+06   0.290228E+06   0.290228E+06  -0.689820E-02   0.152159E+06   0.152156E+06   0.204094E-02
   0.498303E+00   0.285635E+06   0.284290E+06   0.560480E-01  -0.287780E-01   0.000000E+00   0.285427E+06   0.285427E+06   0.285427E+06  -0.678409E-02   0.149642E+06   0.149639E+06   0.198510E-02
   0.503666E+00   0.280986E+06   0.279665E+06   0.539680E-01  -0.277100E-01   0.000000E+00   0.280782E+06   0.280782E+06   0.280782E+06  -0.667368E-02   0.147206E+06   0.147203E+06   0.193047E-02
   0.509028E+00   0.276476E+06   0.275178E+06   0.519889E-01  -0.266938E-01   0.000000E+00   0.276276E+06   0.276276E+06   0.276276E+06  -0.656657E-02   0.144844E+06   0.144841E+06   0.187754E-02
   0.514391E+00   0.272081E+06   0.270807E+06   0.501013E-01  -0.257246E-01   0.000000E+00   0.271884E+06   0.271884E+06   0.271884E+06  -0.646220E-02   0.142541E+06   0.142539E+06   0.182672E-02
   0.519754E+00   0.267785E+06   0.266532E+06   0.482980E-01  -0.247987E-01   0.000000E+00   0.267591E+06   0.267591E+06   0.267591E+06  -0.636017E-02   0.140291E+06   0.140288E+06   0.177830E-02
   0.525117E+00   0.263582E+06   0.262349E+06   0.465738E-01  -0.239134E-01   0.000000E+00   0.263391E+06   0.263391E+06   0.263391E+06  -0.626033E-02   0.138089E+06   0.138086E+06   0.173235E-02
   0.530479E+00   0.259466E+06   0.258253E+06   0.449243E-01  -0.230665E-01   0.000000E+00   0.259278E+06   0.259278E+06   0.259278E+06  -0.616258E-02   0.135932E+06   0.135930E+06   0.168874E-02
   0.535842E+00   0.255434E+06   0.254239E+06   0.433454E-01  -0.222558E-01   0.000000E+00   0.255249E+06   0.255249E+06   0.255249E+06  -0.606682E-02   0.133820E+06   0.133817E+06   0.164714E-02
   0.541205E+00   0.251486E+06   0.250308E+06   0.418339E-01  -0.214797E-01   0.000000E+00   0.251304E+06   0.251304E+06   0.251304E+06  -0.597304E-02   0.131752E+06   0.131749E+06   0.160720E-02
   0.546567E+00   0.247629E+06   0.246468E+06   0.403880E-01  -0.207373E-01   0.000000E+00   0.247450E+06   0.247450E+06   0.247450E+06  -0.588144E-02   0.129731E+06   0.129729E+06   0.156856E-02
   0.551930E+00   0.243872E+06   0.242727E+06   0.390059E-01  -0.200276E-01   0.000000E+00   0.243694E+06   0.243694E+06   0.243694E+06  -0.579218E-02   0.127762E+06   0.127760E+06   0.153098E-02
   0.557293E+00   0.240212E+06   0.239084E+06   0.376847E-01  -0.193493E-01   0.000000E+00   0.240038E+06   0.240038E+06   0.240038E+06  -0.570526E-02   0.125845E+06   0.125843E+06   0.149427E-02
   0.562655E+00   0.236646E+06   0.235535E+06   0.364210E-01  -0.187004E-01   0.000000E+00   0.236474E+06   0.236474E+06   0.236474E+06  -0.562057E-02   0.123977E+06   0.123975E+06   0.145839E-02
   0.568018E+00   0.233171E+06   0.232077E+06   0.352117E-01  -0.180795E-01   0.000000E+00   0.233002E+06   0.233002E+06   0.233002E+06  -0.553804E-02   0.122157E+06   0.122154E+06   0.142338E-02
   0.573381E+00   0.229785E+06   0.228707E+06   0.340543E-01  -0.174853E-01   0.000000E+00   0.229618E+06   0.229618E+06   0.229618E+06  -0.545762E-02   0.120383E+06   0.120380E+06   0.138935E-02
   0.578743E+00   0.226481E+06   0.225419E+06   0.329456E-01  -0.169160E-01   0.000000E+00   0.226317E+06   0.226317E+06   0.226317E+06  -0.537915E-02   0.118652E+06   0.118649E+06   0.135641E-02
   0.584106E+00   0.223250E+06   0.222204E+06   0.318820E-01  -0.163699E-01   0.000000E+00   0.223088E+06   0.223088E+06   0.223088E+06  -0.530241E-02   0.116959E+06   0.116957E+06   0.132463E-02
   0.589469E+00   0.220085E+06   0.219054E+06   0.308607E-01  -0.158455E-01   0.000000E+00   0.219926E+06   0.219926E+06   0.219926E+06  -0.522724E-02   0.115301E+06   0.115299E+06   0.129403E-02
   0.594832E+00   0.216986E+06   0.215970E+06   0.298800E-01  -0.153420E-01   0.000000E+00   0.216829E+06   0.216829E+06   0.216829E+06  -0.515363E-02   0.113677E+06   0.113675E+06   0.126460E-02
   0.600194E+00   0.213952E+06   0.212950E+06   0.289381E-01  -0.148583E-01   0.000000E+00   0.213797E+06   0.213797E+06   0.213797E+06  -0.508157E-02   0.112088E+06   0.112086E+06   0.123627E-02
   0.605557E+00   0.210980E+06   0.209992E+06   0.280330E-01  -0.143936E-01   0.000000E+00   0.210827E+06   0.210827E+06   0.210827E+06  -0.501099E-02   0.110531E+06   0.110529E+06   0.120892E-02
   0.610920E+00   0.208068E+06   0.207093E+06   0.271628E-01  -0.139468E-01   0.000000E+00   0.207917E+06   0.207917E+06   0.207917E+06  -0.494182E-02   0.109005E+06   0.109003E+06   0.118243E-02
   0.616282E+00   0.205218E+06   0.204256E+06   0.263265E-01  -0.135174E-01   0.000000E+00   0.205069E+06   0.205069E+06   0.205069E+06  -0.487413E-02   0.107512E+06   0.107510E+06   0.115669E-02
   0.621645E+00   0.202433E+06   0.201484E+06   0.255231E-01  -0.131049E-01   0.000000E+00   0.202286E+06   0.202286E+06   0.202286E+06  -0.480799E-02   0.106053E+06   0.106051E+06   0.113166E-02
   0.627008E+00   0.199712E+06   0.198775E+06   0.247511E-01  -0.127085E-01   0.000000E+00   0.199567E+06   0.199567E+06   0.199567E+06  -0.474334E-02   0.104627E+06   0.104625E+06   0.110727E-02
   0.680214E+00   0.175591E+06   0.174768E+06   0.184905E-01  -0.949400E-02   0.000000E+00   0.175464E+06   0.175464E+06   0.175464E+06  -0.417046E-02   0.919909E+05   0.919891E+05   0.899722E-03
   0.737935E+00   0.154241E+06   0.153518E+06   0.138007E-01  -0.708599E-02   0.000000E+00   0.154129E+06   0.154129E+06   0.154129E+06  -0.366337E-02   0.808055E+05   0.808039E+05   0.731071E-03
   0.800554E+00   0.135374E+06   0.134740E+06   0.102918E-01  -0.528435E-02   0.000000E+00   0.135276E+06   0.135276E+06   0.135276E+06  -0.321526E-02   0.709214E+05   0.709199E+05   0.593989E-03
   0.868486E+00   0.118718E+06   0.118162E+06   0.766879E-02  -0.393756E-02   0.000000E+00   0.118632E+06   0.118632E+06   0.118632E+06  -0.281966E-02   0.621954E+05   0.621941E+05   0.482579E-03
   0.942183E+00   0.104029E+06   0.103542E+06   0.570981E-02  -0.293172E-02   0.000000E+00   0.103954E+06   0.103954E+06   0.103954E+06  -0.247080E-02   0.545002E+05   0.544991E+05   0.392104E-03
   0.101542E+01   0.920777E+05   0.916464E+05   0.435109E-02  -0.223408E-02   0.000000E+00   0.920109E+05   0.920109E+05   0.920109E+05  -0.218693E-02   0.482388E+05   0.482378E+05   0.324066E-03
   0.126811E+01   0.638633E+05   0.635642E+05   0.193497E-02  -0.993522E-03   0.000000E+00   0.638170E+05   0.638170E+05   0.638170E+05  -0.151682E-02   0.334575E+05   0.334568E+05   0.184581E-03
   0.158368E+01   0.440733E+05   0.438669E+05   0.856206E-03  -0.439626E-03   0.000000E+00   0.440414E+05   0.440414E+05   0.440414E+05  -0.104678E-02   0.230897E+05   0.230892E+05   0.105990E-03
   0.197777E+01   0.302740E+05   0.301322E+05   0.377095E-03  -0.193624E-03   0.000000E+00   0.302520E+05   0.302520E+05   0.302520E+05  -0.719037E-03   0.158603E+05   0.158600E+05   0.617290E-04
   0.246994E+01   0.207020E+05   0.206050E+05   0.165338E-03  -0.848956E-04   0.000000E+00   0.206870E+05   0.206870E+05   0.206870E+05  -0.491693E-03   0.108456E+05   0.108454E+05   0.367360E-04
   0.308458E+01   0.140928E+05   0.140268E+05   0.721662E-04  -0.370558E-04   0.000000E+00   0.140826E+05   0.140826E+05   0.140826E+05  -0.334719E-03   0.738315E+04   0.738295E+04   0.225228E-04
   0.385217E+01   0.954754E+04   0.950273E+04   0.313474E-04  -0.160967E-04   0.000000E+00   0.954061E+04   0.954061E+04   0.954061E+04  -0.226763E-03   0.500190E+04   0.500174E+04   0.143328E-04
   0.481078E+01   0.643215E+04   0.640191E+04   0.135406E-04  -0.695330E-05   0.000000E+00   0.642747E+04   0.642747E+04   0.642747E+04  -0.152769E-03   0.336977E+04   0.336963E+04   0.951183E-05
   0.600794E+01   0.430266E+04   0.428238E+04   0.580741E-05  -0.298242E-05   0.000000E+00   0.429952E+04   0.429952E+04   0.429952E+04  -0.102192E-03   0.225415E+04   0.225403E+04   0.658231E-05
   0.750301E+01   0.285001E+04   0.283651E+04   0.246632E-05  -0.126673E-05   0.000000E+00   0.284792E+04   0.284792E+04   0.284792E+04  -0.676899E-04   0.149311E+04   0.149301E+04   0.472199E-05
   0.937012E+01   0.186038E+04   0.185151E+04   0.103216E-05  -0.530223E-06   0.000000E+00   0.185900E+04   0.185900E+04   0.185900E+04  -0.441852E-04   0.974653E+03   0.974555E+03   0.347179E-05
   0.117019E+02   0.118679E+04   0.118107E+04   0.422128E-06  -0.216907E-06   0.000000E+00   0.118590E+04   0.118590E+04   0.118590E+04  -0.281868E-04   0.621764E+03   0.621674E+03   0.257333E-05
   0.146139E+02   0.729031E+03   0.725463E+03   0.166230E-06  -0.854523E-07   0.000000E+00   0.728479E+03   0.728479E+03   0.728479E+03  -0.173146E-04   0.381948E+03   0.381866E+03   0.187978E-05
   0.182505E+02   0.419691E+03   0.417586E+03   0.613390E-07  -0.315530E-07   0.000000E+00   0.419365E+03   0.419365E+03   0.419365E+03  -0.996756E-05   0.219886E+03   0.219814E+03   0.130840E-05
   0.227921E+02   0.214441E+03   0.213326E+03   0.200854E-07  -0.103428E-07   0.000000E+00   0.214269E+03   0.214269E+03   0.214269E+03  -0.509278E-05   0.112355E+03   0.112299E+03   0.817866E-06
   0.284639E+02   0.851436E+02   0.846762E+02   0.510937E-08  -0.263538E-08   0.000000E+00   0.850713E+02   0.850713E+02   0.850713E+02  -0.202199E-05   0.446127E+02   0.445784E+02   0.400971E-06
   0.355471E+02   0.141815E+02   0.140982E+02   0.544947E-09  -0.281885E-09   0.000000E+00   0.141686E+02   0.141686E+02   0.141686E+02  -0.336763E-06   0.743154E+01   0.742257E+01   0.841759E-07
   0.443930E+02  -0.117307E+02  -0.116515E+02  -0.288561E-09   0.149728E-09   0.000000E+00  -0.117185E+02  -0.117185E+02  -0.117185E+02   0.278527E-06  -0.614749E+01  -0.613645E+01  -0.829861E-07
   0.554402E+02  -0.879518E+01  -0.872658E+01  -0.138309E-09   0.722190E-10   0.000000E+00  -0.878457E+01  -0.878457E+01  -0.878457E+01   0.208793E-06  -0.461011E+01  -0.459712E+01  -0.781905E-07
   0.692364E+02   0.757668E+00   0.749848E+00   0.760524E-11  -0.400703E-11   0.000000E+00   0.756458E+00   0.756458E+00   0.756458E+00  -0.179796E-07   0.397197E+00   0.395470E+00   0.832254E-08
   0.864658E+02   0.119797E+01   0.118351E+01   0.765311E-11  -0.409760E-11   0.000000E+00   0.119573E+01   0.119573E+01   0.119573E+01  -0.284205E-07   0.628462E+00   0.624138E+00   0.166837E-07
   0.107983E+03  -0.598498E+00  -0.588610E+00  -0.242541E-11   0.132693E-11   0.000000E+00  -0.596968E+00  -0.596968E+00  -0.596968E+00   0.141889E-07  -0.314158E+00  -0.310841E+00  -0.102486E-07
   0.134854E+03   0.224355E+00   0.219206E+00   0.572460E-12  -0.325125E-12   0.000000E+00   0.223558E+00   0.223558E+00   0.223558E+00  -0.531358E-08   0.117915E+00   0.115966E+00   0.482038E-08
   0.168412E+03  -0.110748E-01  -0.109176E-01  -0.175564E-13   0.107132E-13   0.000000E+00  -0.110505E-01  -0.110505E-01  -0.110505E-01   0.262650E-09  -0.585458E-02  -0.569634E-02  -0.313427E-09
   0.210322E+03  -0.320097E-01  -0.304279E-01  -0.312506E-13   0.204055E-13   0.000000E+00  -0.317650E-01  -0.317650E-01  -0.317650E-01   0.754998E-09  -0.168948E-01  -0.162337E-01  -0.104857E-08
   0.262660E+03  -0.807094E-02  -0.749755E-02  -0.468100E-14   0.352619E-14   0.000000E+00  -0.798223E-02  -0.798223E-02  -0.798223E-02   0.189723E-09  -0.428245E-02  -0.402262E-02  -0.329981E-09
   0.328022E+03   0.524619E-02   0.460471E-02   0.173952E-14  -0.158740E-14   0.000000E+00   0.514695E-02   0.514695E-02   0.514695E-02  -0.122334E-09   0.279265E-02   0.254317E-02   0.253698E-09
