#           k/h    P           
   0.104501E-04   0.495834E+02
   0.127096E-04   0.599384E+02
   0.154576E-04   0.724558E+02
   0.187998E-04   0.875873E+02
   0.228647E-04   0.105879E+03
   0.278084E-04   0.127990E+03
   0.338210E-04   0.154718E+03
   0.411337E-04   0.187027E+03
   0.500274E-04   0.226081E+03
   0.608442E-04   0.273288E+03
   0.739997E-04   0.330347E+03
   0.899996E-04   0.399310E+03
   0.109459E-03   0.482656E+03
   0.133126E-03   0.583372E+03
   0.161910E-03   0.705056E+03
   0.196917E-03   0.852038E+03
   0.239494E-03   0.102951E+04
   0.291277E-03   0.124370E+04
   0.354256E-03   0.150199E+04
   0.430851E-03   0.181317E+04
   0.524009E-03   0.218752E+04
   0.637308E-03   0.263705E+04
   0.775104E-03   0.317557E+04
   0.942694E-03   0.381873E+04
   0.114652E-02   0.458390E+04
   0.139442E-02   0.548972E+04
   0.169591E-02   0.655526E+04
   0.206260E-02   0.779859E+04
   0.250856E-02   0.923466E+04
   0.305096E-02   0.108722E+05
   0.371062E-02   0.127099E+05
   0.451292E-02   0.147310E+05
   0.548869E-02   0.168968E+05
   0.667543E-02   0.191396E+05
   0.811877E-02   0.213546E+05
   0.987418E-02   0.233978E+05
   0.120091E-01   0.250612E+05
   0.146057E-01   0.261256E+05
   0.177637E-01   0.262951E+05
   0.216045E-01   0.253731E+05
   0.259254E-01   0.234468E+05
   0.302463E-01   0.211458E+05
   0.345672E-01   0.188745E+05
   0.388881E-01   0.168709E+05
   0.432090E-01   0.152357E+05
   0.475299E-01   0.139637E+05
   0.518508E-01   0.130277E+05
   0.561717E-01   0.123058E+05
   0.604926E-01   0.117138E+05
   0.648135E-01   0.111601E+05
   0.691344E-01   0.105822E+05
   0.734553E-01   0.994636E+04
   0.777762E-01   0.925318E+04
   0.820971E-01   0.852703E+04
   0.864180E-01   0.780788E+04
   0.907389E-01   0.713370E+04
   0.961016E-01   0.640463E+04
   0.101464E+00   0.582754E+04
   0.106827E+00   0.540615E+04
   0.112190E+00   0.511071E+04
   0.117552E+00   0.489272E+04
   0.122915E+00   0.470364E+04
   0.128278E+00   0.450538E+04
   0.133640E+00   0.427518E+04
   0.139003E+00   0.400951E+04
   0.144366E+00   0.372213E+04
   0.149728E+00   0.343503E+04
   0.155091E+00   0.316979E+04
   0.160454E+00   0.294318E+04
   0.165817E+00   0.276363E+04
   0.171179E+00   0.262864E+04
   0.176542E+00   0.252677E+04
   0.181905E+00   0.244341E+04
   0.187267E+00   0.236516E+04
   0.192630E+00   0.228147E+04
   0.197993E+00   0.218616E+04
   0.203355E+00   0.207911E+04
   0.208718E+00   0.196559E+04
   0.214081E+00   0.185319E+04
   0.219443E+00   0.174883E+04
   0.224806E+00   0.165733E+04
   0.230169E+00   0.158078E+04
   0.235531E+00   0.151834E+04
   0.240894E+00   0.146695E+04
   0.246257E+00   0.142235E+04
   0.251620E+00   0.138008E+04
   0.256982E+00   0.133643E+04
   0.262345E+00   0.128945E+04
   0.267708E+00   0.123933E+04
   0.273070E+00   0.118770E+04
   0.278433E+00   0.113666E+04
   0.283796E+00   0.108823E+04
   0.289158E+00   0.104408E+04
   0.294521E+00   0.100514E+04
   0.299884E+00   0.971274E+03
   0.305246E+00   0.941462E+03
   0.310609E+00   0.914337E+03
   0.315972E+00   0.888570E+03
   0.321334E+00   0.863042E+03
   0.326697E+00   0.837022E+03
   0.332060E+00   0.810348E+03
   0.337423E+00   0.783403E+03
   0.342785E+00   0.756847E+03
   0.348148E+00   0.731342E+03
   0.353511E+00   0.707405E+03
   0.358873E+00   0.685336E+03
   0.364236E+00   0.665159E+03
   0.369599E+00   0.646626E+03
   0.374961E+00   0.629329E+03
   0.380324E+00   0.612846E+03
   0.385687E+00   0.596816E+03
   0.391049E+00   0.580971E+03
   0.396412E+00   0.565178E+03
   0.401775E+00   0.549488E+03
   0.407137E+00   0.534089E+03
   0.412500E+00   0.519192E+03
   0.417863E+00   0.504938E+03
   0.423226E+00   0.491409E+03
   0.428588E+00   0.478650E+03
   0.433951E+00   0.466636E+03
   0.439314E+00   0.455250E+03
   0.444676E+00   0.444326E+03
   0.450039E+00   0.433736E+03
   0.455402E+00   0.423413E+03
   0.460764E+00   0.413305E+03
   0.466127E+00   0.403377E+03
   0.471490E+00   0.393646E+03
   0.476852E+00   0.384179E+03
   0.482215E+00   0.375042E+03
   0.487578E+00   0.366259E+03
   0.492940E+00   0.357824E+03
   0.498303E+00   0.349733E+03
   0.503666E+00   0.341974E+03
   0.509028E+00   0.334503E+03
   0.514391E+00   0.327262E+03
   0.519754E+00   0.320214E+03
   0.525117E+00   0.313343E+03
   0.530479E+00   0.306640E+03
   0.535842E+00   0.300097E+03
   0.541205E+00   0.293713E+03
   0.546567E+00   0.287509E+03
   0.551930E+00   0.281501E+03
   0.557293E+00   0.275689E+03
   0.562655E+00   0.270061E+03
   0.568018E+00   0.264611E+03
   0.573381E+00   0.259333E+03
   0.578743E+00   0.254215E+03
   0.584106E+00   0.249232E+03
   0.589469E+00   0.244372E+03
   0.594832E+00   0.239633E+03
   0.600194E+00   0.235015E+03
   0.605557E+00   0.230511E+03
   0.610920E+00   0.226117E+03
   0.616282E+00   0.221837E+03
   0.621645E+00   0.217678E+03
   0.627008E+00   0.213636E+03
   0.680214E+00   0.178722E+03
   0.737935E+00   0.149238E+03
   0.800554E+00   0.124412E+03
   0.868486E+00   0.103549E+03
   0.942183E+00   0.860499E+02
   0.101542E+01   0.724944E+02
   0.126811E+01   0.432751E+02
   0.158368E+01   0.255840E+02
   0.197777E+01   0.149926E+02
   0.246994E+01   0.871546E+01
   0.308458E+01   0.502890E+01
   0.385217E+01   0.288148E+01
   0.481078E+01   0.163991E+01
   0.600794E+01   0.926978E+00
   0.750301E+01   0.520193E+00
   0.937012E+01   0.289483E+00
   0.117019E+02   0.159410E+00
   0.146139E+02   0.865281E-01
   0.182505E+02   0.459878E-01
   0.227921E+02   0.236573E-01
   0.284639E+02   0.115466E-01
   0.355471E+02   0.516104E-02
   0.443930E+02   0.197718E-02
   0.554402E+02   0.565132E-03
   0.692364E+02   0.822679E-04
   0.864658E+02   0.986872E-07
   0.107983E+03   0.683102E-05
   0.134854E+03   0.172111E-05
   0.168412E+03   0.202241E-06
   0.210322E+03   0.122263E-07
   0.262660E+03   0.898746E-08
   0.328022E+03   0.471267E-09
