#          k/h    CDM            baryon         photon         nu             mass_nu        total          no_nu          total_de       Weyl           v_CDM          v_b            v_b-v_c     
   0.104501E-04   0.198309E+08   0.198309E+08   0.264274E+08   0.264270E+08   0.000000E+00   0.198309E+08   0.198309E+08   0.198387E+08  -0.471824E+00   0.103990E+08   0.103990E+08   0.216044E+01
   0.127096E-04   0.198309E+08   0.198309E+08   0.264208E+08   0.264202E+08   0.000000E+00   0.198309E+08   0.198309E+08   0.198386E+08  -0.471824E+00   0.103990E+08   0.103990E+08   0.262734E+01
   0.154576E-04   0.198309E+08   0.198309E+08   0.264110E+08   0.264102E+08   0.000000E+00   0.198309E+08   0.198309E+08   0.198386E+08  -0.471823E+00   0.103990E+08   0.103990E+08   0.319503E+01
   0.187998E-04   0.198308E+08   0.198308E+08   0.263965E+08   0.263953E+08   0.000000E+00   0.198308E+08   0.198308E+08   0.198386E+08  -0.471823E+00   0.103990E+08   0.103990E+08   0.388514E+01
   0.228647E-04   0.198308E+08   0.198308E+08   0.263752E+08   0.263733E+08   0.000000E+00   0.198308E+08   0.198308E+08   0.198385E+08  -0.471821E+00   0.103989E+08   0.103989E+08   0.472390E+01
   0.278084E-04   0.198307E+08   0.198307E+08   0.263436E+08   0.263409E+08   0.000000E+00   0.198307E+08   0.198307E+08   0.198385E+08  -0.471819E+00   0.103989E+08   0.103989E+08   0.574299E+01
   0.338210E-04   0.198306E+08   0.198306E+08   0.262969E+08   0.262929E+08   0.000000E+00   0.198306E+08   0.198306E+08   0.198384E+08  -0.471817E+00   0.103989E+08   0.103989E+08   0.698061E+01
   0.411337E-04   0.198305E+08   0.198305E+08   0.262279E+08   0.262221E+08   0.000000E+00   0.198305E+08   0.198305E+08   0.198382E+08  -0.471812E+00   0.103988E+08   0.103988E+08   0.848255E+01
   0.500274E-04   0.198303E+08   0.198303E+08   0.261263E+08   0.261177E+08   0.000000E+00   0.198303E+08   0.198303E+08   0.198380E+08  -0.471806E+00   0.103987E+08   0.103987E+08   0.103034E+02
   0.608442E-04   0.198300E+08   0.198300E+08   0.259766E+08   0.259639E+08   0.000000E+00   0.198300E+08   0.198300E+08   0.198376E+08  -0.471797E+00   0.103985E+08   0.103985E+08   0.125073E+02
   0.739997E-04   0.198296E+08   0.198296E+08   0.257566E+08   0.257380E+08   0.000000E+00   0.198296E+08   0.198296E+08   0.198371E+08  -0.471784E+00   0.103983E+08   0.103983E+08   0.151689E+02
   0.899996E-04   0.198289E+08   0.198289E+08   0.254344E+08   0.254071E+08   0.000000E+00   0.198289E+08   0.198289E+08   0.198364E+08  -0.471765E+00   0.103979E+08   0.103979E+08   0.183722E+02
   0.109459E-03   0.198280E+08   0.198279E+08   0.249645E+08   0.249248E+08   0.000000E+00   0.198280E+08   0.198280E+08   0.198353E+08  -0.471736E+00   0.103974E+08   0.103974E+08   0.222080E+02
   0.133126E-03   0.198266E+08   0.198265E+08   0.242842E+08   0.242267E+08   0.000000E+00   0.198266E+08   0.198266E+08   0.198337E+08  -0.471693E+00   0.103967E+08   0.103967E+08   0.267665E+02
   0.161910E-03   0.198245E+08   0.198244E+08   0.233091E+08   0.232269E+08   0.000000E+00   0.198245E+08   0.198245E+08   0.198313E+08  -0.471631E+00   0.103956E+08   0.103956E+08   0.321231E+02
   0.196917E-03   0.198215E+08   0.198213E+08   0.219330E+08   0.218173E+08   0.000000E+00   0.198214E+08   0.198214E+08   0.198279E+08  -0.471541E+00   0.103940E+08   0.103939E+08   0.383112E+02
   0.239494E-03   0.198170E+08   0.198168E+08   0.200350E+08   0.198761E+08   0.000000E+00   0.198170E+08   0.198170E+08   0.198228E+08  -0.471409E+00   0.103916E+08   0.103915E+08   0.452769E+02
   0.291277E-03   0.198105E+08   0.198102E+08   0.175061E+08   0.172958E+08   0.000000E+00   0.198104E+08   0.198104E+08   0.198155E+08  -0.471219E+00   0.103881E+08   0.103881E+08   0.528101E+02
   0.354256E-03   0.198010E+08   0.198006E+08   0.143090E+08   0.140461E+08   0.000000E+00   0.198009E+08   0.198009E+08   0.198051E+08  -0.470948E+00   0.103830E+08   0.103830E+08   0.604540E+02
   0.430851E-03   0.197874E+08   0.197868E+08   0.105805E+08   0.102800E+08   0.000000E+00   0.197873E+08   0.197873E+08   0.197904E+08  -0.470567E+00   0.103758E+08   0.103757E+08   0.674209E+02
   0.524009E-03   0.197680E+08   0.197671E+08   0.675109E+07   0.645424E+07   0.000000E+00   0.197678E+08   0.197678E+08   0.197698E+08  -0.470040E+00   0.103654E+08   0.103653E+08   0.725945E+02
   0.637308E-03   0.197406E+08   0.197395E+08   0.355240E+07   0.332687E+07   0.000000E+00   0.197405E+08   0.197405E+08   0.197415E+08  -0.469327E+00   0.103508E+08   0.103507E+08   0.747579E+02
   0.775104E-03   0.197029E+08   0.197014E+08   0.167578E+07   0.158302E+07   0.000000E+00   0.197026E+08   0.197026E+08   0.197031E+08  -0.468377E+00   0.103307E+08   0.103305E+08   0.731439E+02
   0.942694E-03   0.196514E+08   0.196496E+08   0.105433E+07   0.108351E+07   0.000000E+00   0.196512E+08   0.196512E+08   0.196515E+08  -0.467122E+00   0.103034E+08   0.103032E+08   0.680320E+02
   0.114652E-02   0.195825E+08   0.195804E+08   0.714133E+06   0.767459E+06   0.000000E+00   0.195822E+08   0.195822E+08   0.195824E+08  -0.465467E+00   0.102670E+08   0.102668E+08   0.605583E+02
   0.139442E-02   0.194914E+08   0.194890E+08   0.254956E+06   0.282978E+06   0.000000E+00   0.194910E+08   0.194910E+08   0.194911E+08  -0.463288E+00   0.102190E+08   0.102188E+08   0.516377E+02
   0.169591E-02   0.193722E+08   0.193697E+08   0.147928E+06  -0.168699E+06   0.000000E+00   0.193718E+08   0.193718E+08   0.193718E+08  -0.460445E+00   0.101564E+08   0.101562E+08   0.421323E+02
   0.206260E-02   0.192180E+08   0.192154E+08   0.248359E+04  -0.113121E+06   0.000000E+00   0.192176E+08   0.192176E+08   0.192176E+08  -0.456775E+00   0.100754E+08   0.100752E+08   0.335908E+02
   0.250856E-02   0.190207E+08   0.190180E+08   0.867270E+04  -0.756815E+05   0.000000E+00   0.190203E+08   0.190203E+08   0.190203E+08  -0.452082E+00   0.997188E+07   0.997167E+07   0.268975E+02
   0.305096E-02   0.187712E+08   0.187682E+08   0.243022E+04  -0.504892E+05   0.000000E+00   0.187707E+08   0.187707E+08   0.187707E+08  -0.446150E+00   0.984100E+07   0.984080E+07   0.220068E+02
   0.371062E-02   0.184596E+08   0.184561E+08  -0.169300E+05  -0.335646E+05   0.000000E+00   0.184590E+08   0.184590E+08   0.184590E+08  -0.438740E+00   0.967755E+07   0.967735E+07   0.180049E+02
   0.451292E-02   0.180752E+08   0.180711E+08  -0.135762E+05  -0.222180E+05   0.000000E+00   0.180746E+08   0.180746E+08   0.180746E+08  -0.429602E+00   0.947598E+07   0.947578E+07   0.145624E+02
   0.548869E-02   0.176071E+08   0.176021E+08  -0.120901E+05  -0.146310E+05   0.000000E+00   0.176064E+08   0.176064E+08   0.176064E+08  -0.418473E+00   0.923049E+07   0.923030E+07   0.118600E+02
   0.667543E-02   0.170441E+08   0.170378E+08  -0.102696E+05  -0.957473E+04   0.000000E+00   0.170431E+08   0.170431E+08   0.170431E+08  -0.405086E+00   0.893520E+07   0.893501E+07   0.959712E+01
   0.811877E-02   0.163749E+08   0.163666E+08  -0.635650E+04  -0.621866E+04   0.000000E+00   0.163736E+08   0.163736E+08   0.163736E+08  -0.389172E+00   0.858420E+07   0.858401E+07   0.776597E+01
   0.987418E-02   0.155901E+08   0.155792E+08   0.171429E+04  -0.400251E+04   0.000000E+00   0.155884E+08   0.155884E+08   0.155884E+08  -0.370509E+00   0.817254E+07   0.817235E+07   0.630283E+01
   0.120091E-01   0.146757E+08   0.146611E+08  -0.212339E+04  -0.254707E+04   0.000000E+00   0.146734E+08   0.146734E+08   0.146734E+08  -0.348762E+00   0.769284E+07   0.769266E+07   0.512674E+01
   0.146057E-01   0.136294E+08   0.136099E+08   0.356123E+03  -0.159908E+04   0.000000E+00   0.136264E+08   0.136264E+08   0.136264E+08  -0.323876E+00   0.714392E+07   0.714374E+07   0.419164E+01
   0.177637E-01   0.124378E+08   0.124122E+08  -0.115630E+04  -0.986455E+03   0.000000E+00   0.124338E+08   0.124338E+08   0.124338E+08  -0.295530E+00   0.651869E+07   0.651851E+07   0.343777E+01
   0.216045E-01   0.111141E+08   0.110814E+08  -0.621185E+02  -0.595846E+03   0.000000E+00   0.111090E+08   0.111090E+08   0.111090E+08  -0.264041E+00   0.582413E+07   0.582395E+07   0.282092E+01
   0.259254E-01   0.978244E+07   0.974320E+07   0.204394E+02  -0.364153E+03   0.000000E+00   0.977637E+07   0.977637E+07   0.977637E+07  -0.232367E+00   0.512549E+07   0.512531E+07   0.232230E+01
   0.302463E-01   0.862313E+07   0.857958E+07  -0.690705E+02  -0.235802E+03   0.000000E+00   0.861640E+07   0.861640E+07   0.861640E+07  -0.204796E+00   0.451735E+07   0.451718E+07   0.192970E+01
   0.345672E-01   0.763782E+07   0.759262E+07  -0.242614E+02  -0.159888E+03   0.000000E+00   0.763082E+07   0.763082E+07   0.763082E+07  -0.181371E+00   0.400065E+07   0.400049E+07   0.159737E+01
   0.388881E-01   0.682137E+07   0.677721E+07  -0.209888E+02  -0.112818E+03   0.000000E+00   0.681454E+07   0.681454E+07   0.681454E+07  -0.161969E+00   0.357270E+07   0.357254E+07   0.130714E+01
   0.432090E-01   0.616018E+07   0.611932E+07  -0.184503E+02  -0.825227E+02   0.000000E+00   0.615386E+07   0.615386E+07   0.615386E+07  -0.146266E+00   0.322632E+07   0.322618E+07   0.105349E+01
   0.475299E-01   0.563128E+07   0.559532E+07   0.121416E+03  -0.623468E+02   0.000000E+00   0.562572E+07   0.562572E+07   0.562572E+07  -0.133713E+00   0.294942E+07   0.294930E+07   0.836121E+00
   0.518508E-01   0.521442E+07   0.518413E+07   0.944804E+02  -0.485139E+02   0.000000E+00   0.520973E+07   0.520973E+07   0.520973E+07  -0.123826E+00   0.273133E+07   0.273122E+07   0.656330E+00
   0.561717E-01   0.487462E+07   0.484997E+07   0.752676E+02  -0.386472E+02   0.000000E+00   0.487080E+07   0.487080E+07   0.487080E+07  -0.115770E+00   0.255363E+07   0.255354E+07   0.513775E+00
   0.604926E-01   0.458764E+07   0.456791E+07   0.610862E+02  -0.313646E+02   0.000000E+00   0.458459E+07   0.458459E+07   0.458459E+07  -0.108967E+00   0.240357E+07   0.240349E+07   0.406711E+00
   0.648135E-01   0.433020E+07   0.431420E+07   0.502319E+02  -0.257909E+02   0.000000E+00   0.432773E+07   0.432773E+07   0.432773E+07  -0.102862E+00   0.226890E+07   0.226884E+07   0.331172E+00
   0.691344E-01   0.408641E+07   0.407274E+07   0.416660E+02  -0.213926E+02   0.000000E+00   0.408430E+07   0.408430E+07   0.408430E+07  -0.970764E-01   0.214128E+07   0.214122E+07   0.281675E+00
   0.734553E-01   0.384680E+07   0.383410E+07   0.347443E+02  -0.178389E+02   0.000000E+00   0.384483E+07   0.384483E+07   0.384483E+07  -0.913848E-01   0.201573E+07   0.201568E+07   0.251831E+00
   0.777762E-01   0.360883E+07   0.359601E+07   0.290727E+02  -0.149271E+02   0.000000E+00   0.360685E+07   0.360685E+07   0.360685E+07  -0.857283E-01   0.189097E+07   0.189091E+07   0.235131E+00
   0.820971E-01   0.337467E+07   0.336101E+07   0.243977E+02  -0.125271E+02   0.000000E+00   0.337255E+07   0.337255E+07   0.337255E+07  -0.801595E-01   0.176813E+07   0.176808E+07   0.225623E+00
   0.864180E-01   0.314988E+07   0.313510E+07   0.205500E+02  -0.105517E+02   0.000000E+00   0.314759E+07   0.314759E+07   0.314759E+07  -0.748126E-01   0.165020E+07   0.165014E+07   0.218480E+00
   0.907389E-01   0.294035E+07   0.292459E+07   0.173976E+02  -0.893332E+01   0.000000E+00   0.293791E+07   0.293791E+07   0.293791E+07  -0.698290E-01   0.154027E+07   0.154021E+07   0.210294E+00
   0.961016E-01   0.270935E+07   0.269298E+07   0.142900E+02  -0.733779E+01   0.000000E+00   0.270682E+07   0.270682E+07   0.270682E+07  -0.643361E-01   0.141911E+07   0.141906E+07   0.195985E+00
   0.101464E+00   0.251688E+07   0.250086E+07   0.119080E+02  -0.611475E+01   0.000000E+00   0.251440E+07   0.251440E+07   0.251440E+07  -0.597628E-01   0.131824E+07   0.131818E+07   0.176563E+00
   0.106827E+00   0.236388E+07   0.234912E+07   0.100897E+02  -0.518098E+01   0.000000E+00   0.236160E+07   0.236160E+07   0.236160E+07  -0.561309E-01   0.123812E+07   0.123808E+07   0.153636E+00
   0.112190E+00   0.224385E+07   0.223099E+07   0.868442E+01  -0.445928E+01   0.000000E+00   0.224186E+07   0.224186E+07   0.224186E+07  -0.532851E-01   0.117535E+07   0.117531E+07   0.129935E+00
   0.117552E+00   0.214574E+07   0.213497E+07   0.756517E+01  -0.388445E+01   0.000000E+00   0.214407E+07   0.214407E+07   0.214407E+07  -0.509607E-01   0.112408E+07   0.112404E+07   0.108257E+00
   0.122915E+00   0.205831E+07   0.204942E+07   0.663831E+01  -0.340844E+01   0.000000E+00   0.205694E+07   0.205694E+07   0.205694E+07  -0.488897E-01   0.107839E+07   0.107836E+07   0.906951E-01
   0.128278E+00   0.197274E+07   0.196518E+07   0.584198E+01  -0.299951E+01   0.000000E+00   0.197157E+07   0.197157E+07   0.197157E+07  -0.468607E-01   0.103364E+07   0.103361E+07   0.782070E-01
   0.133640E+00   0.188356E+07   0.187667E+07   0.513935E+01  -0.263874E+01   0.000000E+00   0.188249E+07   0.188249E+07   0.188249E+07  -0.447434E-01   0.986935E+06   0.986906E+06   0.705701E-01
   0.139003E+00   0.178937E+07   0.178254E+07   0.451277E+01  -0.231705E+01   0.000000E+00   0.178831E+07   0.178831E+07   0.178831E+07  -0.425049E-01   0.937560E+06   0.937532E+06   0.666696E-01
   0.144366E+00   0.169249E+07   0.168531E+07   0.395693E+01  -0.203170E+01   0.000000E+00   0.169138E+07   0.169138E+07   0.169138E+07  -0.402011E-01   0.886742E+06   0.886714E+06   0.649456E-01
   0.149728E+00   0.159722E+07   0.158953E+07   0.347116E+01  -0.178232E+01   0.000000E+00   0.159603E+07   0.159603E+07   0.159603E+07  -0.379348E-01   0.836756E+06   0.836727E+06   0.638412E-01
   0.155091E+00   0.150816E+07   0.150007E+07   0.305458E+01  -0.156846E+01   0.000000E+00   0.150691E+07   0.150691E+07   0.150691E+07  -0.358166E-01   0.790033E+06   0.790004E+06   0.621562E-01
   0.160454E+00   0.142927E+07   0.142105E+07   0.270436E+01  -0.138864E+01   0.000000E+00   0.142800E+07   0.142800E+07   0.142800E+07  -0.339410E-01   0.748663E+06   0.748634E+06   0.592491E-01
   0.165817E+00   0.136283E+07   0.135483E+07   0.241451E+01  -0.123981E+01   0.000000E+00   0.136160E+07   0.136160E+07   0.136160E+07  -0.323627E-01   0.713849E+06   0.713822E+06   0.550547E-01
   0.171179E+00   0.130851E+07   0.130104E+07   0.217534E+01  -0.111700E+01   0.000000E+00   0.130735E+07   0.130735E+07   0.130735E+07  -0.310734E-01   0.685410E+06   0.685384E+06   0.499484E-01
   0.176542E+00   0.126359E+07   0.125685E+07   0.197511E+01  -0.101416E+01   0.000000E+00   0.126254E+07   0.126254E+07   0.126254E+07  -0.300084E-01   0.661918E+06   0.661894E+06   0.445411E-01
   0.181905E+00   0.122442E+07   0.121845E+07   0.180284E+01  -0.925691E+00   0.000000E+00   0.122349E+07   0.122349E+07   0.122349E+07  -0.290803E-01   0.641444E+06   0.641423E+06   0.394713E-01
   0.187267E+00   0.118758E+07   0.118230E+07   0.165001E+01  -0.847201E+00   0.000000E+00   0.118676E+07   0.118676E+07   0.118676E+07  -0.282072E-01   0.622185E+06   0.622165E+06   0.352348E-01
   0.192630E+00   0.115034E+07   0.114554E+07   0.151058E+01  -0.775607E+00   0.000000E+00   0.114960E+07   0.114960E+07   0.114960E+07  -0.273238E-01   0.602700E+06   0.602681E+06   0.320798E-01
   0.197993E+00   0.111101E+07   0.110647E+07   0.138100E+01  -0.709072E+00   0.000000E+00   0.111031E+07   0.111031E+07   0.111031E+07  -0.263901E-01   0.582104E+06   0.582087E+06   0.299889E-01
   0.203355E+00   0.106940E+07   0.106490E+07   0.126007E+01  -0.646982E+00   0.000000E+00   0.106871E+07   0.106871E+07   0.106871E+07  -0.254012E-01   0.560292E+06   0.560274E+06   0.287349E-01
   0.208718E+00   0.102665E+07   0.102205E+07   0.114828E+01  -0.589592E+00   0.000000E+00   0.102594E+07   0.102594E+07   0.102594E+07  -0.243848E-01   0.537872E+06   0.537855E+06   0.279771E-01
   0.214081E+00   0.984582E+06   0.979833E+06   0.104668E+01  -0.537434E+00   0.000000E+00   0.983847E+06   0.983847E+06   0.983847E+06  -0.233843E-01   0.515804E+06   0.515786E+06   0.273623E-01
   0.219443E+00   0.944953E+06   0.940097E+06   0.956005E+00  -0.490881E+00   0.000000E+00   0.944202E+06   0.944202E+06   0.944202E+06  -0.224420E-01   0.495019E+06   0.495002E+06   0.266093E-01
   0.224806E+00   0.909091E+06   0.904228E+06   0.876337E+00  -0.449977E+00   0.000000E+00   0.908339E+06   0.908339E+06   0.908339E+06  -0.215896E-01   0.476218E+06   0.476201E+06   0.255598E-01
   0.230169E+00   0.877645E+06   0.872897E+06   0.807052E+00  -0.414401E+00   0.000000E+00   0.876911E+06   0.876911E+06   0.876911E+06  -0.208426E-01   0.459741E+06   0.459724E+06   0.241894E-01
   0.235531E+00   0.850473E+06   0.845950E+06   0.746870E+00  -0.383498E+00   0.000000E+00   0.849774E+06   0.849774E+06   0.849774E+06  -0.201976E-01   0.445513E+06   0.445498E+06   0.225836E-01
   0.240894E+00   0.826772E+06   0.822543E+06   0.694114E+00  -0.356405E+00   0.000000E+00   0.826118E+06   0.826118E+06   0.826118E+06  -0.196353E-01   0.433111E+06   0.433096E+06   0.208923E-01
   0.246257E+00   0.805361E+06   0.801445E+06   0.647039E+00  -0.332230E+00   0.000000E+00   0.804755E+06   0.804755E+06   0.804755E+06  -0.191276E-01   0.421911E+06   0.421897E+06   0.192778E-01
   0.251620E+00   0.784969E+06   0.781332E+06   0.604084E+00  -0.310172E+00   0.000000E+00   0.784407E+06   0.784407E+06   0.784407E+06  -0.186439E-01   0.411243E+06   0.411229E+06   0.178696E-01
   0.256982E+00   0.764518E+06   0.761092E+06   0.564060E+00  -0.289620E+00   0.000000E+00   0.763988E+06   0.763988E+06   0.763988E+06  -0.181586E-01   0.400537E+06   0.400524E+06   0.167380E-01
   0.262345E+00   0.743410E+06   0.740114E+06   0.526297E+00  -0.270230E+00   0.000000E+00   0.742900E+06   0.742900E+06   0.742900E+06  -0.176574E-01   0.389482E+06   0.389469E+06   0.158883E-01
   0.267708E+00   0.721645E+06   0.718404E+06   0.490620E+00  -0.251912E+00   0.000000E+00   0.721143E+06   0.721143E+06   0.721143E+06  -0.171403E-01   0.378075E+06   0.378063E+06   0.152713E-01
   0.273070E+00   0.699639E+06   0.696401E+06   0.457149E+00  -0.234728E+00   0.000000E+00   0.699138E+06   0.699138E+06   0.699138E+06  -0.166173E-01   0.366539E+06   0.366526E+06   0.148041E-01
   0.278433E+00   0.677966E+06   0.674711E+06   0.426076E+00  -0.218774E+00   0.000000E+00   0.677462E+06   0.677462E+06   0.677462E+06  -0.161021E-01   0.355175E+06   0.355163E+06   0.143951E-01
   0.283796E+00   0.657207E+06   0.653945E+06   0.397556E+00  -0.204132E+00   0.000000E+00   0.656702E+06   0.656702E+06   0.656702E+06  -0.156086E-01   0.344291E+06   0.344279E+06   0.139674E-01
   0.289158E+00   0.637871E+06   0.634633E+06   0.371673E+00  -0.190842E+00   0.000000E+00   0.637370E+06   0.637370E+06   0.637370E+06  -0.151491E-01   0.334156E+06   0.334144E+06   0.134748E-01
   0.294521E+00   0.620260E+06   0.617087E+06   0.348368E+00  -0.178876E+00   0.000000E+00   0.619769E+06   0.619769E+06   0.619769E+06  -0.147308E-01   0.324928E+06   0.324917E+06   0.129052E-01
   0.299884E+00   0.604359E+06   0.601289E+06   0.327408E+00  -0.168113E+00   0.000000E+00   0.603884E+06   0.603884E+06   0.603884E+06  -0.143532E-01   0.316600E+06   0.316589E+06   0.122761E-01
   0.305246E+00   0.589871E+06   0.586930E+06   0.308434E+00  -0.158371E+00   0.000000E+00   0.589416E+06   0.589416E+06   0.589416E+06  -0.140094E-01   0.309015E+06   0.309004E+06   0.116238E-01
   0.310609E+00   0.576378E+06   0.573574E+06   0.291068E+00  -0.149453E+00   0.000000E+00   0.575944E+06   0.575944E+06   0.575944E+06  -0.136892E-01   0.301952E+06   0.301942E+06   0.109907E-01
   0.315972E+00   0.563460E+06   0.560783E+06   0.274974E+00  -0.141188E+00   0.000000E+00   0.563046E+06   0.563046E+06   0.563046E+06  -0.133826E-01   0.295190E+06   0.295180E+06   0.104136E-01
   0.321334E+00   0.550757E+06   0.548185E+06   0.259882E+00  -0.133439E+00   0.000000E+00   0.550359E+06   0.550359E+06   0.550359E+06  -0.130810E-01   0.288538E+06   0.288528E+06   0.991493E-02
   0.326697E+00   0.538022E+06   0.535527E+06   0.245607E+00  -0.126109E+00   0.000000E+00   0.537636E+06   0.537636E+06   0.537636E+06  -0.127786E-01   0.281867E+06   0.281858E+06   0.949954E-02
   0.332060E+00   0.525185E+06   0.522741E+06   0.232066E+00  -0.119156E+00   0.000000E+00   0.524807E+06   0.524807E+06   0.524807E+06  -0.124737E-01   0.275142E+06   0.275133E+06   0.915691E-02
   0.337423E+00   0.512355E+06   0.509940E+06   0.219255E+00  -0.112579E+00   0.000000E+00   0.511981E+06   0.511981E+06   0.511981E+06  -0.121689E-01   0.268418E+06   0.268409E+06   0.886639E-02
   0.342785E+00   0.499733E+06   0.497338E+06   0.207212E+00  -0.106396E+00   0.000000E+00   0.499362E+06   0.499362E+06   0.499362E+06  -0.118690E-01   0.261802E+06   0.261793E+06   0.860351E-02
   0.348148E+00   0.487530E+06   0.485156E+06   0.195970E+00  -0.100623E+00   0.000000E+00   0.487163E+06   0.487163E+06   0.487163E+06  -0.115790E-01   0.255406E+06   0.255397E+06   0.834611E-02
   0.353511E+00   0.475918E+06   0.473573E+06   0.185540E+00  -0.952686E-01   0.000000E+00   0.475555E+06   0.475555E+06   0.475555E+06  -0.113031E-01   0.249321E+06   0.249312E+06   0.807908E-02
   0.358873E+00   0.465003E+06   0.462699E+06   0.175907E+00  -0.903221E-01   0.000000E+00   0.464647E+06   0.464647E+06   0.464647E+06  -0.110438E-01   0.243602E+06   0.243593E+06   0.779645E-02
   0.364236E+00   0.454799E+06   0.452550E+06   0.167018E+00  -0.857581E-01   0.000000E+00   0.454451E+06   0.454451E+06   0.454451E+06  -0.108015E-01   0.238256E+06   0.238248E+06   0.750076E-02
   0.369599E+00   0.445228E+06   0.443042E+06   0.158794E+00  -0.815351E-01   0.000000E+00   0.444890E+06   0.444890E+06   0.444890E+06  -0.105742E-01   0.233244E+06   0.233236E+06   0.720048E-02
   0.374961E+00   0.436153E+06   0.434035E+06   0.151141E+00  -0.776054E-01   0.000000E+00   0.435826E+06   0.435826E+06   0.435826E+06  -0.103588E-01   0.228491E+06   0.228484E+06   0.690667E-02
   0.380324E+00   0.427429E+06   0.425376E+06   0.143972E+00  -0.739240E-01   0.000000E+00   0.427112E+06   0.427112E+06   0.427112E+06  -0.101517E-01   0.223923E+06   0.223915E+06   0.662983E-02
   0.385687E+00   0.418929E+06   0.416933E+06   0.137213E+00  -0.704534E-01   0.000000E+00   0.418620E+06   0.418620E+06   0.418620E+06  -0.994985E-02   0.219471E+06   0.219464E+06   0.637725E-02
   0.391049E+00   0.410554E+06   0.408607E+06   0.130807E+00  -0.671644E-01   0.000000E+00   0.410253E+06   0.410253E+06   0.410253E+06  -0.975097E-02   0.215084E+06   0.215077E+06   0.615159E-02
   0.396412E+00   0.402253E+06   0.400345E+06   0.124718E+00  -0.640380E-01   0.000000E+00   0.401958E+06   0.401958E+06   0.401958E+06  -0.955381E-02   0.210735E+06   0.210728E+06   0.595098E-02
   0.401775E+00   0.394038E+06   0.392161E+06   0.118931E+00  -0.610666E-01   0.000000E+00   0.393748E+06   0.393748E+06   0.393748E+06  -0.935867E-02   0.206431E+06   0.206424E+06   0.577034E-02
   0.407137E+00   0.385972E+06   0.384121E+06   0.113447E+00  -0.582510E-01   0.000000E+00   0.385686E+06   0.385686E+06   0.385686E+06  -0.916707E-02   0.202205E+06   0.202198E+06   0.560310E-02
   0.412500E+00   0.378129E+06   0.376303E+06   0.108271E+00  -0.555930E-01   0.000000E+00   0.377847E+06   0.377847E+06   0.377847E+06  -0.898074E-02   0.198095E+06   0.198088E+06   0.544276E-02
   0.417863E+00   0.370560E+06   0.368760E+06   0.103397E+00  -0.530906E-01   0.000000E+00   0.370282E+06   0.370282E+06   0.370282E+06  -0.880093E-02   0.194129E+06   0.194122E+06   0.528425E-02
   0.423226E+00   0.363295E+06   0.361524E+06   0.988168E-01  -0.507389E-01   0.000000E+00   0.363021E+06   0.363021E+06   0.363021E+06  -0.862837E-02   0.190322E+06   0.190316E+06   0.512481E-02
   0.428588E+00   0.356352E+06   0.354614E+06   0.945178E-01  -0.485315E-01   0.000000E+00   0.356083E+06   0.356083E+06   0.356083E+06  -0.846346E-02   0.186685E+06   0.186678E+06   0.496425E-02
   0.433951E+00   0.349724E+06   0.348022E+06   0.904815E-01  -0.464590E-01   0.000000E+00   0.349461E+06   0.349461E+06   0.349461E+06  -0.830605E-02   0.183213E+06   0.183206E+06   0.480435E-02
   0.439314E+00   0.343368E+06   0.341704E+06   0.866817E-01  -0.445079E-01   0.000000E+00   0.343110E+06   0.343110E+06   0.343110E+06  -0.815512E-02   0.179883E+06   0.179877E+06   0.464784E-02
   0.444676E+00   0.337222E+06   0.335596E+06   0.830896E-01  -0.426634E-01   0.000000E+00   0.336970E+06   0.336970E+06   0.336970E+06  -0.800918E-02   0.176664E+06   0.176658E+06   0.449750E-02
   0.450039E+00   0.331238E+06   0.329647E+06   0.796819E-01  -0.409137E-01   0.000000E+00   0.330991E+06   0.330991E+06   0.330991E+06  -0.786707E-02   0.173530E+06   0.173524E+06   0.435562E-02
   0.455402E+00   0.325387E+06   0.323829E+06   0.764421E-01  -0.392501E-01   0.000000E+00   0.325146E+06   0.325146E+06   0.325146E+06  -0.772814E-02   0.170465E+06   0.170459E+06   0.422341E-02
   0.460764E+00   0.319651E+06   0.318121E+06   0.733566E-01  -0.376659E-01   0.000000E+00   0.319414E+06   0.319414E+06   0.319414E+06  -0.759190E-02   0.167460E+06   0.167454E+06   0.410078E-02
   0.466127E+00   0.314013E+06   0.312508E+06   0.704141E-01  -0.361550E-01   0.000000E+00   0.313780E+06   0.313780E+06   0.313780E+06  -0.745798E-02   0.164506E+06   0.164501E+06   0.398650E-02
   0.471490E+00   0.308477E+06   0.306995E+06   0.676081E-01  -0.347142E-01   0.000000E+00   0.308248E+06   0.308248E+06   0.308248E+06  -0.732650E-02   0.161606E+06   0.161600E+06   0.387874E-02
   0.476852E+00   0.303070E+06   0.301610E+06   0.649373E-01  -0.333429E-01   0.000000E+00   0.302844E+06   0.302844E+06   0.302844E+06  -0.719806E-02   0.158773E+06   0.158767E+06   0.377564E-02
   0.482215E+00   0.297817E+06   0.296378E+06   0.624002E-01  -0.320402E-01   0.000000E+00   0.297594E+06   0.297594E+06   0.297594E+06  -0.707329E-02   0.156021E+06   0.156015E+06   0.367558E-02
   0.487578E+00   0.292727E+06   0.291311E+06   0.599919E-01  -0.308037E-01   0.000000E+00   0.292508E+06   0.292508E+06   0.292508E+06  -0.695239E-02   0.153354E+06   0.153349E+06   0.357742E-02
   0.492940E+00   0.287799E+06   0.286405E+06   0.577055E-01  -0.296297E-01   0.000000E+00   0.287583E+06   0.287583E+06   0.287583E+06  -0.683534E-02   0.150772E+06   0.150767E+06   0.348068E-02
   0.498303E+00   0.283031E+06   0.281661E+06   0.555346E-01  -0.285150E-01   0.000000E+00   0.282819E+06   0.282819E+06   0.282819E+06  -0.672209E-02   0.148274E+06   0.148269E+06   0.338556E-02
   0.503666E+00   0.278418E+06   0.277072E+06   0.534724E-01  -0.274561E-01   0.000000E+00   0.278209E+06   0.278209E+06   0.278209E+06  -0.661254E-02   0.145857E+06   0.145853E+06   0.329267E-02
   0.509028E+00   0.273942E+06   0.272621E+06   0.515102E-01  -0.264486E-01   0.000000E+00   0.273738E+06   0.273738E+06   0.273738E+06  -0.650626E-02   0.143513E+06   0.143508E+06   0.320274E-02
   0.514391E+00   0.269582E+06   0.268284E+06   0.496390E-01  -0.254878E-01   0.000000E+00   0.269381E+06   0.269381E+06   0.269381E+06  -0.640271E-02   0.141229E+06   0.141224E+06   0.311637E-02
   0.519754E+00   0.265320E+06   0.264043E+06   0.478513E-01  -0.245699E-01   0.000000E+00   0.265122E+06   0.265122E+06   0.265122E+06  -0.630148E-02   0.138996E+06   0.138992E+06   0.303398E-02
   0.525117E+00   0.261149E+06   0.259894E+06   0.461420E-01  -0.236922E-01   0.000000E+00   0.260955E+06   0.260955E+06   0.260955E+06  -0.620243E-02   0.136811E+06   0.136807E+06   0.295566E-02
   0.530479E+00   0.257066E+06   0.255830E+06   0.445069E-01  -0.228527E-01   0.000000E+00   0.256875E+06   0.256875E+06   0.256875E+06  -0.610546E-02   0.134672E+06   0.134668E+06   0.288119E-02
   0.535842E+00   0.253066E+06   0.251849E+06   0.429418E-01  -0.220490E-01   0.000000E+00   0.252878E+06   0.252878E+06   0.252878E+06  -0.601045E-02   0.132577E+06   0.132572E+06   0.281007E-02
   0.541205E+00   0.249149E+06   0.247949E+06   0.414434E-01  -0.212797E-01   0.000000E+00   0.248964E+06   0.248964E+06   0.248964E+06  -0.591742E-02   0.130525E+06   0.130520E+06   0.274173E-02
   0.546567E+00   0.245323E+06   0.244141E+06   0.400102E-01  -0.205438E-01   0.000000E+00   0.245140E+06   0.245140E+06   0.245140E+06  -0.582655E-02   0.128520E+06   0.128516E+06   0.267564E-02
   0.551930E+00   0.241596E+06   0.240430E+06   0.386402E-01  -0.198403E-01   0.000000E+00   0.241415E+06   0.241415E+06   0.241415E+06  -0.573801E-02   0.126567E+06   0.126563E+06   0.261139E-02
   0.557293E+00   0.237966E+06   0.236817E+06   0.373307E-01  -0.191680E-01   0.000000E+00   0.237788E+06   0.237788E+06   0.237788E+06  -0.565180E-02   0.124666E+06   0.124662E+06   0.254872E-02
   0.562655E+00   0.234429E+06   0.233297E+06   0.360782E-01  -0.185248E-01   0.000000E+00   0.234254E+06   0.234254E+06   0.234254E+06  -0.556780E-02   0.122813E+06   0.122809E+06   0.248753E-02
   0.568018E+00   0.230983E+06   0.229868E+06   0.348797E-01  -0.179095E-01   0.000000E+00   0.230810E+06   0.230810E+06   0.230810E+06  -0.548594E-02   0.121007E+06   0.121003E+06   0.242787E-02
   0.573381E+00   0.227624E+06   0.226527E+06   0.337327E-01  -0.173205E-01   0.000000E+00   0.227455E+06   0.227455E+06   0.227455E+06  -0.540619E-02   0.119248E+06   0.119244E+06   0.236993E-02
   0.578743E+00   0.224348E+06   0.223267E+06   0.326339E-01  -0.167563E-01   0.000000E+00   0.224181E+06   0.224181E+06   0.224181E+06  -0.532838E-02   0.117532E+06   0.117528E+06   0.231385E-02
   0.584106E+00   0.221144E+06   0.220079E+06   0.315799E-01  -0.162151E-01   0.000000E+00   0.220979E+06   0.220979E+06   0.220979E+06  -0.525228E-02   0.115853E+06   0.115849E+06   0.225972E-02
   0.589469E+00   0.218006E+06   0.216956E+06   0.305679E-01  -0.156955E-01   0.000000E+00   0.217843E+06   0.217843E+06   0.217843E+06  -0.517774E-02   0.114209E+06   0.114205E+06   0.220758E-02
   0.594832E+00   0.214933E+06   0.213898E+06   0.295960E-01  -0.151965E-01   0.000000E+00   0.214772E+06   0.214772E+06   0.214772E+06  -0.510476E-02   0.112599E+06   0.112595E+06   0.215739E-02
   0.600194E+00   0.211924E+06   0.210904E+06   0.286626E-01  -0.147172E-01   0.000000E+00   0.211766E+06   0.211766E+06   0.211766E+06  -0.503331E-02   0.111023E+06   0.111020E+06   0.210904E-02
   0.605557E+00   0.208978E+06   0.207971E+06   0.277657E-01  -0.142567E-01   0.000000E+00   0.208822E+06   0.208822E+06   0.208822E+06  -0.496333E-02   0.109480E+06   0.109476E+06   0.206234E-02
   0.610920E+00   0.206091E+06   0.205098E+06   0.269035E-01  -0.138140E-01   0.000000E+00   0.205937E+06   0.205937E+06   0.205937E+06  -0.489475E-02   0.107967E+06   0.107963E+06   0.201711E-02
   0.616282E+00   0.203265E+06   0.202285E+06   0.260749E-01  -0.133885E-01   0.000000E+00   0.203113E+06   0.203113E+06   0.203113E+06  -0.482764E-02   0.106487E+06   0.106483E+06   0.197318E-02
   0.621645E+00   0.200504E+06   0.199537E+06   0.252788E-01  -0.129798E-01   0.000000E+00   0.200354E+06   0.200354E+06   0.200354E+06  -0.476207E-02   0.105040E+06   0.105037E+06   0.193046E-02
   0.627008E+00   0.197806E+06   0.196852E+06   0.245139E-01  -0.125870E-01   0.000000E+00   0.197658E+06   0.197658E+06   0.197658E+06  -0.469798E-02   0.103627E+06   0.103623E+06   0.188886E-02
   0.680214E+00   0.173898E+06   0.173061E+06   0.183115E-01  -0.940228E-02   0.000000E+00   0.173769E+06   0.173769E+06   0.173769E+06  -0.413017E-02   0.911021E+05   0.910990E+05   0.153502E-02
   0.737935E+00   0.152743E+06   0.152007E+06   0.136660E-01  -0.701702E-02   0.000000E+00   0.152629E+06   0.152629E+06   0.152629E+06  -0.362771E-02   0.800191E+05   0.800163E+05   0.124750E-02
   0.800554E+00   0.134053E+06   0.133408E+06   0.101910E-01  -0.523269E-02   0.000000E+00   0.133953E+06   0.133953E+06   0.133953E+06  -0.318383E-02   0.702281E+05   0.702256E+05   0.101380E-02
   0.868486E+00   0.117558E+06   0.116992E+06   0.759354E-02  -0.389902E-02   0.000000E+00   0.117470E+06   0.117470E+06   0.117470E+06  -0.279206E-02   0.615865E+05   0.615843E+05   0.823896E-03
   0.942183E+00   0.103015E+06   0.102519E+06   0.565387E-02  -0.290307E-02   0.000000E+00   0.102938E+06   0.102938E+06   0.102938E+06  -0.244665E-02   0.539675E+05   0.539656E+05   0.669681E-03
   0.101542E+01   0.911833E+05   0.907442E+05   0.430864E-02  -0.221234E-02   0.000000E+00   0.911154E+05   0.911154E+05   0.911154E+05  -0.216565E-02   0.477693E+05   0.477676E+05   0.553709E-03
   0.126811E+01   0.632613E+05   0.629567E+05   0.191665E-02  -0.984136E-03   0.000000E+00   0.632142E+05   0.632142E+05   0.632142E+05  -0.150249E-02   0.331415E+05   0.331403E+05   0.315939E-03
   0.158368E+01   0.436835E+05   0.434731E+05   0.848596E-03  -0.435728E-03   0.000000E+00   0.436510E+05   0.436510E+05   0.436510E+05  -0.103751E-02   0.228850E+05   0.228842E+05   0.181916E-03
   0.197777E+01   0.300361E+05   0.298913E+05   0.374114E-03  -0.192098E-03   0.000000E+00   0.300137E+05   0.300137E+05   0.300137E+05  -0.713371E-03   0.157354E+05   0.157347E+05   0.106378E-03
   0.246994E+01   0.205722E+05   0.204730E+05   0.164293E-03  -0.843613E-04   0.000000E+00   0.205569E+05   0.205569E+05   0.205569E+05  -0.488600E-03   0.107774E+05   0.107770E+05   0.636711E-04
   0.308458E+01   0.140405E+05   0.139726E+05   0.718943E-04  -0.369170E-04   0.000000E+00   0.140300E+05   0.140300E+05   0.140300E+05  -0.333467E-03   0.735555E+04   0.735519E+04   0.393422E-04
   0.385217E+01   0.955154E+04   0.950523E+04   0.313586E-04  -0.161029E-04   0.000000E+00   0.954437E+04   0.954437E+04   0.954437E+04  -0.226853E-03   0.500387E+04   0.500358E+04   0.252947E-04
   0.481078E+01   0.647846E+04   0.644692E+04   0.136371E-04  -0.700308E-05   0.000000E+00   0.647358E+04   0.647358E+04   0.647358E+04  -0.153865E-03   0.339394E+04   0.339369E+04   0.170115E-04
   0.600794E+01   0.438211E+04   0.436062E+04   0.591415E-05  -0.303733E-05   0.000000E+00   0.437878E+04   0.437878E+04   0.437878E+04  -0.104076E-03   0.229570E+04   0.229548E+04   0.119796E-04
   0.750301E+01   0.295664E+04   0.294198E+04   0.255832E-05  -0.131403E-05   0.000000E+00   0.295437E+04   0.295437E+04   0.295437E+04  -0.702200E-04   0.154892E+04   0.154872E+04   0.880249E-05
   0.937012E+01   0.199021E+04   0.198018E+04   0.110404E-05  -0.567172E-06   0.000000E+00   0.198866E+04   0.198866E+04   0.198866E+04  -0.472669E-04   0.104262E+04   0.104244E+04   0.670343E-05
   0.117019E+02   0.133678E+04   0.132987E+04   0.475383E-06  -0.244286E-06   0.000000E+00   0.133571E+04   0.133571E+04   0.133571E+04  -0.317474E-04   0.700301E+03   0.700117E+03   0.524820E-05
   0.146139E+02   0.896058E+03   0.891240E+03   0.204255E-06  -0.105008E-06   0.000000E+00   0.895312E+03   0.895312E+03   0.895312E+03  -0.212800E-04   0.469414E+03   0.469230E+03   0.419177E-05
   0.182505E+02   0.599480E+03   0.596066E+03   0.875780E-07  -0.450553E-07   0.000000E+00   0.598952E+03   0.598952E+03   0.598952E+03  -0.142360E-04   0.314041E+03   0.313856E+03   0.339370E-05
   0.227921E+02   0.400319E+03   0.397839E+03   0.374712E-07  -0.192984E-07   0.000000E+00   0.399935E+03   0.399935E+03   0.399935E+03  -0.950574E-05   0.209703E+03   0.209514E+03   0.277141E-05
   0.284639E+02   0.266830E+03   0.264970E+03   0.159966E-07  -0.825245E-08   0.000000E+00   0.266542E+03   0.266542E+03   0.266542E+03  -0.633523E-05   0.139770E+03   0.139576E+03   0.227463E-05
   0.355471E+02   0.177514E+03   0.176062E+03   0.681172E-08  -0.352337E-08   0.000000E+00   0.177290E+03   0.177290E+03   0.177290E+03  -0.421386E-05   0.929787E+02   0.927793E+02   0.187135E-05
   0.443930E+02   0.117849E+03   0.116663E+03   0.289176E-08  -0.150191E-08   0.000000E+00   0.117666E+03   0.117666E+03   0.117666E+03  -0.279670E-05   0.617205E+02   0.615155E+02   0.154011E-05
   0.554402E+02   0.780474E+02   0.770339E+02   0.122280E-08  -0.639162E-09   0.000000E+00   0.778906E+02   0.778906E+02   0.778906E+02  -0.185132E-05   0.408685E+02   0.406582E+02   0.126567E-05
   0.692364E+02   0.515296E+02   0.506266E+02   0.514282E-09  -0.271496E-09   0.000000E+00   0.513899E+02   0.513899E+02   0.513899E+02  -0.122145E-05   0.269758E+02   0.267606E+02   0.103666E-05
   0.864658E+02   0.338810E+02   0.330494E+02   0.214621E-09  -0.115056E-09   0.000000E+00   0.337523E+02   0.337523E+02   0.337523E+02  -0.802232E-06   0.177296E+02   0.175107E+02   0.844243E-06
   0.107983E+03   0.221457E+02   0.213626E+02   0.885380E-10  -0.486051E-10   0.000000E+00   0.220245E+02   0.220245E+02   0.220245E+02  -0.523483E-06   0.115814E+02   0.113608E+02   0.681285E-06
   0.134854E+03   0.143484E+02   0.136037E+02   0.358914E-10  -0.204360E-10   0.000000E+00   0.142332E+02   0.142332E+02   0.142332E+02  -0.338298E-06   0.749648E+01   0.727738E+01   0.541984E-06
   0.168412E+03   0.917236E+01   0.846679E+01   0.141644E-10  -0.852672E-11   0.000000E+00   0.906321E+01   0.906321E+01   0.906321E+01  -0.215416E-06   0.478516E+01   0.457227E+01   0.421675E-06
   0.210322E+03   0.574197E+01   0.508664E+01   0.536368E-11  -0.351140E-11   0.000000E+00   0.564059E+01   0.564059E+01   0.564059E+01  -0.134067E-06   0.298891E+01   0.278912E+01   0.316879E-06
   0.262660E+03   0.347749E+01   0.289337E+01   0.190601E-11  -0.141274E-11   0.000000E+00   0.338712E+01   0.338712E+01   0.338712E+01  -0.805058E-07   0.180423E+01   0.162663E+01   0.225560E-06
   0.328022E+03   0.199701E+01   0.151240E+01   0.614621E-12  -0.544701E-12   0.000000E+00   0.192204E+01   0.192204E+01   0.192204E+01  -0.456833E-07   0.103124E+01   0.886214E+00   0.147482E-06
