#           k/h    P           
   0.104501E-04   0.495834E+02
   0.127096E-04   0.599384E+02
   0.154576E-04   0.724558E+02
   0.187998E-04   0.875873E+02
   0.228647E-04   0.105879E+03
   0.278084E-04   0.127990E+03
   0.338210E-04   0.154718E+03
   0.411337E-04   0.187027E+03
   0.500274E-04   0.226081E+03
   0.608442E-04   0.273288E+03
   0.739997E-04   0.330347E+03
   0.899996E-04   0.399310E+03
   0.109459E-03   0.482656E+03
   0.133126E-03   0.583372E+03
   0.161910E-03   0.705056E+03
   0.196917E-03   0.852038E+03
   0.239494E-03   0.102951E+04
   0.291277E-03   0.124370E+04
   0.354256E-03   0.150199E+04
   0.430851E-03   0.181317E+04
   0.524009E-03   0.218752E+04
   0.637308E-03   0.263705E+04
   0.775104E-03   0.317557E+04
   0.942694E-03   0.381873E+04
   0.114652E-02   0.458390E+04
   0.139442E-02   0.548972E+04
   0.169591E-02   0.655526E+04
   0.206260E-02   0.779859E+04
   0.250856E-02   0.923466E+04
   0.305096E-02   0.108722E+05
   0.371062E-02   0.127099E+05
   0.451292E-02   0.147310E+05
   0.548869E-02   0.168968E+05
   0.667543E-02   0.191396E+05
   0.811877E-02   0.213547E+05
   0.987418E-02   0.233979E+05
   0.120091E-01   0.250614E+05
   0.146057E-01   0.261260E+05
   0.177637E-01   0.262959E+05
   0.216045E-01   0.253745E+05
   0.259254E-01   0.234489E+05
   0.302463E-01   0.211488E+05
   0.345672E-01   0.188784E+05
   0.388881E-01   0.168755E+05
   0.432090E-01   0.152410E+05
   0.475299E-01   0.139695E+05
   0.518508E-01   0.130337E+05
   0.561717E-01   0.123118E+05
   0.604926E-01   0.117194E+05
   0.648135E-01   0.111650E+05
   0.691344E-01   0.105860E+05
   0.734553E-01   0.994872E+04
   0.777762E-01   0.925390E+04
   0.820971E-01   0.852597E+04
   0.864180E-01   0.780503E+04
   0.907389E-01   0.712912E+04
   0.961016E-01   0.639807E+04
   0.101464E+00   0.581923E+04
   0.106827E+00   0.539628E+04
   0.112190E+00   0.509950E+04
   0.117552E+00   0.488034E+04
   0.122915E+00   0.469030E+04
   0.128278E+00   0.449127E+04
   0.133640E+00   0.426051E+04
   0.139003E+00   0.399447E+04
   0.144366E+00   0.370686E+04
   0.149728E+00   0.341965E+04
   0.155091E+00   0.315435E+04
   0.160454E+00   0.292769E+04
   0.165817E+00   0.274808E+04
   0.171179E+00   0.261301E+04
   0.176542E+00   0.251106E+04
   0.181905E+00   0.242765E+04
   0.187267E+00   0.234942E+04
   0.192630E+00   0.226585E+04
   0.197993E+00   0.217077E+04
   0.203355E+00   0.206403E+04
   0.208718E+00   0.195088E+04
   0.214081E+00   0.183887E+04
   0.219443E+00   0.173489E+04
   0.224806E+00   0.164375E+04
   0.230169E+00   0.156749E+04
   0.235531E+00   0.150531E+04
   0.240894E+00   0.145415E+04
   0.246257E+00   0.140977E+04
   0.251620E+00   0.136772E+04
   0.256982E+00   0.132431E+04
   0.262345E+00   0.127762E+04
   0.267708E+00   0.122781E+04
   0.273070E+00   0.117650E+04
   0.278433E+00   0.112579E+04
   0.283796E+00   0.107767E+04
   0.289158E+00   0.103382E+04
   0.294521E+00   0.995152E+03
   0.299884E+00   0.961528E+03
   0.305246E+00   0.931941E+03
   0.310609E+00   0.905031E+03
   0.315972E+00   0.879473E+03
   0.321334E+00   0.854156E+03
   0.326697E+00   0.828352E+03
   0.332060E+00   0.801900E+03
   0.337423E+00   0.775179E+03
   0.342785E+00   0.748846E+03
   0.348148E+00   0.723558E+03
   0.353511E+00   0.699828E+03
   0.358873E+00   0.677954E+03
   0.364236E+00   0.657961E+03
   0.369599E+00   0.639602E+03
   0.374961E+00   0.622470E+03
   0.380324E+00   0.606148E+03
   0.385687E+00   0.590274E+03
   0.391049E+00   0.574584E+03
   0.396412E+00   0.558946E+03
   0.401775E+00   0.543409E+03
   0.407137E+00   0.528160E+03
   0.412500E+00   0.513409E+03
   0.417863E+00   0.499297E+03
   0.423226E+00   0.485904E+03
   0.428588E+00   0.473275E+03
   0.433951E+00   0.461386E+03
   0.439314E+00   0.450120E+03
   0.444676E+00   0.439312E+03
   0.450039E+00   0.428836E+03
   0.455402E+00   0.418623E+03
   0.460764E+00   0.408624E+03
   0.466127E+00   0.398802E+03
   0.471490E+00   0.389175E+03
   0.476852E+00   0.379809E+03
   0.482215E+00   0.370771E+03
   0.487578E+00   0.362083E+03
   0.492940E+00   0.353740E+03
   0.498303E+00   0.345739E+03
   0.503666E+00   0.338065E+03
   0.509028E+00   0.330678E+03
   0.514391E+00   0.323519E+03
   0.519754E+00   0.316549E+03
   0.525117E+00   0.309756E+03
   0.530479E+00   0.303129E+03
   0.535842E+00   0.296659E+03
   0.541205E+00   0.290348E+03
   0.546567E+00   0.284214E+03
   0.551930E+00   0.278274E+03
   0.557293E+00   0.272528E+03
   0.562655E+00   0.266964E+03
   0.568018E+00   0.261576E+03
   0.573381E+00   0.256359E+03
   0.578743E+00   0.251300E+03
   0.584106E+00   0.246375E+03
   0.589469E+00   0.241571E+03
   0.594832E+00   0.236887E+03
   0.600194E+00   0.232323E+03
   0.605557E+00   0.227871E+03
   0.610920E+00   0.223528E+03
   0.616282E+00   0.219298E+03
   0.621645E+00   0.215187E+03
   0.627008E+00   0.211192E+03
   0.680214E+00   0.176688E+03
   0.737935E+00   0.147552E+03
   0.800554E+00   0.123021E+03
   0.868486E+00   0.102404E+03
   0.942183E+00   0.851112E+02
   0.101542E+01   0.717142E+02
   0.126811E+01   0.428307E+02
   0.158368E+01   0.253357E+02
   0.197777E+01   0.148568E+02
   0.246994E+01   0.864332E+01
   0.308458E+01   0.499243E+01
   0.385217E+01   0.286478E+01
   0.481078E+01   0.163402E+01
   0.600794E+01   0.926890E+00
   0.750301E+01   0.523093E+00
   0.937012E+01   0.293805E+00
   0.117019E+02   0.164280E+00
   0.146139E+02   0.914566E-01
   0.182505E+02   0.506944E-01
   0.227921E+02   0.279727E-01
   0.284639E+02   0.153573E-01
   0.355471E+02   0.838043E-02
   0.443930E+02   0.453734E-02
   0.554402E+02   0.242984E-02
   0.692364E+02   0.128036E-02
   0.864658E+02   0.658087E-03
   0.107983E+03   0.325153E-03
   0.134854E+03   0.150646E-03
   0.168412E+03   0.626562E-04
   0.210322E+03   0.215637E-04
   0.262660E+03   0.515457E-05
   0.328022E+03   0.497588E-06
