#           k/h    P           
   0.104501E-04   0.495834E+02
   0.127096E-04   0.599384E+02
   0.154576E-04   0.724558E+02
   0.187998E-04   0.875873E+02
   0.228647E-04   0.105879E+03
   0.278084E-04   0.127990E+03
   0.338210E-04   0.154718E+03
   0.411337E-04   0.187027E+03
   0.500274E-04   0.226081E+03
   0.608442E-04   0.273288E+03
   0.739997E-04   0.330347E+03
   0.899996E-04   0.399310E+03
   0.109459E-03   0.482656E+03
   0.133126E-03   0.583372E+03
   0.161910E-03   0.705056E+03
   0.196917E-03   0.852038E+03
   0.239494E-03   0.102951E+04
   0.291277E-03   0.124370E+04
   0.354256E-03   0.150199E+04
   0.430851E-03   0.181317E+04
   0.524009E-03   0.218752E+04
   0.637308E-03   0.263705E+04
   0.775104E-03   0.317557E+04
   0.942694E-03   0.381873E+04
   0.114652E-02   0.458390E+04
   0.139442E-02   0.548972E+04
   0.169591E-02   0.655526E+04
   0.206260E-02   0.779859E+04
   0.250856E-02   0.923466E+04
   0.305096E-02   0.108722E+05
   0.371062E-02   0.127099E+05
   0.451292E-02   0.147310E+05
   0.548869E-02   0.168968E+05
   0.667543E-02   0.191396E+05
   0.811877E-02   0.213547E+05
   0.987418E-02   0.233979E+05
   0.120091E-01   0.250614E+05
   0.146057E-01   0.261261E+05
   0.177637E-01   0.262960E+05
   0.216045E-01   0.253746E+05
   0.259254E-01   0.234490E+05
   0.302463E-01   0.211489E+05
   0.345672E-01   0.188786E+05
   0.388881E-01   0.168757E+05
   0.432090E-01   0.152412E+05
   0.475299E-01   0.139697E+05
   0.518508E-01   0.130340E+05
   0.561717E-01   0.123120E+05
   0.604926E-01   0.117196E+05
   0.648135E-01   0.111651E+05
   0.691344E-01   0.105861E+05
   0.734553E-01   0.994873E+04
   0.777762E-01   0.925381E+04
   0.820971E-01   0.852577E+04
   0.864180E-01   0.780471E+04
   0.907389E-01   0.712868E+04
   0.961016E-01   0.639750E+04
   0.101464E+00   0.581852E+04
   0.106827E+00   0.539544E+04
   0.112190E+00   0.509852E+04
   0.117552E+00   0.487925E+04
   0.122915E+00   0.468908E+04
   0.128278E+00   0.448994E+04
   0.133640E+00   0.425908E+04
   0.139003E+00   0.399293E+04
   0.144366E+00   0.370524E+04
   0.149728E+00   0.341795E+04
   0.155091E+00   0.315257E+04
   0.160454E+00   0.292584E+04
   0.165817E+00   0.274615E+04
   0.171179E+00   0.261100E+04
   0.176542E+00   0.250897E+04
   0.181905E+00   0.242548E+04
   0.187267E+00   0.234718E+04
   0.192630E+00   0.226356E+04
   0.197993E+00   0.216843E+04
   0.203355E+00   0.206167E+04
   0.208718E+00   0.194850E+04
   0.214081E+00   0.183648E+04
   0.219443E+00   0.173249E+04
   0.224806E+00   0.164134E+04
   0.230169E+00   0.156507E+04
   0.235531E+00   0.150286E+04
   0.240894E+00   0.145168E+04
   0.246257E+00   0.140728E+04
   0.251620E+00   0.136521E+04
   0.256982E+00   0.132179E+04
   0.262345E+00   0.127510E+04
   0.267708E+00   0.122529E+04
   0.273070E+00   0.117400E+04
   0.278433E+00   0.112330E+04
   0.283796E+00   0.107521E+04
   0.289158E+00   0.103137E+04
   0.294521E+00   0.992715E+03
   0.299884E+00   0.959101E+03
   0.305246E+00   0.929523E+03
   0.310609E+00   0.902621E+03
   0.315972E+00   0.877073E+03
   0.321334E+00   0.851769E+03
   0.326697E+00   0.825981E+03
   0.332060E+00   0.799549E+03
   0.337423E+00   0.772851E+03
   0.342785E+00   0.746542E+03
   0.348148E+00   0.721278E+03
   0.353511E+00   0.697572E+03
   0.358873E+00   0.675722E+03
   0.364236E+00   0.655750E+03
   0.369599E+00   0.637411E+03
   0.374961E+00   0.620299E+03
   0.380324E+00   0.603996E+03
   0.385687E+00   0.588144E+03
   0.391049E+00   0.572475E+03
   0.396412E+00   0.556860E+03
   0.401775E+00   0.541347E+03
   0.407137E+00   0.526123E+03
   0.412500E+00   0.511396E+03
   0.417863E+00   0.497308E+03
   0.423226E+00   0.483940E+03
   0.428588E+00   0.471334E+03
   0.433951E+00   0.459467E+03
   0.439314E+00   0.448223E+03
   0.444676E+00   0.437437E+03
   0.450039E+00   0.426982E+03
   0.455402E+00   0.416791E+03
   0.460764E+00   0.406814E+03
   0.466127E+00   0.397015E+03
   0.471490E+00   0.387409E+03
   0.476852E+00   0.378066E+03
   0.482215E+00   0.369050E+03
   0.487578E+00   0.360383E+03
   0.492940E+00   0.352062E+03
   0.498303E+00   0.344081E+03
   0.503666E+00   0.336428E+03
   0.509028E+00   0.329061E+03
   0.514391E+00   0.321922E+03
   0.519754E+00   0.314972E+03
   0.525117E+00   0.308198E+03
   0.530479E+00   0.301591E+03
   0.535842E+00   0.295141E+03
   0.541205E+00   0.288849E+03
   0.546567E+00   0.282733E+03
   0.551930E+00   0.276813E+03
   0.557293E+00   0.271085E+03
   0.562655E+00   0.265539E+03
   0.568018E+00   0.260169E+03
   0.573381E+00   0.254971E+03
   0.578743E+00   0.249928E+03
   0.584106E+00   0.245020E+03
   0.589469E+00   0.240233E+03
   0.594832E+00   0.235566E+03
   0.600194E+00   0.231019E+03
   0.605557E+00   0.226584E+03
   0.610920E+00   0.222256E+03
   0.616282E+00   0.218042E+03
   0.621645E+00   0.213947E+03
   0.627008E+00   0.209968E+03
   0.680214E+00   0.175606E+03
   0.737935E+00   0.146603E+03
   0.800554E+00   0.122194E+03
   0.868486E+00   0.101689E+03
   0.942183E+00   0.844969E+02
   0.101542E+01   0.711827E+02
   0.126811E+01   0.424943E+02
   0.158368E+01   0.251305E+02
   0.197777E+01   0.147354E+02
   0.246994E+01   0.857332E+01
   0.308458E+01   0.495290E+01
   0.385217E+01   0.284283E+01
   0.481078E+01   0.162202E+01
   0.600794E+01   0.920417E+00
   0.750301E+01   0.519659E+00
   0.937012E+01   0.292026E+00
   0.117019E+02   0.163394E+00
   0.146139E+02   0.910481E-01
   0.182505E+02   0.505378E-01
   0.227921E+02   0.279462E-01
   0.284639E+02   0.153952E-01
   0.355471E+02   0.844758E-02
   0.443930E+02   0.461503E-02
   0.554402E+02   0.250817E-02
   0.692364E+02   0.135411E-02
   0.864658E+02   0.724463E-03
   0.107983E+03   0.382589E-03
   0.134854E+03   0.198170E-03
   0.168412E+03   0.996564E-04
   0.210322E+03   0.478741E-04
   0.262660E+03   0.214104E-04
   0.328022E+03   0.855061E-05
