#           k/h    P           
   0.104501E-04   0.495834E+02
   0.127096E-04   0.599384E+02
   0.154576E-04   0.724558E+02
   0.187998E-04   0.875873E+02
   0.228647E-04   0.105879E+03
   0.278084E-04   0.127990E+03
   0.338210E-04   0.154718E+03
   0.411337E-04   0.187027E+03
   0.500274E-04   0.226081E+03
   0.608442E-04   0.273288E+03
   0.739997E-04   0.330347E+03
   0.899996E-04   0.399310E+03
   0.109459E-03   0.482656E+03
   0.133126E-03   0.583372E+03
   0.161910E-03   0.705056E+03
   0.196917E-03   0.852038E+03
   0.239494E-03   0.102951E+04
   0.291277E-03   0.124370E+04
   0.354256E-03   0.150199E+04
   0.430851E-03   0.181317E+04
   0.524009E-03   0.218752E+04
   0.637308E-03   0.263705E+04
   0.775104E-03   0.317557E+04
   0.942694E-03   0.381873E+04
   0.114652E-02   0.458390E+04
   0.139442E-02   0.548972E+04
   0.169591E-02   0.655526E+04
   0.206260E-02   0.779859E+04
   0.250856E-02   0.923466E+04
   0.305096E-02   0.108722E+05
   0.371062E-02   0.127099E+05
   0.451292E-02   0.147310E+05
   0.548869E-02   0.168968E+05
   0.667543E-02   0.191396E+05
   0.811877E-02   0.213547E+05
   0.987418E-02   0.233979E+05
   0.120091E-01   0.250614E+05
   0.146057E-01   0.261261E+05
   0.177637E-01   0.262959E+05
   0.216045E-01   0.253745E+05
   0.259254E-01   0.234490E+05
   0.302463E-01   0.211488E+05
   0.345672E-01   0.188784E+05
   0.388881E-01   0.168755E+05
   0.432090E-01   0.152410E+05
   0.475299E-01   0.139694E+05
   0.518508E-01   0.130337E+05
   0.561717E-01   0.123116E+05
   0.604926E-01   0.117192E+05
   0.648135E-01   0.111647E+05
   0.691344E-01   0.105856E+05
   0.734553E-01   0.994824E+04
   0.777762E-01   0.925329E+04
   0.820971E-01   0.852522E+04
   0.864180E-01   0.780414E+04
   0.907389E-01   0.712810E+04
   0.961016E-01   0.639689E+04
   0.101464E+00   0.581788E+04
   0.106827E+00   0.539477E+04
   0.112190E+00   0.509781E+04
   0.117552E+00   0.487849E+04
   0.122915E+00   0.468829E+04
   0.128278E+00   0.448912E+04
   0.133640E+00   0.425824E+04
   0.139003E+00   0.399207E+04
   0.144366E+00   0.370438E+04
   0.149728E+00   0.341707E+04
   0.155091E+00   0.315169E+04
   0.160454E+00   0.292495E+04
   0.165817E+00   0.274525E+04
   0.171179E+00   0.261008E+04
   0.176542E+00   0.250803E+04
   0.181905E+00   0.242453E+04
   0.187267E+00   0.234622E+04
   0.192630E+00   0.226258E+04
   0.197993E+00   0.216744E+04
   0.203355E+00   0.206068E+04
   0.208718E+00   0.194751E+04
   0.214081E+00   0.183550E+04
   0.219443E+00   0.173151E+04
   0.224806E+00   0.164036E+04
   0.230169E+00   0.156409E+04
   0.235531E+00   0.150189E+04
   0.240894E+00   0.145070E+04
   0.246257E+00   0.140629E+04
   0.251620E+00   0.136422E+04
   0.256982E+00   0.132080E+04
   0.262345E+00   0.127411E+04
   0.267708E+00   0.122431E+04
   0.273070E+00   0.117303E+04
   0.278433E+00   0.112234E+04
   0.283796E+00   0.107425E+04
   0.289158E+00   0.103042E+04
   0.294521E+00   0.991769E+03
   0.299884E+00   0.958160E+03
   0.305246E+00   0.928586E+03
   0.310609E+00   0.901687E+03
   0.315972E+00   0.876143E+03
   0.321334E+00   0.850844E+03
   0.326697E+00   0.825062E+03
   0.332060E+00   0.798636E+03
   0.337423E+00   0.771946E+03
   0.342785E+00   0.745646E+03
   0.348148E+00   0.720391E+03
   0.353511E+00   0.696693E+03
   0.358873E+00   0.674851E+03
   0.364236E+00   0.654886E+03
   0.369599E+00   0.636553E+03
   0.374961E+00   0.619448E+03
   0.380324E+00   0.603152E+03
   0.385687E+00   0.587306E+03
   0.391049E+00   0.571644E+03
   0.396412E+00   0.556036E+03
   0.401775E+00   0.540531E+03
   0.407137E+00   0.525315E+03
   0.412500E+00   0.510596E+03
   0.417863E+00   0.496516E+03
   0.423226E+00   0.483156E+03
   0.428588E+00   0.470557E+03
   0.433951E+00   0.458697E+03
   0.439314E+00   0.447460E+03
   0.444676E+00   0.436681E+03
   0.450039E+00   0.426233E+03
   0.455402E+00   0.416049E+03
   0.460764E+00   0.406079E+03
   0.466127E+00   0.396287E+03
   0.471490E+00   0.386689E+03
   0.476852E+00   0.377353E+03
   0.482215E+00   0.368344E+03
   0.487578E+00   0.359684E+03
   0.492940E+00   0.351369E+03
   0.498303E+00   0.343396E+03
   0.503666E+00   0.335750E+03
   0.509028E+00   0.328389E+03
   0.514391E+00   0.321256E+03
   0.519754E+00   0.314313E+03
   0.525117E+00   0.307546E+03
   0.530479E+00   0.300945E+03
   0.535842E+00   0.294501E+03
   0.541205E+00   0.288215E+03
   0.546567E+00   0.282106E+03
   0.551930E+00   0.276192E+03
   0.557293E+00   0.270470E+03
   0.562655E+00   0.264931E+03
   0.568018E+00   0.259567E+03
   0.573381E+00   0.254374E+03
   0.578743E+00   0.249337E+03
   0.584106E+00   0.244435E+03
   0.589469E+00   0.239654E+03
   0.594832E+00   0.234992E+03
   0.600194E+00   0.230450E+03
   0.605557E+00   0.226021E+03
   0.610920E+00   0.221699E+03
   0.616282E+00   0.217490E+03
   0.621645E+00   0.213401E+03
   0.627008E+00   0.209427E+03
   0.680214E+00   0.175114E+03
   0.737935E+00   0.146159E+03
   0.800554E+00   0.121795E+03
   0.868486E+00   0.101332E+03
   0.942183E+00   0.841799E+02
   0.101542E+01   0.708995E+02
   0.126811E+01   0.422965E+02
   0.158368E+01   0.249967E+02
   0.197777E+01   0.146477E+02
   0.246994E+01   0.851747E+01
   0.308458E+01   0.491824E+01
   0.385217E+01   0.282185E+01
   0.481078E+01   0.160960E+01
   0.600794E+01   0.913219E+00
   0.750301E+01   0.515570E+00
   0.937012E+01   0.289746E+00
   0.117019E+02   0.162147E+00
   0.146139E+02   0.903803E-01
   0.182505E+02   0.501896E-01
   0.227921E+02   0.277717E-01
   0.284639E+02   0.153136E-01
   0.355471E+02   0.841485E-02
   0.443930E+02   0.460733E-02
   0.554402E+02   0.251275E-02
   0.692364E+02   0.136421E-02
   0.864658E+02   0.736524E-03
   0.107983E+03   0.394759E-03
   0.134854E+03   0.209489E-03
   0.168412E+03   0.109630E-03
   0.210322E+03   0.562470E-04
   0.262660E+03   0.280670E-04
   0.328022E+03   0.134855E-04
