#          k/h    CDM            baryon         photon         nu             mass_nu        total          no_nu          total_de       Weyl           v_CDM          v_b            v_b-v_c     
   0.104501E-04   0.198309E+08   0.198309E+08   0.264274E+08   0.264270E+08   0.000000E+00   0.198309E+08   0.198309E+08   0.198387E+08  -0.471824E+00   0.103990E+08   0.103990E+08   0.212616E+01
   0.127096E-04   0.198309E+08   0.198309E+08   0.264208E+08   0.264202E+08   0.000000E+00   0.198309E+08   0.198309E+08   0.198386E+08  -0.471824E+00   0.103990E+08   0.103990E+08   0.258566E+01
   0.154576E-04   0.198309E+08   0.198309E+08   0.264110E+08   0.264102E+08   0.000000E+00   0.198309E+08   0.198309E+08   0.198386E+08  -0.471823E+00   0.103990E+08   0.103990E+08   0.314433E+01
   0.187998E-04   0.198308E+08   0.198308E+08   0.263965E+08   0.263953E+08   0.000000E+00   0.198308E+08   0.198308E+08   0.198386E+08  -0.471823E+00   0.103990E+08   0.103990E+08   0.382349E+01
   0.228647E-04   0.198308E+08   0.198308E+08   0.263752E+08   0.263733E+08   0.000000E+00   0.198308E+08   0.198308E+08   0.198385E+08  -0.471821E+00   0.103989E+08   0.103989E+08   0.464893E+01
   0.278084E-04   0.198307E+08   0.198307E+08   0.263436E+08   0.263409E+08   0.000000E+00   0.198307E+08   0.198307E+08   0.198385E+08  -0.471819E+00   0.103989E+08   0.103989E+08   0.565185E+01
   0.338210E-04   0.198306E+08   0.198306E+08   0.262969E+08   0.262929E+08   0.000000E+00   0.198306E+08   0.198306E+08   0.198384E+08  -0.471817E+00   0.103989E+08   0.103989E+08   0.686982E+01
   0.411337E-04   0.198305E+08   0.198305E+08   0.262279E+08   0.262221E+08   0.000000E+00   0.198305E+08   0.198305E+08   0.198382E+08  -0.471812E+00   0.103988E+08   0.103988E+08   0.834790E+01
   0.500274E-04   0.198303E+08   0.198303E+08   0.261263E+08   0.261177E+08   0.000000E+00   0.198303E+08   0.198303E+08   0.198380E+08  -0.471806E+00   0.103987E+08   0.103987E+08   0.101398E+02
   0.608442E-04   0.198300E+08   0.198300E+08   0.259766E+08   0.259639E+08   0.000000E+00   0.198300E+08   0.198300E+08   0.198376E+08  -0.471797E+00   0.103985E+08   0.103985E+08   0.123086E+02
   0.739997E-04   0.198296E+08   0.198296E+08   0.257566E+08   0.257380E+08   0.000000E+00   0.198296E+08   0.198296E+08   0.198371E+08  -0.471784E+00   0.103983E+08   0.103983E+08   0.149278E+02
   0.899996E-04   0.198289E+08   0.198289E+08   0.254344E+08   0.254071E+08   0.000000E+00   0.198289E+08   0.198289E+08   0.198364E+08  -0.471765E+00   0.103979E+08   0.103979E+08   0.180800E+02
   0.109459E-03   0.198280E+08   0.198279E+08   0.249645E+08   0.249248E+08   0.000000E+00   0.198280E+08   0.198280E+08   0.198353E+08  -0.471736E+00   0.103974E+08   0.103974E+08   0.218544E+02
   0.133126E-03   0.198266E+08   0.198265E+08   0.242842E+08   0.242267E+08   0.000000E+00   0.198266E+08   0.198266E+08   0.198337E+08  -0.471693E+00   0.103967E+08   0.103967E+08   0.263398E+02
   0.161910E-03   0.198245E+08   0.198244E+08   0.233091E+08   0.232269E+08   0.000000E+00   0.198245E+08   0.198245E+08   0.198313E+08  -0.471631E+00   0.103956E+08   0.103956E+08   0.316098E+02
   0.196917E-03   0.198215E+08   0.198213E+08   0.219330E+08   0.218173E+08   0.000000E+00   0.198214E+08   0.198214E+08   0.198279E+08  -0.471541E+00   0.103940E+08   0.103939E+08   0.376969E+02
   0.239494E-03   0.198170E+08   0.198168E+08   0.200350E+08   0.198761E+08   0.000000E+00   0.198170E+08   0.198170E+08   0.198228E+08  -0.471409E+00   0.103916E+08   0.103915E+08   0.445474E+02
   0.291277E-03   0.198105E+08   0.198102E+08   0.175061E+08   0.172958E+08   0.000000E+00   0.198104E+08   0.198104E+08   0.198155E+08  -0.471219E+00   0.103881E+08   0.103881E+08   0.519533E+02
   0.354256E-03   0.198010E+08   0.198006E+08   0.143090E+08   0.140461E+08   0.000000E+00   0.198009E+08   0.198009E+08   0.198051E+08  -0.470948E+00   0.103830E+08   0.103830E+08   0.594634E+02
   0.430851E-03   0.197874E+08   0.197868E+08   0.105805E+08   0.102800E+08   0.000000E+00   0.197873E+08   0.197873E+08   0.197904E+08  -0.470567E+00   0.103758E+08   0.103757E+08   0.663009E+02
   0.524009E-03   0.197680E+08   0.197671E+08   0.675109E+07   0.645424E+07   0.000000E+00   0.197678E+08   0.197678E+08   0.197698E+08  -0.470040E+00   0.103654E+08   0.103653E+08   0.713666E+02
   0.637308E-03   0.197406E+08   0.197395E+08   0.355240E+07   0.332687E+07   0.000000E+00   0.197405E+08   0.197405E+08   0.197415E+08  -0.469327E+00   0.103508E+08   0.103507E+08   0.734653E+02
   0.775104E-03   0.197029E+08   0.197014E+08   0.167578E+07   0.158302E+07   0.000000E+00   0.197026E+08   0.197026E+08   0.197031E+08  -0.468377E+00   0.103307E+08   0.103305E+08   0.718496E+02
   0.942694E-03   0.196514E+08   0.196496E+08   0.105433E+07   0.108351E+07   0.000000E+00   0.196512E+08   0.196512E+08   0.196515E+08  -0.467122E+00   0.103034E+08   0.103032E+08   0.668062E+02
   0.114652E-02   0.195825E+08   0.195804E+08   0.714133E+06   0.767459E+06   0.000000E+00   0.195822E+08   0.195822E+08   0.195824E+08  -0.465467E+00   0.102670E+08   0.102668E+08   0.594586E+02
   0.139442E-02   0.194914E+08   0.194890E+08   0.254956E+06   0.282978E+06   0.000000E+00   0.194910E+08   0.194910E+08   0.194911E+08  -0.463288E+00   0.102190E+08   0.102188E+08   0.506988E+02
   0.169591E-02   0.193722E+08   0.193697E+08   0.147928E+06  -0.168699E+06   0.000000E+00   0.193718E+08   0.193718E+08   0.193718E+08  -0.460445E+00   0.101564E+08   0.101562E+08   0.413655E+02
   0.206260E-02   0.192180E+08   0.192154E+08   0.248356E+04  -0.113121E+06   0.000000E+00   0.192176E+08   0.192176E+08   0.192176E+08  -0.456775E+00   0.100754E+08   0.100752E+08   0.329803E+02
   0.250856E-02   0.190207E+08   0.190180E+08   0.867269E+04  -0.756815E+05   0.000000E+00   0.190203E+08   0.190203E+08   0.190203E+08  -0.452082E+00   0.997188E+07   0.997168E+07   0.264085E+02
   0.305096E-02   0.187712E+08   0.187682E+08   0.243023E+04  -0.504892E+05   0.000000E+00   0.187707E+08   0.187707E+08   0.187707E+08  -0.446150E+00   0.984100E+07   0.984080E+07   0.216063E+02
   0.371062E-02   0.184596E+08   0.184561E+08  -0.169300E+05  -0.335646E+05   0.000000E+00   0.184590E+08   0.184590E+08   0.184590E+08  -0.438740E+00   0.967755E+07   0.967735E+07   0.176771E+02
   0.451292E-02   0.180752E+08   0.180711E+08  -0.135762E+05  -0.222180E+05   0.000000E+00   0.180746E+08   0.180746E+08   0.180746E+08  -0.429602E+00   0.947598E+07   0.947579E+07   0.142971E+02
   0.548869E-02   0.176071E+08   0.176021E+08  -0.120901E+05  -0.146310E+05   0.000000E+00   0.176064E+08   0.176064E+08   0.176064E+08  -0.418473E+00   0.923049E+07   0.923030E+07   0.116438E+02
   0.667543E-02   0.170441E+08   0.170378E+08  -0.102696E+05  -0.957473E+04   0.000000E+00   0.170431E+08   0.170431E+08   0.170431E+08  -0.405086E+00   0.893520E+07   0.893502E+07   0.942208E+01
   0.811877E-02   0.163749E+08   0.163666E+08  -0.635650E+04  -0.621866E+04   0.000000E+00   0.163736E+08   0.163736E+08   0.163736E+08  -0.389172E+00   0.858420E+07   0.858401E+07   0.762422E+01
   0.987418E-02   0.155901E+08   0.155792E+08   0.171429E+04  -0.400251E+04   0.000000E+00   0.155884E+08   0.155884E+08   0.155884E+08  -0.370509E+00   0.817254E+07   0.817236E+07   0.618766E+01
   0.120091E-01   0.146757E+08   0.146611E+08  -0.212339E+04  -0.254707E+04   0.000000E+00   0.146734E+08   0.146734E+08   0.146734E+08  -0.348762E+00   0.769284E+07   0.769266E+07   0.503295E+01
   0.146057E-01   0.136294E+08   0.136100E+08   0.356124E+03  -0.159908E+04   0.000000E+00   0.136264E+08   0.136264E+08   0.136264E+08  -0.323876E+00   0.714392E+07   0.714374E+07   0.411482E+01
   0.177637E-01   0.124378E+08   0.124122E+08  -0.115630E+04  -0.986455E+03   0.000000E+00   0.124338E+08   0.124338E+08   0.124338E+08  -0.295530E+00   0.651869E+07   0.651851E+07   0.337464E+01
   0.216045E-01   0.111140E+08   0.110814E+08  -0.621181E+02  -0.595845E+03   0.000000E+00   0.111090E+08   0.111090E+08   0.111090E+08  -0.264041E+00   0.582413E+07   0.582395E+07   0.276901E+01
   0.259254E-01   0.978242E+07   0.974320E+07   0.204412E+02  -0.364152E+03   0.000000E+00   0.977635E+07   0.977635E+07   0.977635E+07  -0.232366E+00   0.512548E+07   0.512530E+07   0.227948E+01
   0.302463E-01   0.862311E+07   0.857958E+07  -0.690715E+02  -0.235801E+03   0.000000E+00   0.861637E+07   0.861637E+07   0.861637E+07  -0.204796E+00   0.451734E+07   0.451717E+07   0.189407E+01
   0.345672E-01   0.763778E+07   0.759261E+07  -0.242609E+02  -0.159887E+03   0.000000E+00   0.763079E+07   0.763079E+07   0.763079E+07  -0.181370E+00   0.400064E+07   0.400047E+07   0.156786E+01
   0.388881E-01   0.682133E+07   0.677719E+07  -0.209867E+02  -0.112817E+03   0.000000E+00   0.681450E+07   0.681450E+07   0.681450E+07  -0.161968E+00   0.357268E+07   0.357253E+07   0.128298E+01
   0.432090E-01   0.616013E+07   0.611929E+07  -0.184504E+02  -0.825222E+02   0.000000E+00   0.615381E+07   0.615381E+07   0.615381E+07  -0.146265E+00   0.322629E+07   0.322616E+07   0.103403E+01
   0.475299E-01   0.563124E+07   0.559529E+07   0.121415E+03  -0.623463E+02   0.000000E+00   0.562567E+07   0.562567E+07   0.562567E+07  -0.133712E+00   0.294940E+07   0.294928E+07   0.820698E+00
   0.518508E-01   0.521437E+07   0.518410E+07   0.944797E+02  -0.485135E+02   0.000000E+00   0.520969E+07   0.520969E+07   0.520969E+07  -0.123825E+00   0.273130E+07   0.273120E+07   0.644246E+00
   0.561717E-01   0.487457E+07   0.484993E+07   0.752670E+02  -0.386469E+02   0.000000E+00   0.487076E+07   0.487076E+07   0.487076E+07  -0.115769E+00   0.255361E+07   0.255352E+07   0.504339E+00
   0.604926E-01   0.458760E+07   0.456788E+07   0.610858E+02  -0.313643E+02   0.000000E+00   0.458455E+07   0.458455E+07   0.458455E+07  -0.108966E+00   0.240355E+07   0.240348E+07   0.399262E+00
   0.648135E-01   0.433017E+07   0.431417E+07   0.502316E+02  -0.257908E+02   0.000000E+00   0.432770E+07   0.432770E+07   0.432770E+07  -0.102862E+00   0.226888E+07   0.226882E+07   0.325120E+00
   0.691344E-01   0.408639E+07   0.407272E+07   0.416659E+02  -0.213925E+02   0.000000E+00   0.408428E+07   0.408428E+07   0.408428E+07  -0.970760E-01   0.214127E+07   0.214121E+07   0.276535E+00
   0.734553E-01   0.384680E+07   0.383410E+07   0.347443E+02  -0.178389E+02   0.000000E+00   0.384483E+07   0.384483E+07   0.384483E+07  -0.913848E-01   0.201573E+07   0.201568E+07   0.247235E+00
   0.777762E-01   0.360885E+07   0.359604E+07   0.290728E+02  -0.149271E+02   0.000000E+00   0.360687E+07   0.360687E+07   0.360687E+07  -0.857288E-01   0.189098E+07   0.189092E+07   0.230834E+00
   0.820971E-01   0.337470E+07   0.336105E+07   0.243980E+02  -0.125272E+02   0.000000E+00   0.337259E+07   0.337259E+07   0.337259E+07  -0.801605E-01   0.176816E+07   0.176810E+07   0.221491E+00
   0.864180E-01   0.314994E+07   0.313517E+07   0.205504E+02  -0.105519E+02   0.000000E+00   0.314766E+07   0.314766E+07   0.314766E+07  -0.748141E-01   0.165023E+07   0.165017E+07   0.214470E+00
   0.907389E-01   0.294044E+07   0.292469E+07   0.173982E+02  -0.893360E+01   0.000000E+00   0.293800E+07   0.293800E+07   0.293800E+07  -0.698311E-01   0.154032E+07   0.154026E+07   0.206428E+00
   0.961016E-01   0.270947E+07   0.269311E+07   0.142906E+02  -0.733812E+01   0.000000E+00   0.270694E+07   0.270694E+07   0.270694E+07  -0.643390E-01   0.141918E+07   0.141912E+07   0.192377E+00
   0.101464E+00   0.251703E+07   0.250102E+07   0.119088E+02  -0.611512E+01   0.000000E+00   0.251456E+07   0.251456E+07   0.251456E+07  -0.597665E-01   0.131832E+07   0.131827E+07   0.173312E+00
   0.106827E+00   0.236406E+07   0.234931E+07   0.100905E+02  -0.518138E+01   0.000000E+00   0.236178E+07   0.236178E+07   0.236178E+07  -0.561353E-01   0.123822E+07   0.123817E+07   0.150810E+00
   0.112190E+00   0.224407E+07   0.223121E+07   0.868526E+01  -0.445970E+01   0.000000E+00   0.224208E+07   0.224208E+07   0.224208E+07  -0.532901E-01   0.117546E+07   0.117542E+07   0.127549E+00
   0.117552E+00   0.214598E+07   0.213522E+07   0.756603E+01  -0.388488E+01   0.000000E+00   0.214431E+07   0.214431E+07   0.214431E+07  -0.509664E-01   0.112420E+07   0.112417E+07   0.106275E+00
   0.122915E+00   0.205858E+07   0.204969E+07   0.663918E+01  -0.340888E+01   0.000000E+00   0.205720E+07   0.205720E+07   0.205720E+07  -0.488960E-01   0.107853E+07   0.107850E+07   0.890415E-01
   0.128278E+00   0.197303E+07   0.196548E+07   0.584285E+01  -0.299995E+01   0.000000E+00   0.197186E+07   0.197186E+07   0.197186E+07  -0.468676E-01   0.103379E+07   0.103376E+07   0.767860E-01
   0.133640E+00   0.188387E+07   0.187699E+07   0.514022E+01  -0.263918E+01   0.000000E+00   0.188281E+07   0.188281E+07   0.188281E+07  -0.447510E-01   0.987101E+06   0.987073E+06   0.692904E-01
   0.139003E+00   0.178971E+07   0.178289E+07   0.451364E+01  -0.231750E+01   0.000000E+00   0.178865E+07   0.178865E+07   0.178865E+07  -0.425131E-01   0.937740E+06   0.937712E+06   0.654608E-01
   0.144366E+00   0.169286E+07   0.168568E+07   0.395780E+01  -0.203214E+01   0.000000E+00   0.169175E+07   0.169175E+07   0.169175E+07  -0.402098E-01   0.886936E+06   0.886909E+06   0.637668E-01
   0.149728E+00   0.159762E+07   0.158993E+07   0.347203E+01  -0.178277E+01   0.000000E+00   0.159643E+07   0.159643E+07   0.159643E+07  -0.379442E-01   0.836964E+06   0.836936E+06   0.626805E-01
   0.155091E+00   0.150859E+07   0.150049E+07   0.305545E+01  -0.156890E+01   0.000000E+00   0.150733E+07   0.150733E+07   0.150733E+07  -0.358266E-01   0.790256E+06   0.790227E+06   0.610246E-01
   0.160454E+00   0.142972E+07   0.142150E+07   0.270521E+01  -0.138908E+01   0.000000E+00   0.142845E+07   0.142845E+07   0.142845E+07  -0.339517E-01   0.748900E+06   0.748872E+06   0.581700E-01
   0.165817E+00   0.136331E+07   0.135531E+07   0.241536E+01  -0.124025E+01   0.000000E+00   0.136207E+07   0.136207E+07   0.136207E+07  -0.323741E-01   0.714100E+06   0.714073E+06   0.540524E-01
   0.171179E+00   0.130901E+07   0.130154E+07   0.217618E+01  -0.111743E+01   0.000000E+00   0.130785E+07   0.130785E+07   0.130785E+07  -0.310854E-01   0.685674E+06   0.685648E+06   0.490405E-01
   0.176542E+00   0.126411E+07   0.125737E+07   0.197593E+01  -0.101459E+01   0.000000E+00   0.126307E+07   0.126307E+07   0.126307E+07  -0.300209E-01   0.662193E+06   0.662170E+06   0.437337E-01
   0.181905E+00   0.122496E+07   0.121900E+07   0.180365E+01  -0.926104E+00   0.000000E+00   0.122404E+07   0.122404E+07   0.122404E+07  -0.290932E-01   0.641731E+06   0.641709E+06   0.387583E-01
   0.187267E+00   0.118814E+07   0.118286E+07   0.165079E+01  -0.847604E+00   0.000000E+00   0.118733E+07   0.118733E+07   0.118733E+07  -0.282206E-01   0.622481E+06   0.622462E+06   0.346007E-01
   0.192630E+00   0.115092E+07   0.114612E+07   0.151135E+01  -0.775999E+00   0.000000E+00   0.115018E+07   0.115018E+07   0.115018E+07  -0.273376E-01   0.603005E+06   0.602987E+06   0.315044E-01
   0.197993E+00   0.111161E+07   0.110707E+07   0.138175E+01  -0.709454E+00   0.000000E+00   0.111091E+07   0.111091E+07   0.111091E+07  -0.264043E-01   0.582418E+06   0.582400E+06   0.294523E-01
   0.203355E+00   0.107001E+07   0.106551E+07   0.126079E+01  -0.647353E+00   0.000000E+00   0.106932E+07   0.106932E+07   0.106932E+07  -0.254158E-01   0.560613E+06   0.560596E+06   0.282213E-01
   0.208718E+00   0.102728E+07   0.102268E+07   0.114898E+01  -0.589952E+00   0.000000E+00   0.102657E+07   0.102657E+07   0.102657E+07  -0.243997E-01   0.538201E+06   0.538184E+06   0.274769E-01
   0.214081E+00   0.985223E+06   0.980472E+06   0.104737E+01  -0.537784E+00   0.000000E+00   0.984488E+06   0.984488E+06   0.984488E+06  -0.233995E-01   0.516140E+06   0.516123E+06   0.268729E-01
   0.219443E+00   0.945607E+06   0.940751E+06   0.956668E+00  -0.491221E+00   0.000000E+00   0.944856E+06   0.944856E+06   0.944856E+06  -0.224575E-01   0.495362E+06   0.495345E+06   0.261333E-01
   0.224806E+00   0.909759E+06   0.904895E+06   0.876982E+00  -0.450308E+00   0.000000E+00   0.909007E+06   0.909007E+06   0.909007E+06  -0.216055E-01   0.476568E+06   0.476551E+06   0.251027E-01
   0.230169E+00   0.878326E+06   0.873577E+06   0.807679E+00  -0.414723E+00   0.000000E+00   0.877591E+06   0.877591E+06   0.877591E+06  -0.208588E-01   0.460098E+06   0.460081E+06   0.237572E-01
   0.235531E+00   0.851166E+06   0.846641E+06   0.747479E+00  -0.383810E+00   0.000000E+00   0.850466E+06   0.850466E+06   0.850466E+06  -0.202140E-01   0.445876E+06   0.445861E+06   0.221809E-01
   0.240894E+00   0.827475E+06   0.823245E+06   0.694705E+00  -0.356709E+00   0.000000E+00   0.826820E+06   0.826820E+06   0.826820E+06  -0.196520E-01   0.433480E+06   0.433465E+06   0.205209E-01
   0.246257E+00   0.806074E+06   0.802156E+06   0.647612E+00  -0.332524E+00   0.000000E+00   0.805468E+06   0.805468E+06   0.805468E+06  -0.191445E-01   0.422284E+06   0.422271E+06   0.189361E-01
   0.251620E+00   0.785690E+06   0.782052E+06   0.604639E+00  -0.310457E+00   0.000000E+00   0.785127E+06   0.785127E+06   0.785127E+06  -0.186611E-01   0.411620E+06   0.411607E+06   0.175539E-01
   0.256982E+00   0.765246E+06   0.761818E+06   0.564598E+00  -0.289896E+00   0.000000E+00   0.764715E+06   0.764715E+06   0.764715E+06  -0.181759E-01   0.400919E+06   0.400906E+06   0.164433E-01
   0.262345E+00   0.744144E+06   0.740847E+06   0.526817E+00  -0.270497E+00   0.000000E+00   0.743634E+06   0.743634E+06   0.743634E+06  -0.176749E-01   0.389867E+06   0.389854E+06   0.156092E-01
   0.267708E+00   0.722384E+06   0.719141E+06   0.491123E+00  -0.252170E+00   0.000000E+00   0.721883E+06   0.721883E+06   0.721883E+06  -0.171579E-01   0.378463E+06   0.378451E+06   0.150034E-01
   0.273070E+00   0.700383E+06   0.697144E+06   0.457636E+00  -0.234977E+00   0.000000E+00   0.699882E+06   0.699882E+06   0.699882E+06  -0.166349E-01   0.366929E+06   0.366917E+06   0.145445E-01
   0.278433E+00   0.678715E+06   0.675458E+06   0.426547E+00  -0.219016E+00   0.000000E+00   0.678211E+06   0.678211E+06   0.678211E+06  -0.161199E-01   0.355567E+06   0.355556E+06   0.141428E-01
   0.283796E+00   0.657960E+06   0.654696E+06   0.398013E+00  -0.204366E+00   0.000000E+00   0.657455E+06   0.657455E+06   0.657455E+06  -0.156265E-01   0.344686E+06   0.344674E+06   0.137228E-01
   0.289158E+00   0.638628E+06   0.635388E+06   0.372115E+00  -0.191069E+00   0.000000E+00   0.638127E+06   0.638127E+06   0.638127E+06  -0.151671E-01   0.334552E+06   0.334541E+06   0.132390E-01
   0.294521E+00   0.621021E+06   0.617846E+06   0.348796E+00  -0.179096E+00   0.000000E+00   0.620530E+06   0.620530E+06   0.620530E+06  -0.147489E-01   0.325327E+06   0.325316E+06   0.126797E-01
   0.299884E+00   0.605123E+06   0.602051E+06   0.327822E+00  -0.168326E+00   0.000000E+00   0.604647E+06   0.604647E+06   0.604647E+06  -0.143714E-01   0.317000E+06   0.316989E+06   0.120620E-01
   0.305246E+00   0.590638E+06   0.587694E+06   0.308836E+00  -0.158576E+00   0.000000E+00   0.590182E+06   0.590182E+06   0.590182E+06  -0.140276E-01   0.309416E+06   0.309406E+06   0.114215E-01
   0.310609E+00   0.577147E+06   0.574340E+06   0.291457E+00  -0.149652E+00   0.000000E+00   0.576712E+06   0.576712E+06   0.576712E+06  -0.137074E-01   0.302354E+06   0.302344E+06   0.108000E-01
   0.315972E+00   0.564231E+06   0.561551E+06   0.275350E+00  -0.141381E+00   0.000000E+00   0.563816E+06   0.563816E+06   0.563816E+06  -0.134009E-01   0.295593E+06   0.295583E+06   0.102334E-01
   0.321334E+00   0.551528E+06   0.548954E+06   0.260246E+00  -0.133626E+00   0.000000E+00   0.551130E+06   0.551130E+06   0.551130E+06  -0.130994E-01   0.288942E+06   0.288933E+06   0.974382E-02
   0.326697E+00   0.538793E+06   0.536296E+06   0.245960E+00  -0.126290E+00   0.000000E+00   0.538407E+06   0.538407E+06   0.538407E+06  -0.127970E-01   0.282272E+06   0.282262E+06   0.933594E-02
   0.332060E+00   0.525957E+06   0.523510E+06   0.232407E+00  -0.119331E+00   0.000000E+00   0.525578E+06   0.525578E+06   0.525578E+06  -0.124921E-01   0.275546E+06   0.275537E+06   0.899946E-02
   0.337423E+00   0.513126E+06   0.510709E+06   0.219585E+00  -0.112748E+00   0.000000E+00   0.512752E+06   0.512752E+06   0.512752E+06  -0.121872E-01   0.268822E+06   0.268813E+06   0.871412E-02
   0.342785E+00   0.500503E+06   0.498106E+06   0.207532E+00  -0.106560E+00   0.000000E+00   0.500133E+06   0.500133E+06   0.500133E+06  -0.118873E-01   0.262206E+06   0.262197E+06   0.845590E-02
   0.348148E+00   0.488300E+06   0.485923E+06   0.196279E+00  -0.100782E+00   0.000000E+00   0.487932E+06   0.487932E+06   0.487932E+06  -0.115973E-01   0.255809E+06   0.255801E+06   0.820306E-02
   0.353511E+00   0.476687E+06   0.474339E+06   0.185840E+00  -0.954224E-01   0.000000E+00   0.476324E+06   0.476324E+06   0.476324E+06  -0.113214E-01   0.249723E+06   0.249715E+06   0.794076E-02
   0.358873E+00   0.465770E+06   0.463464E+06   0.176197E+00  -0.904712E-01   0.000000E+00   0.465414E+06   0.465414E+06   0.465414E+06  -0.110620E-01   0.244004E+06   0.243995E+06   0.766316E-02
   0.364236E+00   0.455565E+06   0.453313E+06   0.167300E+00  -0.859025E-01   0.000000E+00   0.455217E+06   0.455217E+06   0.455217E+06  -0.108197E-01   0.238658E+06   0.238650E+06   0.737276E-02
   0.369599E+00   0.445992E+06   0.443804E+06   0.159067E+00  -0.816751E-01   0.000000E+00   0.445654E+06   0.445654E+06   0.445654E+06  -0.105924E-01   0.233644E+06   0.233636E+06   0.707785E-02
   0.374961E+00   0.436916E+06   0.434794E+06   0.151405E+00  -0.777411E-01   0.000000E+00   0.436588E+06   0.436588E+06   0.436588E+06  -0.103769E-01   0.228891E+06   0.228883E+06   0.678931E-02
   0.380324E+00   0.428190E+06   0.426133E+06   0.144228E+00  -0.740556E-01   0.000000E+00   0.427872E+06   0.427872E+06   0.427872E+06  -0.101697E-01   0.224321E+06   0.224314E+06   0.651743E-02
   0.385687E+00   0.419687E+06   0.417689E+06   0.137461E+00  -0.705809E-01   0.000000E+00   0.419378E+06   0.419378E+06   0.419378E+06  -0.996786E-02   0.219868E+06   0.219861E+06   0.626937E-02
   0.391049E+00   0.411309E+06   0.409360E+06   0.131048E+00  -0.672880E-01   0.000000E+00   0.411008E+06   0.411008E+06   0.411008E+06  -0.976891E-02   0.215480E+06   0.215473E+06   0.604772E-02
   0.396412E+00   0.403005E+06   0.401095E+06   0.124952E+00  -0.641578E-01   0.000000E+00   0.402710E+06   0.402710E+06   0.402710E+06  -0.957169E-02   0.211130E+06   0.211123E+06   0.585066E-02
   0.401775E+00   0.394788E+06   0.392908E+06   0.119158E+00  -0.611828E-01   0.000000E+00   0.394497E+06   0.394497E+06   0.394497E+06  -0.937648E-02   0.206824E+06   0.206817E+06   0.567321E-02
   0.407137E+00   0.386719E+06   0.384865E+06   0.113667E+00  -0.583637E-01   0.000000E+00   0.386432E+06   0.386432E+06   0.386432E+06  -0.918480E-02   0.202596E+06   0.202589E+06   0.550890E-02
   0.412500E+00   0.378873E+06   0.377043E+06   0.108484E+00  -0.557023E-01   0.000000E+00   0.378590E+06   0.378590E+06   0.378590E+06  -0.899840E-02   0.198484E+06   0.198478E+06   0.535136E-02
   0.417863E+00   0.371300E+06   0.369497E+06   0.103603E+00  -0.531966E-01   0.000000E+00   0.371021E+06   0.371021E+06   0.371021E+06  -0.881851E-02   0.194516E+06   0.194510E+06   0.519562E-02
   0.423226E+00   0.364032E+06   0.362258E+06   0.990173E-01  -0.508418E-01   0.000000E+00   0.363757E+06   0.363757E+06   0.363757E+06  -0.864586E-02   0.190708E+06   0.190702E+06   0.503897E-02
   0.428588E+00   0.357085E+06   0.355344E+06   0.947123E-01  -0.486313E-01   0.000000E+00   0.356816E+06   0.356816E+06   0.356816E+06  -0.848087E-02   0.187069E+06   0.187062E+06   0.488124E-02
   0.433951E+00   0.350453E+06   0.348749E+06   0.906703E-01  -0.465559E-01   0.000000E+00   0.350190E+06   0.350190E+06   0.350190E+06  -0.832338E-02   0.183595E+06   0.183589E+06   0.472415E-02
   0.439314E+00   0.344094E+06   0.342427E+06   0.868650E-01  -0.446020E-01   0.000000E+00   0.343836E+06   0.343836E+06   0.343836E+06  -0.817236E-02   0.180264E+06   0.180258E+06   0.457039E-02
   0.444676E+00   0.337944E+06   0.336315E+06   0.832676E-01  -0.427548E-01   0.000000E+00   0.337692E+06   0.337692E+06   0.337692E+06  -0.802633E-02   0.177043E+06   0.177037E+06   0.442270E-02
   0.450039E+00   0.331956E+06   0.330362E+06   0.798547E-01  -0.410024E-01   0.000000E+00   0.331709E+06   0.331709E+06   0.331709E+06  -0.788413E-02   0.173906E+06   0.173900E+06   0.428331E-02
   0.455402E+00   0.326102E+06   0.324540E+06   0.766100E-01  -0.393363E-01   0.000000E+00   0.325860E+06   0.325860E+06   0.325860E+06  -0.774511E-02   0.170839E+06   0.170834E+06   0.415341E-02
   0.460764E+00   0.320361E+06   0.318828E+06   0.735197E-01  -0.377496E-01   0.000000E+00   0.320124E+06   0.320124E+06   0.320124E+06  -0.760877E-02   0.167832E+06   0.167827E+06   0.403292E-02
   0.466127E+00   0.314719E+06   0.313211E+06   0.705725E-01  -0.362363E-01   0.000000E+00   0.314486E+06   0.314486E+06   0.314486E+06  -0.747476E-02   0.164876E+06   0.164871E+06   0.392062E-02
   0.471490E+00   0.309179E+06   0.307694E+06   0.677620E-01  -0.347932E-01   0.000000E+00   0.308949E+06   0.308949E+06   0.308949E+06  -0.734317E-02   0.161974E+06   0.161968E+06   0.381473E-02
   0.476852E+00   0.303768E+06   0.302305E+06   0.650869E-01  -0.334197E-01   0.000000E+00   0.303541E+06   0.303541E+06   0.303541E+06  -0.721464E-02   0.159138E+06   0.159133E+06   0.371341E-02
   0.482215E+00   0.298511E+06   0.297069E+06   0.625456E-01  -0.321148E-01   0.000000E+00   0.298288E+06   0.298288E+06   0.298288E+06  -0.708976E-02   0.156384E+06   0.156379E+06   0.361507E-02
   0.487578E+00   0.293416E+06   0.291997E+06   0.601333E-01  -0.308762E-01   0.000000E+00   0.293197E+06   0.293197E+06   0.293197E+06  -0.696877E-02   0.153715E+06   0.153710E+06   0.351861E-02
   0.492940E+00   0.288484E+06   0.287087E+06   0.578429E-01  -0.297002E-01   0.000000E+00   0.288268E+06   0.288268E+06   0.288268E+06  -0.685161E-02   0.151131E+06   0.151126E+06   0.342354E-02
   0.498303E+00   0.283711E+06   0.282339E+06   0.556682E-01  -0.285836E-01   0.000000E+00   0.283499E+06   0.283499E+06   0.283499E+06  -0.673826E-02   0.148631E+06   0.148626E+06   0.333006E-02
   0.503666E+00   0.279094E+06   0.277745E+06   0.536023E-01  -0.275228E-01   0.000000E+00   0.278885E+06   0.278885E+06   0.278885E+06  -0.662860E-02   0.146212E+06   0.146207E+06   0.323877E-02
   0.509028E+00   0.274615E+06   0.273290E+06   0.516367E-01  -0.265135E-01   0.000000E+00   0.274410E+06   0.274410E+06   0.274410E+06  -0.652223E-02   0.143865E+06   0.143861E+06   0.315039E-02
   0.514391E+00   0.270250E+06   0.268949E+06   0.497620E-01  -0.255509E-01   0.000000E+00   0.270048E+06   0.270048E+06   0.270048E+06  -0.641857E-02   0.141579E+06   0.141574E+06   0.306552E-02
   0.519754E+00   0.265983E+06   0.264704E+06   0.479710E-01  -0.246313E-01   0.000000E+00   0.265785E+06   0.265785E+06   0.265785E+06  -0.631723E-02   0.139344E+06   0.139339E+06   0.298454E-02
   0.525117E+00   0.261808E+06   0.260550E+06   0.462585E-01  -0.237520E-01   0.000000E+00   0.261613E+06   0.261613E+06   0.261613E+06  -0.621808E-02   0.137157E+06   0.137152E+06   0.290756E-02
   0.530479E+00   0.257721E+06   0.256482E+06   0.446203E-01  -0.229108E-01   0.000000E+00   0.257529E+06   0.257529E+06   0.257529E+06  -0.612100E-02   0.135015E+06   0.135011E+06   0.283436E-02
   0.535842E+00   0.253716E+06   0.252496E+06   0.430521E-01  -0.221057E-01   0.000000E+00   0.253527E+06   0.253527E+06   0.253527E+06  -0.602589E-02   0.132917E+06   0.132913E+06   0.276447E-02
   0.541205E+00   0.249795E+06   0.248592E+06   0.415509E-01  -0.213348E-01   0.000000E+00   0.249609E+06   0.249609E+06   0.249609E+06  -0.593275E-02   0.130863E+06   0.130859E+06   0.269729E-02
   0.546567E+00   0.245965E+06   0.244779E+06   0.401148E-01  -0.205974E-01   0.000000E+00   0.245781E+06   0.245781E+06   0.245781E+06  -0.584178E-02   0.128856E+06   0.128852E+06   0.263232E-02
   0.551930E+00   0.242232E+06   0.241064E+06   0.387421E-01  -0.198926E-01   0.000000E+00   0.242052E+06   0.242052E+06   0.242052E+06  -0.575313E-02   0.126901E+06   0.126897E+06   0.256917E-02
   0.557293E+00   0.238598E+06   0.237447E+06   0.374299E-01  -0.192189E-01   0.000000E+00   0.238420E+06   0.238420E+06   0.238420E+06  -0.566682E-02   0.124997E+06   0.124993E+06   0.250756E-02
   0.562655E+00   0.235057E+06   0.233923E+06   0.361749E-01  -0.185745E-01   0.000000E+00   0.234882E+06   0.234882E+06   0.234882E+06  -0.558271E-02   0.123142E+06   0.123138E+06   0.244741E-02
   0.568018E+00   0.231606E+06   0.230489E+06   0.349739E-01  -0.179578E-01   0.000000E+00   0.231433E+06   0.231433E+06   0.231433E+06  -0.550075E-02   0.121334E+06   0.121330E+06   0.238876E-02
   0.573381E+00   0.228244E+06   0.227143E+06   0.338245E-01  -0.173676E-01   0.000000E+00   0.228073E+06   0.228073E+06   0.228073E+06  -0.542089E-02   0.119573E+06   0.119569E+06   0.233180E-02
   0.578743E+00   0.224963E+06   0.223879E+06   0.327234E-01  -0.168022E-01   0.000000E+00   0.224795E+06   0.224795E+06   0.224795E+06  -0.534298E-02   0.117854E+06   0.117850E+06   0.227667E-02
   0.584106E+00   0.221754E+06   0.220687E+06   0.316671E-01  -0.162599E-01   0.000000E+00   0.221589E+06   0.221589E+06   0.221589E+06  -0.526678E-02   0.116173E+06   0.116169E+06   0.222346E-02
   0.589469E+00   0.218612E+06   0.217560E+06   0.306529E-01  -0.157391E-01   0.000000E+00   0.218449E+06   0.218449E+06   0.218449E+06  -0.519214E-02   0.114527E+06   0.114523E+06   0.217220E-02
   0.594832E+00   0.215534E+06   0.214497E+06   0.296789E-01  -0.152390E-01   0.000000E+00   0.215374E+06   0.215374E+06   0.215374E+06  -0.511905E-02   0.112914E+06   0.112911E+06   0.212285E-02
   0.600194E+00   0.212522E+06   0.211499E+06   0.287435E-01  -0.147587E-01   0.000000E+00   0.212363E+06   0.212363E+06   0.212363E+06  -0.504750E-02   0.111336E+06   0.111333E+06   0.207532E-02
   0.605557E+00   0.209571E+06   0.208562E+06   0.278445E-01  -0.142971E-01   0.000000E+00   0.209415E+06   0.209415E+06   0.209415E+06  -0.497741E-02   0.109790E+06   0.109787E+06   0.202941E-02
   0.610920E+00   0.206679E+06   0.205684E+06   0.269804E-01  -0.138534E-01   0.000000E+00   0.206525E+06   0.206525E+06   0.206525E+06  -0.490873E-02   0.108275E+06   0.108272E+06   0.198493E-02
   0.616282E+00   0.203849E+06   0.202867E+06   0.261498E-01  -0.134270E-01   0.000000E+00   0.203697E+06   0.203697E+06   0.203697E+06  -0.484152E-02   0.106793E+06   0.106789E+06   0.194174E-02
   0.621645E+00   0.201084E+06   0.200115E+06   0.253520E-01  -0.130173E-01   0.000000E+00   0.200934E+06   0.200934E+06   0.200934E+06  -0.477584E-02   0.105344E+06   0.105341E+06   0.189973E-02
   0.627008E+00   0.198381E+06   0.197425E+06   0.245852E-01  -0.126236E-01   0.000000E+00   0.198234E+06   0.198234E+06   0.198234E+06  -0.471166E-02   0.103928E+06   0.103925E+06   0.185883E-02
   0.680214E+00   0.174433E+06   0.173593E+06   0.183678E-01  -0.943120E-02   0.000000E+00   0.174303E+06   0.174303E+06   0.174303E+06  -0.414288E-02   0.913824E+05   0.913793E+05   0.151088E-02
   0.737935E+00   0.153236E+06   0.152498E+06   0.137102E-01  -0.703970E-02   0.000000E+00   0.153122E+06   0.153122E+06   0.153122E+06  -0.363944E-02   0.802777E+05   0.802750E+05   0.122808E-02
   0.800554E+00   0.134506E+06   0.133858E+06   0.102254E-01  -0.525036E-02   0.000000E+00   0.134406E+06   0.134406E+06   0.134406E+06  -0.319458E-02   0.704652E+05   0.704628E+05   0.998187E-03
   0.868486E+00   0.117970E+06   0.117402E+06   0.762020E-02  -0.391270E-02   0.000000E+00   0.117883E+06   0.117883E+06   0.117883E+06  -0.280186E-02   0.618026E+05   0.618005E+05   0.811331E-03
   0.942183E+00   0.103388E+06   0.102891E+06   0.567439E-02  -0.291360E-02   0.000000E+00   0.103311E+06   0.103311E+06   0.103311E+06  -0.245553E-02   0.541633E+05   0.541615E+05   0.659567E-03
   0.101542E+01   0.915231E+05   0.910825E+05   0.432470E-02  -0.222058E-02   0.000000E+00   0.914549E+05   0.914549E+05   0.914549E+05  -0.217372E-02   0.479473E+05   0.479456E+05   0.545418E-03
   0.126811E+01   0.635112E+05   0.632054E+05   0.192422E-02  -0.988023E-03   0.000000E+00   0.634639E+05   0.634639E+05   0.634639E+05  -0.150842E-02   0.332724E+05   0.332712E+05   0.311323E-03
   0.158368E+01   0.438615E+05   0.436503E+05   0.852054E-03  -0.437503E-03   0.000000E+00   0.438288E+05   0.438288E+05   0.438288E+05  -0.104173E-02   0.229783E+05   0.229774E+05   0.179320E-03
   0.197777E+01   0.301595E+05   0.300142E+05   0.375652E-03  -0.192887E-03   0.000000E+00   0.301370E+05   0.301370E+05   0.301370E+05  -0.716303E-03   0.158000E+05   0.157994E+05   0.104897E-03
   0.246994E+01   0.206560E+05   0.205564E+05   0.164963E-03  -0.847050E-04   0.000000E+00   0.206406E+05   0.206406E+05   0.206406E+05  -0.490591E-03   0.108213E+05   0.108209E+05   0.628078E-04
   0.308458E+01   0.140964E+05   0.140283E+05   0.721807E-04  -0.370641E-04   0.000000E+00   0.140859E+05   0.140859E+05   0.140859E+05  -0.334796E-03   0.738485E+04   0.738449E+04   0.388253E-04
   0.385217E+01   0.958833E+04   0.954187E+04   0.314795E-04  -0.161649E-04   0.000000E+00   0.958114E+04   0.958114E+04   0.958114E+04  -0.227727E-03   0.502315E+04   0.502286E+04   0.249741E-04
   0.481078E+01   0.650239E+04   0.647074E+04   0.136875E-04  -0.702895E-05   0.000000E+00   0.649749E+04   0.649749E+04   0.649749E+04  -0.154434E-03   0.340648E+04   0.340623E+04   0.168038E-04
   0.600794E+01   0.439749E+04   0.437594E+04   0.593492E-05  -0.304799E-05   0.000000E+00   0.439415E+04   0.439415E+04   0.439415E+04  -0.104441E-03   0.230375E+04   0.230354E+04   0.118384E-04
   0.750301E+01   0.296639E+04   0.295169E+04   0.256676E-05  -0.131836E-05   0.000000E+00   0.296411E+04   0.296411E+04   0.296411E+04  -0.704516E-04   0.155403E+04   0.155383E+04   0.870155E-05
   0.937012E+01   0.199626E+04   0.198621E+04   0.110740E-05  -0.568897E-06   0.000000E+00   0.199471E+04   0.199471E+04   0.199471E+04  -0.474107E-04   0.104580E+04   0.104561E+04   0.662772E-05
   0.117019E+02   0.134040E+04   0.133347E+04   0.476672E-06  -0.244947E-06   0.000000E+00   0.133933E+04   0.133933E+04   0.133933E+04  -0.318334E-04   0.702197E+03   0.702015E+03   0.518889E-05
   0.146139E+02   0.898065E+03   0.893242E+03   0.204715E-06  -0.105243E-06   0.000000E+00   0.897319E+03   0.897319E+03   0.897319E+03  -0.213277E-04   0.470466E+03   0.470284E+03   0.414345E-05
   0.182505E+02   0.600407E+03   0.596993E+03   0.877145E-07  -0.451250E-07   0.000000E+00   0.599879E+03   0.599879E+03   0.599879E+03  -0.142580E-04   0.314527E+03   0.314344E+03   0.335280E-05
   0.227921E+02   0.400508E+03   0.398033E+03   0.374897E-07  -0.193075E-07   0.000000E+00   0.400125E+03   0.400125E+03   0.400125E+03  -0.951025E-05   0.209803E+03   0.209616E+03   0.273538E-05
   0.284639E+02   0.266500E+03   0.264648E+03   0.159773E-07  -0.824231E-08   0.000000E+00   0.266214E+03   0.266214E+03   0.266214E+03  -0.632743E-05   0.139598E+03   0.139407E+03   0.224140E-05
   0.355471E+02   0.176807E+03   0.175366E+03   0.678488E-08  -0.350935E-08   0.000000E+00   0.176584E+03   0.176584E+03   0.176584E+03  -0.419708E-05   0.926085E+02   0.924125E+02   0.183904E-05
   0.443930E+02   0.116852E+03   0.115682E+03   0.286750E-08  -0.148923E-08   0.000000E+00   0.116671E+03   0.116671E+03   0.116671E+03  -0.277306E-05   0.611988E+02   0.609983E+02   0.150678E-05
   0.554402E+02   0.768181E+02   0.758262E+02   0.120368E-08  -0.629108E-09   0.000000E+00   0.766647E+02   0.766647E+02   0.766647E+02  -0.182218E-05   0.402253E+02   0.400210E+02   0.122923E-05
   0.692364E+02   0.501059E+02   0.492334E+02   0.500160E-09  -0.264003E-09   0.000000E+00   0.499709E+02   0.499709E+02   0.499709E+02  -0.118772E-05   0.262310E+02   0.260245E+02   0.994709E-06
   0.864658E+02   0.322908E+02   0.315036E+02   0.204603E-09  -0.109661E-09   0.000000E+00   0.321690E+02   0.321690E+02   0.321690E+02  -0.764599E-06   0.168979E+02   0.166921E+02   0.794037E-06
   0.107983E+03   0.204150E+02   0.196984E+02   0.816531E-10  -0.448100E-10   0.000000E+00   0.203041E+02   0.203041E+02   0.203041E+02  -0.482593E-06   0.106767E+02   0.104761E+02   0.619833E-06
   0.134854E+03   0.125094E+02   0.118651E+02   0.313117E-10  -0.178189E-10   0.000000E+00   0.124098E+02   0.124098E+02   0.124098E+02  -0.294958E-06   0.653613E+01   0.634758E+01   0.466399E-06
   0.168412E+03   0.727228E+01   0.671714E+01   0.112416E-10  -0.676168E-11   0.000000E+00   0.718640E+01   0.718640E+01   0.718640E+01  -0.170808E-06   0.379429E+01   0.362766E+01   0.330053E-06
   0.210322E+03   0.385312E+01   0.341670E+01   0.360488E-11  -0.235703E-11   0.000000E+00   0.378560E+01   0.378560E+01   0.378560E+01  -0.899770E-07   0.200601E+01   0.187362E+01   0.209981E-06
   0.262660E+03   0.170594E+01   0.142150E+01   0.937251E-12  -0.693387E-12   0.000000E+00   0.166194E+01   0.166194E+01   0.166194E+01  -0.395013E-07   0.885305E+00   0.799232E+00   0.109314E-06
   0.328022E+03   0.481613E+00   0.365555E+00   0.148755E-12  -0.131472E-12   0.000000E+00   0.463658E+00   0.463658E+00   0.463658E+00  -0.110203E-07   0.248786E+00   0.214212E+00   0.351596E-07
