#           k/h    P           
   0.104501E-04   0.495834E+02
   0.127096E-04   0.599384E+02
   0.154576E-04   0.724558E+02
   0.187998E-04   0.875873E+02
   0.228647E-04   0.105879E+03
   0.278084E-04   0.127990E+03
   0.338210E-04   0.154718E+03
   0.411337E-04   0.187027E+03
   0.500274E-04   0.226081E+03
   0.608442E-04   0.273288E+03
   0.739997E-04   0.330347E+03
   0.899996E-04   0.399310E+03
   0.109459E-03   0.482656E+03
   0.133126E-03   0.583372E+03
   0.161910E-03   0.705056E+03
   0.196917E-03   0.852038E+03
   0.239494E-03   0.102951E+04
   0.291277E-03   0.124370E+04
   0.354256E-03   0.150199E+04
   0.430851E-03   0.181317E+04
   0.524009E-03   0.218752E+04
   0.637308E-03   0.263705E+04
   0.775104E-03   0.317557E+04
   0.942694E-03   0.381873E+04
   0.114652E-02   0.458390E+04
   0.139442E-02   0.548972E+04
   0.169591E-02   0.655526E+04
   0.206260E-02   0.779859E+04
   0.250856E-02   0.923466E+04
   0.305096E-02   0.108722E+05
   0.371062E-02   0.127099E+05
   0.451292E-02   0.147310E+05
   0.548869E-02   0.168968E+05
   0.667543E-02   0.191396E+05
   0.811877E-02   0.213546E+05
   0.987418E-02   0.233977E+05
   0.120091E-01   0.250611E+05
   0.146057E-01   0.261254E+05
   0.177637E-01   0.262948E+05
   0.216045E-01   0.253728E+05
   0.259254E-01   0.234465E+05
   0.302463E-01   0.211456E+05
   0.345672E-01   0.188749E+05
   0.388881E-01   0.168720E+05
   0.432090E-01   0.152379E+05
   0.475299E-01   0.139672E+05
   0.518508E-01   0.130327E+05
   0.561717E-01   0.123124E+05
   0.604926E-01   0.117221E+05
   0.648135E-01   0.111702E+05
   0.691344E-01   0.105940E+05
   0.734553E-01   0.995959E+04
   0.777762E-01   0.926754E+04
   0.820971E-01   0.854216E+04
   0.864180E-01   0.782347E+04
   0.907389E-01   0.714944E+04
   0.961016E-01   0.642025E+04
   0.101464E+00   0.584282E+04
   0.106827E+00   0.542097E+04
   0.112190E+00   0.512503E+04
   0.117552E+00   0.490647E+04
   0.122915E+00   0.471675E+04
   0.128278E+00   0.451779E+04
   0.133640E+00   0.428684E+04
   0.139003E+00   0.402038E+04
   0.144366E+00   0.373224E+04
   0.149728E+00   0.344441E+04
   0.155091E+00   0.317852E+04
   0.160454E+00   0.295135E+04
   0.165817E+00   0.277135E+04
   0.171179E+00   0.263597E+04
   0.176542E+00   0.253376E+04
   0.181905E+00   0.245008E+04
   0.187267E+00   0.237151E+04
   0.192630E+00   0.228750E+04
   0.197993E+00   0.219186E+04
   0.203355E+00   0.208447E+04
   0.208718E+00   0.197062E+04
   0.214081E+00   0.185791E+04
   0.219443E+00   0.175328E+04
   0.224806E+00   0.166155E+04
   0.230169E+00   0.158480E+04
   0.235531E+00   0.152219E+04
   0.240894E+00   0.147066E+04
   0.246257E+00   0.142592E+04
   0.251620E+00   0.138352E+04
   0.256982E+00   0.133973E+04
   0.262345E+00   0.129261E+04
   0.267708E+00   0.124235E+04
   0.273070E+00   0.119058E+04
   0.278433E+00   0.113940E+04
   0.283796E+00   0.109084E+04
   0.289158E+00   0.104658E+04
   0.294521E+00   0.100754E+04
   0.299884E+00   0.973579E+03
   0.305246E+00   0.943687E+03
   0.310609E+00   0.916489E+03
   0.315972E+00   0.890652E+03
   0.321334E+00   0.865055E+03
   0.326697E+00   0.838966E+03
   0.332060E+00   0.812222E+03
   0.337423E+00   0.785208E+03
   0.342785E+00   0.758584E+03
   0.348148E+00   0.733015E+03
   0.353511E+00   0.709016E+03
   0.358873E+00   0.686891E+03
   0.364236E+00   0.666662E+03
   0.369599E+00   0.648081E+03
   0.374961E+00   0.630739E+03
   0.380324E+00   0.614214E+03
   0.385687E+00   0.598143E+03
   0.391049E+00   0.582258E+03
   0.396412E+00   0.566426E+03
   0.401775E+00   0.550698E+03
   0.407137E+00   0.535262E+03
   0.412500E+00   0.520328E+03
   0.417863E+00   0.506039E+03
   0.423226E+00   0.492477E+03
   0.428588E+00   0.479686E+03
   0.433951E+00   0.467642E+03
   0.439314E+00   0.456227E+03
   0.444676E+00   0.445276E+03
   0.450039E+00   0.434661E+03
   0.455402E+00   0.424312E+03
   0.460764E+00   0.414180E+03
   0.466127E+00   0.404229E+03
   0.471490E+00   0.394474E+03
   0.476852E+00   0.384984E+03
   0.482215E+00   0.375826E+03
   0.487578E+00   0.367022E+03
   0.492940E+00   0.358567E+03
   0.498303E+00   0.350457E+03
   0.503666E+00   0.342679E+03
   0.509028E+00   0.335190E+03
   0.514391E+00   0.327932E+03
   0.519754E+00   0.320867E+03
   0.525117E+00   0.313979E+03
   0.530479E+00   0.307261E+03
   0.535842E+00   0.300702E+03
   0.541205E+00   0.294304E+03
   0.546567E+00   0.288086E+03
   0.551930E+00   0.282064E+03
   0.557293E+00   0.276238E+03
   0.562655E+00   0.270597E+03
   0.568018E+00   0.265134E+03
   0.573381E+00   0.259845E+03
   0.578743E+00   0.254714E+03
   0.584106E+00   0.249720E+03
   0.589469E+00   0.244848E+03
   0.594832E+00   0.240098E+03
   0.600194E+00   0.235470E+03
   0.605557E+00   0.230956E+03
   0.610920E+00   0.226552E+03
   0.616282E+00   0.222262E+03
   0.621645E+00   0.218093E+03
   0.627008E+00   0.214042E+03
   0.680214E+00   0.179049E+03
   0.737935E+00   0.149499E+03
   0.800554E+00   0.124619E+03
   0.868486E+00   0.103710E+03
   0.942183E+00   0.861733E+02
   0.101542E+01   0.725889E+02
   0.126811E+01   0.433087E+02
   0.158368E+01   0.255820E+02
   0.197777E+01   0.149704E+02
   0.246994E+01   0.868220E+01
   0.308458E+01   0.499014E+01
   0.385217E+01   0.284059E+01
   0.481078E+01   0.159900E+01
   0.600794E+01   0.887398E+00
   0.750301E+01   0.482885E+00
   0.937012E+01   0.255188E+00
   0.117019E+02   0.128798E+00
   0.146139E+02   0.602775E-01
   0.182505E+02   0.247752E-01
   0.227921E+02   0.802159E-02
   0.284639E+02   0.156827E-02
   0.355471E+02   0.539537E-04
   0.443930E+02   0.457739E-04
   0.554402E+02   0.319027E-04
   0.692364E+02   0.293405E-06
   0.864658E+02   0.909239E-06
   0.107983E+03   0.281075E-06
   0.134854E+03   0.488891E-07
   0.168412E+03   0.148150E-09
   0.210322E+03   0.151827E-08
   0.262660E+03   0.118908E-09
   0.328022E+03   0.613161E-10
