#          k/h    CDM            baryon         photon         nu             mass_nu        total          no_nu          total_de       Weyl           v_CDM          v_b            v_b-v_c     
   0.104501E-04   0.198309E+08   0.198309E+08   0.264274E+08   0.264270E+08   0.000000E+00   0.198309E+08   0.198309E+08   0.198387E+08  -0.471824E+00   0.103990E+08   0.103990E+08   0.215023E+01
   0.127096E-04   0.198309E+08   0.198309E+08   0.264208E+08   0.264202E+08   0.000000E+00   0.198309E+08   0.198309E+08   0.198386E+08  -0.471824E+00   0.103990E+08   0.103990E+08   0.261493E+01
   0.154576E-04   0.198309E+08   0.198309E+08   0.264110E+08   0.264102E+08   0.000000E+00   0.198309E+08   0.198309E+08   0.198386E+08  -0.471823E+00   0.103990E+08   0.103990E+08   0.317993E+01
   0.187998E-04   0.198308E+08   0.198308E+08   0.263965E+08   0.263953E+08   0.000000E+00   0.198308E+08   0.198308E+08   0.198386E+08  -0.471823E+00   0.103990E+08   0.103990E+08   0.386678E+01
   0.228647E-04   0.198308E+08   0.198308E+08   0.263752E+08   0.263733E+08   0.000000E+00   0.198308E+08   0.198308E+08   0.198385E+08  -0.471821E+00   0.103989E+08   0.103989E+08   0.470158E+01
   0.278084E-04   0.198307E+08   0.198307E+08   0.263436E+08   0.263409E+08   0.000000E+00   0.198307E+08   0.198307E+08   0.198385E+08  -0.471819E+00   0.103989E+08   0.103989E+08   0.571586E+01
   0.338210E-04   0.198306E+08   0.198306E+08   0.262969E+08   0.262929E+08   0.000000E+00   0.198306E+08   0.198306E+08   0.198384E+08  -0.471817E+00   0.103989E+08   0.103989E+08   0.694762E+01
   0.411337E-04   0.198305E+08   0.198305E+08   0.262279E+08   0.262221E+08   0.000000E+00   0.198305E+08   0.198305E+08   0.198382E+08  -0.471812E+00   0.103988E+08   0.103988E+08   0.844246E+01
   0.500274E-04   0.198303E+08   0.198303E+08   0.261263E+08   0.261177E+08   0.000000E+00   0.198303E+08   0.198303E+08   0.198380E+08  -0.471806E+00   0.103987E+08   0.103987E+08   0.102546E+02
   0.608442E-04   0.198300E+08   0.198300E+08   0.259766E+08   0.259639E+08   0.000000E+00   0.198300E+08   0.198300E+08   0.198376E+08  -0.471797E+00   0.103985E+08   0.103985E+08   0.124481E+02
   0.739997E-04   0.198296E+08   0.198296E+08   0.257566E+08   0.257380E+08   0.000000E+00   0.198296E+08   0.198296E+08   0.198371E+08  -0.471784E+00   0.103983E+08   0.103983E+08   0.150971E+02
   0.899996E-04   0.198289E+08   0.198289E+08   0.254344E+08   0.254071E+08   0.000000E+00   0.198289E+08   0.198289E+08   0.198364E+08  -0.471765E+00   0.103979E+08   0.103979E+08   0.182852E+02
   0.109459E-03   0.198280E+08   0.198279E+08   0.249645E+08   0.249248E+08   0.000000E+00   0.198280E+08   0.198280E+08   0.198353E+08  -0.471736E+00   0.103974E+08   0.103974E+08   0.221027E+02
   0.133126E-03   0.198266E+08   0.198265E+08   0.242842E+08   0.242267E+08   0.000000E+00   0.198266E+08   0.198266E+08   0.198337E+08  -0.471693E+00   0.103967E+08   0.103967E+08   0.266394E+02
   0.161910E-03   0.198245E+08   0.198244E+08   0.233091E+08   0.232269E+08   0.000000E+00   0.198245E+08   0.198245E+08   0.198313E+08  -0.471631E+00   0.103956E+08   0.103956E+08   0.319703E+02
   0.196917E-03   0.198215E+08   0.198213E+08   0.219330E+08   0.218173E+08   0.000000E+00   0.198214E+08   0.198214E+08   0.198279E+08  -0.471541E+00   0.103940E+08   0.103939E+08   0.381282E+02
   0.239494E-03   0.198170E+08   0.198168E+08   0.200350E+08   0.198761E+08   0.000000E+00   0.198170E+08   0.198170E+08   0.198228E+08  -0.471409E+00   0.103916E+08   0.103915E+08   0.450596E+02
   0.291277E-03   0.198105E+08   0.198102E+08   0.175061E+08   0.172958E+08   0.000000E+00   0.198104E+08   0.198104E+08   0.198155E+08  -0.471219E+00   0.103881E+08   0.103881E+08   0.525549E+02
   0.354256E-03   0.198010E+08   0.198006E+08   0.143090E+08   0.140461E+08   0.000000E+00   0.198009E+08   0.198009E+08   0.198051E+08  -0.470948E+00   0.103830E+08   0.103830E+08   0.601589E+02
   0.430851E-03   0.197874E+08   0.197868E+08   0.105805E+08   0.102800E+08   0.000000E+00   0.197873E+08   0.197873E+08   0.197904E+08  -0.470567E+00   0.103758E+08   0.103757E+08   0.670872E+02
   0.524009E-03   0.197680E+08   0.197671E+08   0.675109E+07   0.645424E+07   0.000000E+00   0.197678E+08   0.197678E+08   0.197698E+08  -0.470040E+00   0.103654E+08   0.103653E+08   0.722285E+02
   0.637308E-03   0.197406E+08   0.197395E+08   0.355240E+07   0.332687E+07   0.000000E+00   0.197405E+08   0.197405E+08   0.197415E+08  -0.469327E+00   0.103508E+08   0.103507E+08   0.743725E+02
   0.775104E-03   0.197029E+08   0.197014E+08   0.167578E+07   0.158302E+07   0.000000E+00   0.197026E+08   0.197026E+08   0.197031E+08  -0.468377E+00   0.103307E+08   0.103305E+08   0.727579E+02
   0.942694E-03   0.196514E+08   0.196496E+08   0.105433E+07   0.108351E+07   0.000000E+00   0.196512E+08   0.196512E+08   0.196515E+08  -0.467122E+00   0.103034E+08   0.103032E+08   0.676662E+02
   0.114652E-02   0.195825E+08   0.195804E+08   0.714133E+06   0.767459E+06   0.000000E+00   0.195822E+08   0.195822E+08   0.195824E+08  -0.465467E+00   0.102670E+08   0.102668E+08   0.602300E+02
   0.139442E-02   0.194914E+08   0.194890E+08   0.254956E+06   0.282978E+06   0.000000E+00   0.194910E+08   0.194910E+08   0.194911E+08  -0.463288E+00   0.102190E+08   0.102188E+08   0.513574E+02
   0.169591E-02   0.193722E+08   0.193697E+08   0.147928E+06  -0.168699E+06   0.000000E+00   0.193718E+08   0.193718E+08   0.193718E+08  -0.460445E+00   0.101564E+08   0.101562E+08   0.419033E+02
   0.206260E-02   0.192180E+08   0.192154E+08   0.248358E+04  -0.113121E+06   0.000000E+00   0.192176E+08   0.192176E+08   0.192176E+08  -0.456775E+00   0.100754E+08   0.100752E+08   0.334085E+02
   0.250856E-02   0.190207E+08   0.190180E+08   0.867269E+04  -0.756815E+05   0.000000E+00   0.190203E+08   0.190203E+08   0.190203E+08  -0.452082E+00   0.997188E+07   0.997168E+07   0.267515E+02
   0.305096E-02   0.187712E+08   0.187682E+08   0.243022E+04  -0.504892E+05   0.000000E+00   0.187707E+08   0.187707E+08   0.187707E+08  -0.446150E+00   0.984100E+07   0.984080E+07   0.218872E+02
   0.371062E-02   0.184596E+08   0.184561E+08  -0.169300E+05  -0.335646E+05   0.000000E+00   0.184590E+08   0.184590E+08   0.184590E+08  -0.438740E+00   0.967755E+07   0.967735E+07   0.179070E+02
   0.451292E-02   0.180752E+08   0.180711E+08  -0.135762E+05  -0.222180E+05   0.000000E+00   0.180746E+08   0.180746E+08   0.180746E+08  -0.429602E+00   0.947598E+07   0.947578E+07   0.144832E+02
   0.548869E-02   0.176071E+08   0.176021E+08  -0.120901E+05  -0.146310E+05   0.000000E+00   0.176064E+08   0.176064E+08   0.176064E+08  -0.418473E+00   0.923049E+07   0.923030E+07   0.117954E+02
   0.667543E-02   0.170441E+08   0.170378E+08  -0.102696E+05  -0.957473E+04   0.000000E+00   0.170431E+08   0.170431E+08   0.170431E+08  -0.405086E+00   0.893520E+07   0.893501E+07   0.954484E+01
   0.811877E-02   0.163749E+08   0.163666E+08  -0.635650E+04  -0.621866E+04   0.000000E+00   0.163736E+08   0.163736E+08   0.163736E+08  -0.389172E+00   0.858420E+07   0.858401E+07   0.772363E+01
   0.987418E-02   0.155901E+08   0.155792E+08   0.171429E+04  -0.400251E+04   0.000000E+00   0.155884E+08   0.155884E+08   0.155884E+08  -0.370509E+00   0.817254E+07   0.817236E+07   0.626842E+01
   0.120091E-01   0.146757E+08   0.146611E+08  -0.212339E+04  -0.254707E+04   0.000000E+00   0.146734E+08   0.146734E+08   0.146734E+08  -0.348762E+00   0.769284E+07   0.769266E+07   0.509871E+01
   0.146057E-01   0.136294E+08   0.136100E+08   0.356124E+03  -0.159908E+04   0.000000E+00   0.136264E+08   0.136264E+08   0.136264E+08  -0.323876E+00   0.714392E+07   0.714374E+07   0.416867E+01
   0.177637E-01   0.124378E+08   0.124122E+08  -0.115630E+04  -0.986455E+03   0.000000E+00   0.124338E+08   0.124338E+08   0.124338E+08  -0.295530E+00   0.651869E+07   0.651851E+07   0.341889E+01
   0.216045E-01   0.111140E+08   0.110814E+08  -0.621181E+02  -0.595845E+03   0.000000E+00   0.111090E+08   0.111090E+08   0.111090E+08  -0.264041E+00   0.582413E+07   0.582395E+07   0.280538E+01
   0.259254E-01   0.978243E+07   0.974319E+07   0.204401E+02  -0.364152E+03   0.000000E+00   0.977636E+07   0.977636E+07   0.977636E+07  -0.232366E+00   0.512548E+07   0.512530E+07   0.230948E+01
   0.302463E-01   0.862311E+07   0.857956E+07  -0.690707E+02  -0.235801E+03   0.000000E+00   0.861638E+07   0.861638E+07   0.861638E+07  -0.204796E+00   0.451734E+07   0.451717E+07   0.191903E+01
   0.345672E-01   0.763778E+07   0.759260E+07  -0.242612E+02  -0.159887E+03   0.000000E+00   0.763079E+07   0.763079E+07   0.763079E+07  -0.181370E+00   0.400064E+07   0.400047E+07   0.158853E+01
   0.388881E-01   0.682133E+07   0.677718E+07  -0.209883E+02  -0.112817E+03   0.000000E+00   0.681450E+07   0.681450E+07   0.681450E+07  -0.161968E+00   0.357268E+07   0.357252E+07   0.129990E+01
   0.432090E-01   0.616013E+07   0.611927E+07  -0.184503E+02  -0.825220E+02   0.000000E+00   0.615381E+07   0.615381E+07   0.615381E+07  -0.146265E+00   0.322629E+07   0.322615E+07   0.104766E+01
   0.475299E-01   0.563122E+07   0.559526E+07   0.121415E+03  -0.623461E+02   0.000000E+00   0.562566E+07   0.562566E+07   0.562566E+07  -0.133712E+00   0.294939E+07   0.294927E+07   0.831500E+00
   0.518508E-01   0.521435E+07   0.518407E+07   0.944792E+02  -0.485133E+02   0.000000E+00   0.520967E+07   0.520967E+07   0.520967E+07  -0.123824E+00   0.273129E+07   0.273119E+07   0.652709E+00
   0.561717E-01   0.487454E+07   0.484989E+07   0.752664E+02  -0.386466E+02   0.000000E+00   0.487073E+07   0.487073E+07   0.487073E+07  -0.115768E+00   0.255359E+07   0.255350E+07   0.510947E+00
   0.604926E-01   0.458755E+07   0.456782E+07   0.610851E+02  -0.313640E+02   0.000000E+00   0.458450E+07   0.458450E+07   0.458450E+07  -0.108965E+00   0.240352E+07   0.240345E+07   0.404478E+00
   0.648135E-01   0.433011E+07   0.431411E+07   0.502309E+02  -0.257904E+02   0.000000E+00   0.432763E+07   0.432763E+07   0.432763E+07  -0.102860E+00   0.226885E+07   0.226879E+07   0.329356E+00
   0.691344E-01   0.408631E+07   0.407264E+07   0.416650E+02  -0.213921E+02   0.000000E+00   0.408420E+07   0.408420E+07   0.408420E+07  -0.970740E-01   0.214122E+07   0.214116E+07   0.280132E+00
   0.734553E-01   0.384669E+07   0.383400E+07   0.347434E+02  -0.178384E+02   0.000000E+00   0.384473E+07   0.384473E+07   0.384473E+07  -0.913823E-01   0.201568E+07   0.201562E+07   0.250450E+00
   0.777762E-01   0.360872E+07   0.359590E+07   0.290717E+02  -0.149266E+02   0.000000E+00   0.360674E+07   0.360674E+07   0.360674E+07  -0.857256E-01   0.189091E+07   0.189085E+07   0.233839E+00
   0.820971E-01   0.337454E+07   0.336089E+07   0.243969E+02  -0.125266E+02   0.000000E+00   0.337243E+07   0.337243E+07   0.337243E+07  -0.801567E-01   0.176807E+07   0.176802E+07   0.224380E+00
   0.864180E-01   0.314975E+07   0.313498E+07   0.205492E+02  -0.105513E+02   0.000000E+00   0.314746E+07   0.314746E+07   0.314746E+07  -0.748096E-01   0.165013E+07   0.165007E+07   0.217273E+00
   0.907389E-01   0.294022E+07   0.292446E+07   0.173968E+02  -0.893291E+01   0.000000E+00   0.293778E+07   0.293778E+07   0.293778E+07  -0.698257E-01   0.154020E+07   0.154014E+07   0.209130E+00
   0.961016E-01   0.270920E+07   0.269284E+07   0.142892E+02  -0.733740E+01   0.000000E+00   0.270667E+07   0.270667E+07   0.270667E+07  -0.643327E-01   0.141904E+07   0.141898E+07   0.194898E+00
   0.101464E+00   0.251672E+07   0.250071E+07   0.119073E+02  -0.611437E+01   0.000000E+00   0.251425E+07   0.251425E+07   0.251425E+07  -0.597591E-01   0.131816E+07   0.131810E+07   0.175584E+00
   0.106827E+00   0.236371E+07   0.234896E+07   0.100890E+02  -0.518061E+01   0.000000E+00   0.236143E+07   0.236143E+07   0.236143E+07  -0.561270E-01   0.123804E+07   0.123799E+07   0.152784E+00
   0.112190E+00   0.224368E+07   0.223082E+07   0.868374E+01  -0.445893E+01   0.000000E+00   0.224169E+07   0.224169E+07   0.224169E+07  -0.532809E-01   0.117526E+07   0.117521E+07   0.129214E+00
   0.117552E+00   0.214555E+07   0.213479E+07   0.756452E+01  -0.388411E+01   0.000000E+00   0.214388E+07   0.214388E+07   0.214388E+07  -0.509563E-01   0.112398E+07   0.112394E+07   0.107657E+00
   0.122915E+00   0.205812E+07   0.204922E+07   0.663769E+01  -0.340812E+01   0.000000E+00   0.205674E+07   0.205674E+07   0.205674E+07  -0.488851E-01   0.107829E+07   0.107826E+07   0.901930E-01
   0.128278E+00   0.197254E+07   0.196498E+07   0.584138E+01  -0.299920E+01   0.000000E+00   0.197137E+07   0.197137E+07   0.197137E+07  -0.468559E-01   0.103353E+07   0.103350E+07   0.777739E-01
   0.133640E+00   0.188335E+07   0.187646E+07   0.513878E+01  -0.263844E+01   0.000000E+00   0.188228E+07   0.188228E+07   0.188228E+07  -0.447385E-01   0.986825E+06   0.986797E+06   0.701787E-01
   0.139003E+00   0.178915E+07   0.178233E+07   0.451223E+01  -0.231677E+01   0.000000E+00   0.178810E+07   0.178810E+07   0.178810E+07  -0.424998E-01   0.937447E+06   0.937419E+06   0.662988E-01
   0.144366E+00   0.169227E+07   0.168509E+07   0.395641E+01  -0.203143E+01   0.000000E+00   0.169116E+07   0.169116E+07   0.169116E+07  -0.401958E-01   0.886626E+06   0.886598E+06   0.645834E-01
   0.149728E+00   0.159699E+07   0.158931E+07   0.347066E+01  -0.178207E+01   0.000000E+00   0.159580E+07   0.159580E+07   0.159580E+07  -0.379294E-01   0.836636E+06   0.836607E+06   0.634843E-01
   0.155091E+00   0.150793E+07   0.149983E+07   0.305410E+01  -0.156821E+01   0.000000E+00   0.150667E+07   0.150667E+07   0.150667E+07  -0.358109E-01   0.789909E+06   0.789881E+06   0.618080E-01
   0.160454E+00   0.142903E+07   0.142081E+07   0.270390E+01  -0.138841E+01   0.000000E+00   0.142776E+07   0.142776E+07   0.142776E+07  -0.339352E-01   0.748535E+06   0.748507E+06   0.589168E-01
   0.165817E+00   0.136258E+07   0.135458E+07   0.241406E+01  -0.123959E+01   0.000000E+00   0.136135E+07   0.136135E+07   0.136135E+07  -0.323567E-01   0.713718E+06   0.713691E+06   0.547456E-01
   0.171179E+00   0.130825E+07   0.130078E+07   0.217491E+01  -0.111678E+01   0.000000E+00   0.130709E+07   0.130709E+07   0.130709E+07  -0.310673E-01   0.685275E+06   0.685250E+06   0.496677E-01
   0.176542E+00   0.126332E+07   0.125658E+07   0.197470E+01  -0.101395E+01   0.000000E+00   0.126228E+07   0.126228E+07   0.126228E+07  -0.300021E-01   0.661779E+06   0.661756E+06   0.442906E-01
   0.181905E+00   0.122415E+07   0.121819E+07   0.180245E+01  -0.925487E+00   0.000000E+00   0.122322E+07   0.122322E+07   0.122322E+07  -0.290739E-01   0.641303E+06   0.641281E+06   0.392491E-01
   0.187267E+00   0.118730E+07   0.118202E+07   0.164962E+01  -0.847005E+00   0.000000E+00   0.118649E+07   0.118649E+07   0.118649E+07  -0.282006E-01   0.622041E+06   0.622021E+06   0.350360E-01
   0.192630E+00   0.115006E+07   0.114526E+07   0.151022E+01  -0.775418E+00   0.000000E+00   0.114932E+07   0.114932E+07   0.114932E+07  -0.273172E-01   0.602553E+06   0.602535E+06   0.318985E-01
   0.197993E+00   0.111073E+07   0.110619E+07   0.138065E+01  -0.708891E+00   0.000000E+00   0.111003E+07   0.111003E+07   0.111003E+07  -0.263834E-01   0.581956E+06   0.581938E+06   0.298190E-01
   0.203355E+00   0.106911E+07   0.106461E+07   0.125973E+01  -0.646808E+00   0.000000E+00   0.106842E+07   0.106842E+07   0.106842E+07  -0.253944E-01   0.560141E+06   0.560124E+06   0.285717E-01
   0.208718E+00   0.102636E+07   0.102176E+07   0.114795E+01  -0.589425E+00   0.000000E+00   0.102565E+07   0.102565E+07   0.102565E+07  -0.243779E-01   0.537720E+06   0.537702E+06   0.278178E-01
   0.214081E+00   0.984286E+06   0.979540E+06   0.104637E+01  -0.537273E+00   0.000000E+00   0.983552E+06   0.983552E+06   0.983552E+06  -0.233773E-01   0.515649E+06   0.515632E+06   0.272062E-01
   0.219443E+00   0.944654E+06   0.939800E+06   0.955703E+00  -0.490725E+00   0.000000E+00   0.943903E+06   0.943903E+06   0.943903E+06  -0.224349E-01   0.494863E+06   0.494845E+06   0.264573E-01
   0.224806E+00   0.908789E+06   0.903927E+06   0.876045E+00  -0.449827E+00   0.000000E+00   0.908036E+06   0.908036E+06   0.908036E+06  -0.215824E-01   0.476059E+06   0.476042E+06   0.254136E-01
   0.230169E+00   0.877339E+06   0.872593E+06   0.806771E+00  -0.414257E+00   0.000000E+00   0.876605E+06   0.876605E+06   0.876605E+06  -0.208353E-01   0.459580E+06   0.459564E+06   0.240508E-01
   0.235531E+00   0.850163E+06   0.845642E+06   0.746598E+00  -0.383358E+00   0.000000E+00   0.849464E+06   0.849464E+06   0.849464E+06  -0.201902E-01   0.445351E+06   0.445335E+06   0.224540E-01
   0.240894E+00   0.826459E+06   0.822232E+06   0.693851E+00  -0.356270E+00   0.000000E+00   0.825805E+06   0.825805E+06   0.825805E+06  -0.196279E-01   0.432947E+06   0.432932E+06   0.207722E-01
   0.246257E+00   0.805045E+06   0.801131E+06   0.646785E+00  -0.332100E+00   0.000000E+00   0.804440E+06   0.804440E+06   0.804440E+06  -0.191201E-01   0.421746E+06   0.421731E+06   0.191667E-01
   0.251620E+00   0.784651E+06   0.781016E+06   0.603839E+00  -0.310046E+00   0.000000E+00   0.784088E+06   0.784088E+06   0.784088E+06  -0.186364E-01   0.411076E+06   0.411062E+06   0.177663E-01
   0.256982E+00   0.764197E+06   0.760773E+06   0.563824E+00  -0.289498E+00   0.000000E+00   0.763667E+06   0.763667E+06   0.763667E+06  -0.181510E-01   0.400369E+06   0.400356E+06   0.166410E-01
   0.262345E+00   0.743088E+06   0.739794E+06   0.526069E+00  -0.270112E+00   0.000000E+00   0.742578E+06   0.742578E+06   0.742578E+06  -0.176497E-01   0.389313E+06   0.389300E+06   0.157961E-01
   0.267708E+00   0.721320E+06   0.718082E+06   0.490400E+00  -0.251799E+00   0.000000E+00   0.720819E+06   0.720819E+06   0.720819E+06  -0.171326E-01   0.377905E+06   0.377893E+06   0.151824E-01
   0.273070E+00   0.699313E+06   0.696078E+06   0.456937E+00  -0.234618E+00   0.000000E+00   0.698812E+06   0.698812E+06   0.698812E+06  -0.166095E-01   0.366368E+06   0.366356E+06   0.147177E-01
   0.278433E+00   0.677638E+06   0.674386E+06   0.425870E+00  -0.218669E+00   0.000000E+00   0.677135E+06   0.677135E+06   0.677135E+06  -0.160943E-01   0.355003E+06   0.354992E+06   0.143109E-01
   0.283796E+00   0.656878E+06   0.653619E+06   0.397358E+00  -0.204030E+00   0.000000E+00   0.656374E+06   0.656374E+06   0.656374E+06  -0.156008E-01   0.344119E+06   0.344107E+06   0.138857E-01
   0.289158E+00   0.637541E+06   0.634305E+06   0.371481E+00  -0.190744E+00   0.000000E+00   0.637040E+06   0.637040E+06   0.637040E+06  -0.151413E-01   0.333983E+06   0.333971E+06   0.133958E-01
   0.294521E+00   0.619929E+06   0.616758E+06   0.348182E+00  -0.178781E+00   0.000000E+00   0.619438E+06   0.619438E+06   0.619438E+06  -0.147229E-01   0.324755E+06   0.324743E+06   0.128294E-01
   0.299884E+00   0.604026E+06   0.600959E+06   0.327228E+00  -0.168021E+00   0.000000E+00   0.603552E+06   0.603552E+06   0.603552E+06  -0.143453E-01   0.316426E+06   0.316415E+06   0.122039E-01
   0.305246E+00   0.589538E+06   0.586599E+06   0.308260E+00  -0.158281E+00   0.000000E+00   0.589083E+06   0.589083E+06   0.589083E+06  -0.140014E-01   0.308840E+06   0.308830E+06   0.115552E-01
   0.310609E+00   0.576044E+06   0.573241E+06   0.290900E+00  -0.149366E+00   0.000000E+00   0.575610E+06   0.575610E+06   0.575610E+06  -0.136812E-01   0.301777E+06   0.301766E+06   0.109257E-01
   0.315972E+00   0.563126E+06   0.560450E+06   0.274810E+00  -0.141104E+00   0.000000E+00   0.562712E+06   0.562712E+06   0.562712E+06  -0.133746E-01   0.295014E+06   0.295004E+06   0.103518E-01
   0.321334E+00   0.550421E+06   0.547852E+06   0.259723E+00  -0.133357E+00   0.000000E+00   0.550024E+06   0.550024E+06   0.550024E+06  -0.130731E-01   0.288362E+06   0.288353E+06   0.985596E-02
   0.326697E+00   0.537686E+06   0.535193E+06   0.245454E+00  -0.126031E+00   0.000000E+00   0.537300E+06   0.537300E+06   0.537300E+06  -0.127707E-01   0.281691E+06   0.281682E+06   0.944289E-02
   0.332060E+00   0.524849E+06   0.522407E+06   0.231917E+00  -0.119080E+00   0.000000E+00   0.524471E+06   0.524471E+06   0.524471E+06  -0.124657E-01   0.274966E+06   0.274957E+06   0.910218E-02
   0.337423E+00   0.512019E+06   0.509606E+06   0.219111E+00  -0.112505E+00   0.000000E+00   0.511645E+06   0.511645E+06   0.511645E+06  -0.121609E-01   0.268242E+06   0.268233E+06   0.881329E-02
   0.342785E+00   0.499397E+06   0.497004E+06   0.207073E+00  -0.106324E+00   0.000000E+00   0.499026E+06   0.499026E+06   0.499026E+06  -0.118610E-01   0.261626E+06   0.261617E+06   0.855189E-02
   0.348148E+00   0.487194E+06   0.484822E+06   0.195835E+00  -0.100554E+00   0.000000E+00   0.486827E+06   0.486827E+06   0.486827E+06  -0.115710E-01   0.255230E+06   0.255221E+06   0.829595E-02
   0.353511E+00   0.475582E+06   0.473238E+06   0.185409E+00  -0.952013E-01   0.000000E+00   0.475219E+06   0.475219E+06   0.475219E+06  -0.112951E-01   0.249144E+06   0.249136E+06   0.803043E-02
   0.358873E+00   0.464667E+06   0.462365E+06   0.175780E+00  -0.902568E-01   0.000000E+00   0.464311E+06   0.464311E+06   0.464311E+06  -0.110358E-01   0.243425E+06   0.243417E+06   0.774941E-02
   0.364236E+00   0.454463E+06   0.452215E+06   0.166895E+00  -0.856947E-01   0.000000E+00   0.454115E+06   0.454115E+06   0.454115E+06  -0.107935E-01   0.238080E+06   0.238072E+06   0.745541E-02
   0.369599E+00   0.444892E+06   0.442708E+06   0.158674E+00  -0.814736E-01   0.000000E+00   0.444554E+06   0.444554E+06   0.444554E+06  -0.105663E-01   0.233068E+06   0.233060E+06   0.715684E-02
   0.374961E+00   0.435818E+06   0.433701E+06   0.151025E+00  -0.775457E-01   0.000000E+00   0.435490E+06   0.435490E+06   0.435490E+06  -0.103508E-01   0.228315E+06   0.228308E+06   0.686471E-02
   0.380324E+00   0.427094E+06   0.425042E+06   0.143859E+00  -0.738660E-01   0.000000E+00   0.426776E+06   0.426776E+06   0.426776E+06  -0.101437E-01   0.223747E+06   0.223740E+06   0.658945E-02
   0.385687E+00   0.418594E+06   0.416600E+06   0.137103E+00  -0.703971E-01   0.000000E+00   0.418285E+06   0.418285E+06   0.418285E+06  -0.994189E-02   0.219295E+06   0.219288E+06   0.633832E-02
   0.391049E+00   0.410219E+06   0.408274E+06   0.130701E+00  -0.671097E-01   0.000000E+00   0.409918E+06   0.409918E+06   0.409918E+06  -0.974302E-02   0.214909E+06   0.214902E+06   0.611395E-02
   0.396412E+00   0.401919E+06   0.400013E+06   0.124615E+00  -0.639848E-01   0.000000E+00   0.401624E+06   0.401624E+06   0.401624E+06  -0.954588E-02   0.210560E+06   0.210553E+06   0.591449E-02
   0.401775E+00   0.393704E+06   0.391829E+06   0.118831E+00  -0.610150E-01   0.000000E+00   0.393414E+06   0.393414E+06   0.393414E+06  -0.935075E-02   0.206256E+06   0.206249E+06   0.573488E-02
   0.407137E+00   0.385640E+06   0.383790E+06   0.113350E+00  -0.582008E-01   0.000000E+00   0.385353E+06   0.385353E+06   0.385353E+06  -0.915916E-02   0.202030E+06   0.202023E+06   0.556860E-02
   0.412500E+00   0.377797E+06   0.375973E+06   0.108175E+00  -0.555441E-01   0.000000E+00   0.377515E+06   0.377515E+06   0.377515E+06  -0.897285E-02   0.197921E+06   0.197914E+06   0.540919E-02
   0.417863E+00   0.370229E+06   0.368430E+06   0.103304E+00  -0.530431E-01   0.000000E+00   0.369951E+06   0.369951E+06   0.369951E+06  -0.879306E-02   0.193955E+06   0.193948E+06   0.525159E-02
   0.423226E+00   0.362965E+06   0.361195E+06   0.987269E-01  -0.506927E-01   0.000000E+00   0.362691E+06   0.362691E+06   0.362691E+06  -0.862051E-02   0.190149E+06   0.190142E+06   0.509307E-02
   0.428588E+00   0.356022E+06   0.354286E+06   0.944303E-01  -0.484866E-01   0.000000E+00   0.355753E+06   0.355753E+06   0.355753E+06  -0.845562E-02   0.186512E+06   0.186505E+06   0.493345E-02
   0.433951E+00   0.349395E+06   0.347695E+06   0.903963E-01  -0.464152E-01   0.000000E+00   0.349132E+06   0.349132E+06   0.349132E+06  -0.829823E-02   0.183040E+06   0.183034E+06   0.477447E-02
   0.439314E+00   0.343039E+06   0.341377E+06   0.865988E-01  -0.444653E-01   0.000000E+00   0.342782E+06   0.342782E+06   0.342782E+06  -0.814732E-02   0.179711E+06   0.179705E+06   0.461886E-02
   0.444676E+00   0.336894E+06   0.335270E+06   0.830089E-01  -0.426220E-01   0.000000E+00   0.336643E+06   0.336643E+06   0.336643E+06  -0.800140E-02   0.176493E+06   0.176487E+06   0.446940E-02
   0.450039E+00   0.330911E+06   0.329322E+06   0.796033E-01  -0.408733E-01   0.000000E+00   0.330665E+06   0.330665E+06   0.330665E+06  -0.785932E-02   0.173359E+06   0.173353E+06   0.432835E-02
   0.455402E+00   0.325062E+06   0.323505E+06   0.763656E-01  -0.392109E-01   0.000000E+00   0.324821E+06   0.324821E+06   0.324821E+06  -0.772041E-02   0.170295E+06   0.170289E+06   0.419691E-02
   0.460764E+00   0.319326E+06   0.317798E+06   0.732822E-01  -0.376276E-01   0.000000E+00   0.319090E+06   0.319090E+06   0.319090E+06  -0.758419E-02   0.167290E+06   0.167284E+06   0.407500E-02
   0.466127E+00   0.313689E+06   0.312186E+06   0.703415E-01  -0.361177E-01   0.000000E+00   0.313456E+06   0.313456E+06   0.313456E+06  -0.745030E-02   0.164337E+06   0.164331E+06   0.396138E-02
   0.471490E+00   0.308154E+06   0.306674E+06   0.675374E-01  -0.346779E-01   0.000000E+00   0.307925E+06   0.307925E+06   0.307925E+06  -0.731884E-02   0.161437E+06   0.161431E+06   0.385426E-02
   0.476852E+00   0.302748E+06   0.301290E+06   0.648684E-01  -0.333075E-01   0.000000E+00   0.302523E+06   0.302523E+06   0.302523E+06  -0.719042E-02   0.158604E+06   0.158599E+06   0.375176E-02
   0.482215E+00   0.297497E+06   0.296060E+06   0.623331E-01  -0.320057E-01   0.000000E+00   0.297274E+06   0.297274E+06   0.297274E+06  -0.706568E-02   0.155853E+06   0.155847E+06   0.365229E-02
   0.487578E+00   0.292408E+06   0.290993E+06   0.599265E-01  -0.307701E-01   0.000000E+00   0.292189E+06   0.292189E+06   0.292189E+06  -0.694481E-02   0.153187E+06   0.153181E+06   0.355471E-02
   0.492940E+00   0.287480E+06   0.286088E+06   0.576417E-01  -0.295969E-01   0.000000E+00   0.287265E+06   0.287265E+06   0.287265E+06  -0.682778E-02   0.150605E+06   0.150600E+06   0.345854E-02
   0.498303E+00   0.282713E+06   0.281345E+06   0.554723E-01  -0.284830E-01   0.000000E+00   0.282502E+06   0.282502E+06   0.282502E+06  -0.671456E-02   0.148108E+06   0.148103E+06   0.336398E-02
   0.503666E+00   0.278101E+06   0.276757E+06   0.534117E-01  -0.274249E-01   0.000000E+00   0.277893E+06   0.277893E+06   0.277893E+06  -0.660503E-02   0.145692E+06   0.145687E+06   0.327164E-02
   0.509028E+00   0.273628E+06   0.272307E+06   0.514510E-01  -0.264182E-01   0.000000E+00   0.273423E+06   0.273423E+06   0.273423E+06  -0.649878E-02   0.143348E+06   0.143343E+06   0.318224E-02
   0.514391E+00   0.269268E+06   0.267971E+06   0.495812E-01  -0.254581E-01   0.000000E+00   0.269068E+06   0.269068E+06   0.269068E+06  -0.639525E-02   0.141065E+06   0.141060E+06   0.309639E-02
   0.519754E+00   0.265007E+06   0.263732E+06   0.477949E-01  -0.245409E-01   0.000000E+00   0.264810E+06   0.264810E+06   0.264810E+06  -0.629405E-02   0.138832E+06   0.138828E+06   0.301448E-02
   0.525117E+00   0.260838E+06   0.259584E+06   0.460870E-01  -0.236640E-01   0.000000E+00   0.260644E+06   0.260644E+06   0.260644E+06  -0.619503E-02   0.136648E+06   0.136644E+06   0.293662E-02
   0.530479E+00   0.256756E+06   0.255522E+06   0.444532E-01  -0.228251E-01   0.000000E+00   0.256565E+06   0.256565E+06   0.256565E+06  -0.609809E-02   0.134510E+06   0.134505E+06   0.286260E-02
   0.535842E+00   0.252757E+06   0.251541E+06   0.428893E-01  -0.220221E-01   0.000000E+00   0.252569E+06   0.252569E+06   0.252569E+06  -0.600311E-02   0.132415E+06   0.132410E+06   0.279191E-02
   0.541205E+00   0.248841E+06   0.247643E+06   0.413922E-01  -0.212534E-01   0.000000E+00   0.248656E+06   0.248656E+06   0.248656E+06  -0.591011E-02   0.130364E+06   0.130359E+06   0.272398E-02
   0.546567E+00   0.245017E+06   0.243836E+06   0.399602E-01  -0.205181E-01   0.000000E+00   0.244834E+06   0.244834E+06   0.244834E+06  -0.581927E-02   0.128360E+06   0.128355E+06   0.265828E-02
   0.551930E+00   0.241290E+06   0.240126E+06   0.385914E-01  -0.198153E-01   0.000000E+00   0.241110E+06   0.241110E+06   0.241110E+06  -0.573076E-02   0.126407E+06   0.126403E+06   0.259442E-02
   0.557293E+00   0.237662E+06   0.236515E+06   0.372830E-01  -0.191435E-01   0.000000E+00   0.237484E+06   0.237484E+06   0.237484E+06  -0.564458E-02   0.124506E+06   0.124502E+06   0.253213E-02
   0.562655E+00   0.234126E+06   0.232996E+06   0.360316E-01  -0.185009E-01   0.000000E+00   0.233951E+06   0.233951E+06   0.233951E+06  -0.556061E-02   0.122654E+06   0.122650E+06   0.247130E-02
   0.568018E+00   0.230681E+06   0.229568E+06   0.348342E-01  -0.178861E-01   0.000000E+00   0.230509E+06   0.230509E+06   0.230509E+06  -0.547878E-02   0.120849E+06   0.120845E+06   0.241201E-02
   0.573381E+00   0.227324E+06   0.226228E+06   0.336882E-01  -0.172977E-01   0.000000E+00   0.227154E+06   0.227154E+06   0.227154E+06  -0.539905E-02   0.119091E+06   0.119087E+06   0.235441E-02
   0.578743E+00   0.224049E+06   0.222969E+06   0.325904E-01  -0.167340E-01   0.000000E+00   0.223882E+06   0.223882E+06   0.223882E+06  -0.532127E-02   0.117375E+06   0.117371E+06   0.229867E-02
   0.584106E+00   0.220846E+06   0.219783E+06   0.315374E-01  -0.161933E-01   0.000000E+00   0.220682E+06   0.220682E+06   0.220682E+06  -0.524521E-02   0.115697E+06   0.115693E+06   0.224487E-02
   0.589469E+00   0.217709E+06   0.216661E+06   0.305263E-01  -0.156741E-01   0.000000E+00   0.217547E+06   0.217547E+06   0.217547E+06  -0.517070E-02   0.114054E+06   0.114050E+06   0.219304E-02
   0.594832E+00   0.214637E+06   0.213604E+06   0.295554E-01  -0.151756E-01   0.000000E+00   0.214477E+06   0.214477E+06   0.214477E+06  -0.509774E-02   0.112445E+06   0.112441E+06   0.214316E-02
   0.600194E+00   0.211630E+06   0.210611E+06   0.286229E-01  -0.146968E-01   0.000000E+00   0.211473E+06   0.211473E+06   0.211473E+06  -0.502632E-02   0.110869E+06   0.110866E+06   0.209510E-02
   0.605557E+00   0.208685E+06   0.207680E+06   0.277268E-01  -0.142367E-01   0.000000E+00   0.208529E+06   0.208529E+06   0.208529E+06  -0.495637E-02   0.109326E+06   0.109323E+06   0.204869E-02
   0.610920E+00   0.205799E+06   0.204808E+06   0.268655E-01  -0.137944E-01   0.000000E+00   0.205646E+06   0.205646E+06   0.205646E+06  -0.488783E-02   0.107814E+06   0.107811E+06   0.200373E-02
   0.616282E+00   0.202975E+06   0.201997E+06   0.260376E-01  -0.133694E-01   0.000000E+00   0.202823E+06   0.202823E+06   0.202823E+06  -0.482075E-02   0.106335E+06   0.106331E+06   0.196007E-02
   0.621645E+00   0.200215E+06   0.199250E+06   0.252424E-01  -0.129610E-01   0.000000E+00   0.200066E+06   0.200066E+06   0.200066E+06  -0.475520E-02   0.104889E+06   0.104885E+06   0.191761E-02
   0.627008E+00   0.197518E+06   0.196566E+06   0.244782E-01  -0.125687E-01   0.000000E+00   0.197371E+06   0.197371E+06   0.197371E+06  -0.469115E-02   0.103476E+06   0.103472E+06   0.187627E-02
   0.680214E+00   0.173623E+06   0.172787E+06   0.182825E-01  -0.938740E-02   0.000000E+00   0.173494E+06   0.173494E+06   0.173494E+06  -0.412363E-02   0.909580E+05   0.909548E+05   0.152462E-02
   0.737935E+00   0.152481E+06   0.151746E+06   0.136426E-01  -0.700499E-02   0.000000E+00   0.152367E+06   0.152367E+06   0.152367E+06  -0.362149E-02   0.798818E+05   0.798791E+05   0.123890E-02
   0.800554E+00   0.133805E+06   0.133161E+06   0.101721E-01  -0.522300E-02   0.000000E+00   0.133705E+06   0.133705E+06   0.133705E+06  -0.317794E-02   0.700980E+05   0.700956E+05   0.100670E-02
   0.868486E+00   0.117324E+06   0.116759E+06   0.757843E-02  -0.389125E-02   0.000000E+00   0.117236E+06   0.117236E+06   0.117236E+06  -0.278650E-02   0.614638E+05   0.614617E+05   0.818019E-03
   0.942183E+00   0.102795E+06   0.102300E+06   0.564181E-02  -0.289687E-02   0.000000E+00   0.102718E+06   0.102718E+06   0.102718E+06  -0.244143E-02   0.538524E+05   0.538505E+05   0.664821E-03
   0.101542E+01   0.909766E+05   0.905386E+05   0.429888E-02  -0.220732E-02   0.000000E+00   0.909088E+05   0.909088E+05   0.909088E+05  -0.216074E-02   0.476610E+05   0.476593E+05   0.549627E-03
   0.126811E+01   0.630925E+05   0.627887E+05   0.191153E-02  -0.981510E-03   0.000000E+00   0.630455E+05   0.630455E+05   0.630455E+05  -0.149848E-02   0.330530E+05   0.330518E+05   0.313500E-03
   0.158368E+01   0.435494E+05   0.433396E+05   0.845990E-03  -0.434390E-03   0.000000E+00   0.435169E+05   0.435169E+05   0.435169E+05  -0.103432E-02   0.228147E+05   0.228139E+05   0.180450E-03
   0.197777E+01   0.299321E+05   0.297878E+05   0.372819E-03  -0.191433E-03   0.000000E+00   0.299097E+05   0.299097E+05   0.299097E+05  -0.710901E-03   0.156809E+05   0.156802E+05   0.105488E-03
   0.246994E+01   0.204935E+05   0.203946E+05   0.163664E-03  -0.840383E-04   0.000000E+00   0.204782E+05   0.204782E+05   0.204782E+05  -0.486730E-03   0.107362E+05   0.107357E+05   0.631202E-04
   0.308458E+01   0.139821E+05   0.139145E+05   0.715953E-04  -0.367635E-04   0.000000E+00   0.139716E+05   0.139716E+05   0.139716E+05  -0.332080E-03   0.732496E+04   0.732460E+04   0.389927E-04
   0.385217E+01   0.950908E+04   0.946299E+04   0.312193E-04  -0.160313E-04   0.000000E+00   0.950195E+04   0.950195E+04   0.950195E+04  -0.225844E-03   0.498163E+04   0.498134E+04   0.250656E-04
   0.481078E+01   0.644816E+04   0.641676E+04   0.135733E-04  -0.697032E-05   0.000000E+00   0.644330E+04   0.644330E+04   0.644330E+04  -0.153146E-03   0.337806E+04   0.337782E+04   0.168554E-04
   0.600794E+01   0.436083E+04   0.433946E+04   0.588545E-05  -0.302259E-05   0.000000E+00   0.435753E+04   0.435753E+04   0.435753E+04  -0.103571E-03   0.228455E+04   0.228434E+04   0.118688E-04
   0.750301E+01   0.294194E+04   0.292736E+04   0.254560E-05  -0.130750E-05   0.000000E+00   0.293968E+04   0.293968E+04   0.293968E+04  -0.698710E-04   0.154122E+04   0.154102E+04   0.872093E-05
   0.937012E+01   0.198021E+04   0.197023E+04   0.109849E-05  -0.564322E-06   0.000000E+00   0.197867E+04   0.197867E+04   0.197867E+04  -0.470294E-04   0.103739E+04   0.103720E+04   0.664147E-05
   0.117019E+02   0.133008E+04   0.132320E+04   0.473001E-06  -0.243061E-06   0.000000E+00   0.132902E+04   0.132902E+04   0.132902E+04  -0.315883E-04   0.696791E+03   0.696609E+03   0.520006E-05
   0.146139E+02   0.891646E+03   0.886853E+03   0.203250E-06  -0.104491E-06   0.000000E+00   0.890904E+03   0.890904E+03   0.890904E+03  -0.211752E-04   0.467103E+03   0.466921E+03   0.415387E-05
   0.182505E+02   0.596637E+03   0.593240E+03   0.871630E-07  -0.448416E-07   0.000000E+00   0.596112E+03   0.596112E+03   0.596112E+03  -0.141685E-04   0.312552E+03   0.312368E+03   0.336372E-05
   0.227921E+02   0.398543E+03   0.396076E+03   0.373053E-07  -0.192128E-07   0.000000E+00   0.398161E+03   0.398161E+03   0.398161E+03  -0.946358E-05   0.208773E+03   0.208586E+03   0.274783E-05
   0.284639E+02   0.265777E+03   0.263926E+03   0.159336E-07  -0.821989E-08   0.000000E+00   0.265490E+03   0.265490E+03   0.265490E+03  -0.631023E-05   0.139219E+03   0.139026E+03   0.225642E-05
   0.355471E+02   0.176951E+03   0.175505E+03   0.679019E-08  -0.351218E-08   0.000000E+00   0.176727E+03   0.176727E+03   0.176727E+03  -0.420048E-05   0.926835E+02   0.924856E+02   0.185783E-05
   0.443930E+02   0.117618E+03   0.116436E+03   0.288616E-08  -0.149897E-08   0.000000E+00   0.117435E+03   0.117435E+03   0.117435E+03  -0.279123E-05   0.615997E+02   0.613960E+02   0.153086E-05
   0.554402E+02   0.780460E+02   0.770340E+02   0.122282E-08  -0.639152E-09   0.000000E+00   0.778894E+02   0.778894E+02   0.778894E+02  -0.185129E-05   0.408679E+02   0.406584E+02   0.126052E-05
   0.692364E+02   0.516897E+02   0.507854E+02   0.515909E-09  -0.272340E-09   0.000000E+00   0.515498E+02   0.515498E+02   0.515498E+02  -0.122525E-05   0.270597E+02   0.268448E+02   0.103568E-05
   0.864658E+02   0.341584E+02   0.333214E+02   0.216396E-09  -0.115998E-09   0.000000E+00   0.340289E+02   0.340289E+02   0.340289E+02  -0.808806E-06   0.178748E+02   0.176551E+02   0.847722E-06
   0.107983E+03   0.225112E+02   0.217167E+02   0.900116E-10  -0.494075E-10   0.000000E+00   0.223883E+02   0.223883E+02   0.223883E+02  -0.532130E-06   0.117726E+02   0.115494E+02   0.689747E-06
   0.134854E+03   0.147826E+02   0.140168E+02   0.369851E-10  -0.210544E-10   0.000000E+00   0.146641E+02   0.146641E+02   0.146641E+02  -0.348540E-06   0.772342E+01   0.749858E+01   0.556150E-06
   0.168412E+03   0.966060E+01   0.891892E+01   0.149233E-10  -0.898064E-11   0.000000E+00   0.954586E+01   0.954586E+01   0.954586E+01  -0.226888E-06   0.503998E+01   0.481664E+01   0.442358E-06
   0.210322E+03   0.627161E+01   0.555725E+01   0.586145E-11  -0.383533E-11   0.000000E+00   0.616110E+01   0.616110E+01   0.616110E+01  -0.146438E-06   0.326472E+01   0.304735E+01   0.344753E-06
   0.262660E+03   0.403488E+01   0.335847E+01   0.221330E-11  -0.163921E-11   0.000000E+00   0.393024E+01   0.393024E+01   0.393024E+01  -0.934147E-07   0.209353E+01   0.188825E+01   0.260711E-06
   0.328022E+03   0.256520E+01   0.194391E+01   0.790494E-12  -0.699701E-12   0.000000E+00   0.246908E+01   0.246908E+01   0.246908E+01  -0.586856E-07   0.132474E+01   0.113914E+01   0.188743E-06
