#           k/h    P           
   0.104501E-04   0.495834E+02
   0.127096E-04   0.599384E+02
   0.154576E-04   0.724558E+02
   0.187998E-04   0.875873E+02
   0.228647E-04   0.105879E+03
   0.278084E-04   0.127990E+03
   0.338210E-04   0.154718E+03
   0.411337E-04   0.187027E+03
   0.500274E-04   0.226081E+03
   0.608442E-04   0.273288E+03
   0.739997E-04   0.330347E+03
   0.899996E-04   0.399310E+03
   0.109459E-03   0.482656E+03
   0.133126E-03   0.583372E+03
   0.161910E-03   0.705056E+03
   0.196917E-03   0.852038E+03
   0.239494E-03   0.102951E+04
   0.291277E-03   0.124370E+04
   0.354256E-03   0.150199E+04
   0.430851E-03   0.181317E+04
   0.524009E-03   0.218752E+04
   0.637308E-03   0.263705E+04
   0.775104E-03   0.317557E+04
   0.942694E-03   0.381873E+04
   0.114652E-02   0.458390E+04
   0.139442E-02   0.548972E+04
   0.169591E-02   0.655526E+04
   0.206260E-02   0.779859E+04
   0.250856E-02   0.923466E+04
   0.305096E-02   0.108722E+05
   0.371062E-02   0.127099E+05
   0.451292E-02   0.147310E+05
   0.548869E-02   0.168968E+05
   0.667543E-02   0.191396E+05
   0.811877E-02   0.213547E+05
   0.987418E-02   0.233979E+05
   0.120091E-01   0.250614E+05
   0.146057E-01   0.261260E+05
   0.177637E-01   0.262959E+05
   0.216045E-01   0.253745E+05
   0.259254E-01   0.234490E+05
   0.302463E-01   0.211488E+05
   0.345672E-01   0.188784E+05
   0.388881E-01   0.168755E+05
   0.432090E-01   0.152410E+05
   0.475299E-01   0.139694E+05
   0.518508E-01   0.130336E+05
   0.561717E-01   0.123116E+05
   0.604926E-01   0.117191E+05
   0.648135E-01   0.111646E+05
   0.691344E-01   0.105856E+05
   0.734553E-01   0.994817E+04
   0.777762E-01   0.925322E+04
   0.820971E-01   0.852515E+04
   0.864180E-01   0.780407E+04
   0.907389E-01   0.712802E+04
   0.961016E-01   0.639681E+04
   0.101464E+00   0.581779E+04
   0.106827E+00   0.539468E+04
   0.112190E+00   0.509772E+04
   0.117552E+00   0.487840E+04
   0.122915E+00   0.468819E+04
   0.128278E+00   0.448902E+04
   0.133640E+00   0.425813E+04
   0.139003E+00   0.399197E+04
   0.144366E+00   0.370427E+04
   0.149728E+00   0.341697E+04
   0.155091E+00   0.315159E+04
   0.160454E+00   0.292484E+04
   0.165817E+00   0.274515E+04
   0.171179E+00   0.260997E+04
   0.176542E+00   0.250792E+04
   0.181905E+00   0.242442E+04
   0.187267E+00   0.234610E+04
   0.192630E+00   0.226246E+04
   0.197993E+00   0.216733E+04
   0.203355E+00   0.206056E+04
   0.208718E+00   0.194740E+04
   0.214081E+00   0.183538E+04
   0.219443E+00   0.173140E+04
   0.224806E+00   0.164024E+04
   0.230169E+00   0.156397E+04
   0.235531E+00   0.150177E+04
   0.240894E+00   0.145058E+04
   0.246257E+00   0.140617E+04
   0.251620E+00   0.136410E+04
   0.256982E+00   0.132069E+04
   0.262345E+00   0.127399E+04
   0.267708E+00   0.122419E+04
   0.273070E+00   0.117291E+04
   0.278433E+00   0.112222E+04
   0.283796E+00   0.107413E+04
   0.289158E+00   0.103030E+04
   0.294521E+00   0.991655E+03
   0.299884E+00   0.958047E+03
   0.305246E+00   0.928473E+03
   0.310609E+00   0.901575E+03
   0.315972E+00   0.876031E+03
   0.321334E+00   0.850732E+03
   0.326697E+00   0.824951E+03
   0.332060E+00   0.798526E+03
   0.337423E+00   0.771836E+03
   0.342785E+00   0.745537E+03
   0.348148E+00   0.720283E+03
   0.353511E+00   0.696586E+03
   0.358873E+00   0.674745E+03
   0.364236E+00   0.654781E+03
   0.369599E+00   0.636449E+03
   0.374961E+00   0.619344E+03
   0.380324E+00   0.603049E+03
   0.385687E+00   0.587203E+03
   0.391049E+00   0.571542E+03
   0.396412E+00   0.555935E+03
   0.401775E+00   0.540431E+03
   0.407137E+00   0.525216E+03
   0.412500E+00   0.510498E+03
   0.417863E+00   0.496419E+03
   0.423226E+00   0.483059E+03
   0.428588E+00   0.470461E+03
   0.433951E+00   0.458603E+03
   0.439314E+00   0.447366E+03
   0.444676E+00   0.436588E+03
   0.450039E+00   0.426141E+03
   0.455402E+00   0.415957E+03
   0.460764E+00   0.405988E+03
   0.466127E+00   0.396197E+03
   0.471490E+00   0.386599E+03
   0.476852E+00   0.377264E+03
   0.482215E+00   0.368256E+03
   0.487578E+00   0.359597E+03
   0.492940E+00   0.351283E+03
   0.498303E+00   0.343310E+03
   0.503666E+00   0.335665E+03
   0.509028E+00   0.328305E+03
   0.514391E+00   0.321173E+03
   0.519754E+00   0.314231E+03
   0.525117E+00   0.307464E+03
   0.530479E+00   0.300864E+03
   0.535842E+00   0.294420E+03
   0.541205E+00   0.288135E+03
   0.546567E+00   0.282027E+03
   0.551930E+00   0.276113E+03
   0.557293E+00   0.270392E+03
   0.562655E+00   0.264854E+03
   0.568018E+00   0.259490E+03
   0.573381E+00   0.254298E+03
   0.578743E+00   0.249262E+03
   0.584106E+00   0.244361E+03
   0.589469E+00   0.239580E+03
   0.594832E+00   0.234919E+03
   0.600194E+00   0.230378E+03
   0.605557E+00   0.225949E+03
   0.610920E+00   0.221628E+03
   0.616282E+00   0.217420E+03
   0.621645E+00   0.213331E+03
   0.627008E+00   0.209357E+03
   0.680214E+00   0.175051E+03
   0.737935E+00   0.146101E+03
   0.800554E+00   0.121742E+03
   0.868486E+00   0.101284E+03
   0.942183E+00   0.841367E+02
   0.101542E+01   0.708604E+02
   0.126811E+01   0.422678E+02
   0.158368E+01   0.249763E+02
   0.197777E+01   0.146335E+02
   0.246994E+01   0.850780E+01
   0.308458E+01   0.491178E+01
   0.385217E+01   0.281762E+01
   0.481078E+01   0.160688E+01
   0.600794E+01   0.911504E+00
   0.750301E+01   0.514506E+00
   0.937012E+01   0.289099E+00
   0.117019E+02   0.161760E+00
   0.146139E+02   0.901538E-01
   0.182505E+02   0.500597E-01
   0.227921E+02   0.276988E-01
   0.284639E+02   0.152740E-01
   0.355471E+02   0.839403E-02
   0.443930E+02   0.459699E-02
   0.554402E+02   0.250810E-02
   0.692364E+02   0.136255E-02
   0.864658E+02   0.736384E-03
   0.107983E+03   0.395333E-03
   0.134854E+03   0.210350E-03
   0.168412E+03   0.110553E-03
   0.210322E+03   0.571174E-04
   0.262660E+03   0.288271E-04
   0.328022E+03   0.141106E-04
